5000
2.52885
2.19337
2.644
2.54495
2.52626
2.81064
2.28364
2.96711
2.43046
2.61088
2.72602
2.65724
2.66272
1.99718
2.12927
2.44839
2.4643
1.82759
2.97496
2.10693
2.21634
2.32871
2.01305
1.60037
1.59826
2.36539
2.3941
2.40996
2.32504
1.93758
3.16959
1.83742
1.59101
2.52919
2.97454
2.07261
2.35874
2.16646
2.22687
2.86607
2.69029
2.55037
2.26631
1.84417
1.95286
2.23042
2.64397
2.55064
2.44266
2.79227
2.92301
2.36922
2.62089
3.15497
1.87066
2.41018
2.25898
2.4981
2.85406
2.10902
3.5129
2.972
2.34952
2.4332
1.94601
2.48199
2.73536
2.41688
2.1846
2.29757
2.75386
2.03914
2.52743
2.46294
2.4448
2.71112
2.4307
2.15693
2.66939
2.64819
2.06234
2.67771
2.19754
2.8505
2.68279
2.99928
2.53531
2.7973
2.56479
2.70381
2.58995
2.55616
3.16394
2.16239
2.36335
2.57174
2.90441
2.59881
3.04988
1.94452
1.99813
1.49481
2.59602
2.23859
3.01267
2.2414
2.83994
2.7477
2.50383
2.50394
2.07946
3.02355
2.45173
2.49724
2.61565
2.08585
2.99864
1.88147
2.09159
2.76147
2.61774
2.65237
2.50635
2.42094
3.17172
2.87602
2.42531
2.79567
2.77632
3.0559
1.64283
1.98876
2.63679
1.98625
2.41034
1.64
2.68149
2.64144
2.75783
2.55555
2.08702
2.51754
2.37294
2.54204
2.63018
1.78081
3.34427
2.64323
2.78758
2.2294
2.51223
2.09478
2.33211
2.75364
2.63825
2.76215
3.02171
2.81627
2.93098
2.70269
3.12636
2.03236
2.57472
2.26792
2.33072
2.82637
2.85705
2.23513
2.41401
1.64689
2.71368
2.49321
2.4062
2.49572
2.96769
2.67806
2.44379
2.30211
2.06593
2.63747
2.91802
2.83701
2.34349
2.82872
3.28407
2.24137
2.30653
2.22565
1.91951
2.00189
2.31603
2.85294
2.58999
2.37079
2.65871
3.05944
2.1599
2.70756
2.21908
1.54063
3.08246
2.88323
2.18884
2.55828
1.95781
1.67557
2.43231
2.40703
2.7798
2.49906
1.72082
2.32768
2.61685
2.96346
2.72601
2.4147
3.3611
2.84182
2.79371
2.00355
2.58236
2.57971
2.32065
2.84782
2.24453
2.59654
2.68762
2.5316
2.0823
1.39985
3.11843
3.25104
2.71698
2.83131
2.78751
2.35718
3.34253
2.65684
2.30871
2.65504
2.11762
3.67884
2.15817
2.72745
2.53999
2.50994
2.96717
2.56692
2.83882
1.74959
2.0374
2.12685
2.58358
2.39202
3.09078
2.0284
2.33665
3.07597
2.65727
2.41051
2.74475
2.2764
2.09384
3.24645
2.39998
2.05433
2.68462
2.62411
2.52137
2.82026
2.34853
2.11815
3.1729
2.54547
2.58089
2.82721
2.20132
3.06979
2.26202
2.84063
2.09387
3.18208
2.48778
3.00226
1.9107
2.35283
2.00203
2.23968
2.67321
2.2354
2.94884
2.7115
2.15584
2.01393
1.92122
2.02989
2.89267
2.85423
2.82886
2.59607
2.1491
2.55345
2.56642
2.41375
2.34226
2.89666
2.91795
2.42179
2.55493
2.67491
2.48016
2.48856
2.95002
2.82323
3.00698
2.6553
2.36853
3.01323
2.86523
3.08047
2.88235
2.1559
2.00615
2.61246
3.23113
2.68518
2.4577
2.63921
2.58115
3.0788
2.48904
2.41394
2.6756
2.67222
2.63459
2.86442
2.55996
2.53962
2.26437
2.86939
2.17065
1.94599
2.28021
2.5519
2.30685
1.979
2.47893
2.7799
2.71565
2.49023
2.50123
2.44895
3.37426
2.3008
2.41437
1.73941
2.17358
2.174
2.55135
2.63417
2.6712
2.13017
2.71981
3.2788
2.26905
2.58469
2.29515
2.15397
2.72325
2.46413
1.55123
2.19955
2.99219
2.26878
2.04864
2.14984
3.07137
2.97431
1.41729
2.2095
1.73836
2.96927
2.98365
2.45951
2.66615
2.78708
3.19337
1.4517
2.71247
2.64065
1.97306
1.96947
2.29875
2.54609
2.5213
2.51158
2.24889
2.16479
1.80489
2.78327
2.72752
2.57643
1.90269
2.24864
3.28782
1.62187
2.10099
2.93554
1.7518
2.39848
2.0076
2.70833
3.16474
2.72532
3.10196
1.46011
2.10114
2.55581
2.13896
2.10865
2.77097
2.15858
1.69635
1.92635
2.51014
2.74957
2.46896
2.59788
1.55523
2.70109
2.31435
3.15246
2.23726
3.14246
3.08308
2.02834
2.60018
2.26223
2.69876
3.25515
3.22326
2.78844
2.05531
3.34401
2.94757
2.19433
2.4632
2.88074
2.44187
2.18371
1.96308
2.02788
1.59532
1.76602
2.48768
2.84227
2.78443
1.83525
2.28509
2.12493
2.29566
2.80218
3.02403
2.31458
2.12068
2.41967
2.40192
2.82588
2.38006
2.22683
2.32061
1.82895
1.80327
2.2551
2.12329
2.60462
2.99464
2.27678
2.41305
2.43474
2.0723
2.00577
2.28185
2.31587
2.62325
2.17123
2.4092
2.48546
2.66371
2.76168
2.24912
3.1227
2.59218
2.46768
2.92198
2.12201
3.06051
2.86748
2.17527
2.77224
2.44429
2.89177
2.85644
2.20367
2.18316
2.29415
2.8963
3.0267
1.99728
2.4826
2.9029
2.81862
2.77783
2.86477
2.49702
2.95056
3.19288
2.54922
2.83241
2.86035
2.39143
2.65929
2.09496
2.54684
2.42912
2.91452
3.03934
2.15225
2.54902
2.6966
2.85266
2.46386
2.57401
2.59107
2.86141
2.41476
2.45856
2.52179
1.98305
2.13243
2.55828
2.78212
3.33251
3.3678
3.38942
2.40821
2.52402
2.43277
2.95113
1.46355
3.05433
2.53441
3.13966
2.8749
2.74682
2.28362
2.67475
2.04992
2.33915
2.9729
2.49123
2.16438
3.14564
3.11102
2.78081
2.45853
2.29406
2.58584
2.66728
2.36216
2.68117
2.4717
2.6482
2.90713
2.9248
2.5615
2.34922
2.81543
2.61938
2.98619
2.64744
2.34908
2.48871
2.70348
1.78411
3.0995
2.98456
2.15829
3.51468
2.55045
2.46896
2.83176
2.57111
2.36189
3.15925
3.17374
2.58508
2.686
2.31662
2.5953
2.75606
3.11295
2.21547
2.21798
2.44631
2.71635
2.68398
2.82028
2.1337
2.43759
2.63781
2.86187
2.53213
2.16807
2.70397
2.55464
2.24883
2.62122
2.12936
2.44061
2.82237
1.96029
2.6969
3.19
2.17187
2.16923
2.7512
2.85658
1.91764
2.93359
3.1167
2.37264
3.27388
2.72383
2.64438
3.51851
2.29007
2.47317
2.88411
2.96406
2.57476
2.59307
2.21465
2.26779
2.42425
1.97859
3.22925
2.22547
2.68847
2.03053
2.59256
3.2614
1.99822
1.92788
2.74229
2.6761
2.24871
2.69345
2.65474
2.94701
2.66068
2.52164
2.60601
2.11435
2.6891
3.12595
3.05981
3.28023
1.96019
2.70708
2.77807
2.66872
2.56647
2.70805
2.16627
2.16214
2.3179
3.15575
2.24567
2.65431
2.59573
3.08605
2.94715
2.6124
2.51032
2.46602
2.14545
2.14832
2.3961
2.98001
2.4535
2.23373
2.53686
3.53292
2.90485
2.62758
2.25009
2.77224
2.10753
2.58344
1.93117
2.42648
2.84703
1.8251
2.26996
2.60375
2.5419
1.83637
3.23279
2.30901
2.88591
2.77164
1.66912
2.51335
3.31832
2.40749
2.51462
2.31684
2.80047
2.72066
3.01519
2.49377
2.18545
2.05632
2.47404
2.04378
1.9534
3.10599
2.4332
3.41152
1.80799
2.40045
2.61968
2.72981
3.02928
2.01265
2.31596
2.59814
2.12458
2.68293
2.96084
2.79108
2.82608
1.9312
2.96442
3.20642
3.16761
2.67662
2.81529
1.83897
2.02436
1.98085
2.44176
2.524
1.72904
2.66484
2.75206
2.83171
3.06092
2.719
2.55802
2.31376
3.10122
2.57177
2.62321
1.67227
2.4428
2.54413
2.78838
1.82827
3.33308
2.6472
2.30003
2.46802
2.57154
2.247
2.54261
2.08656
2.55472
2.63436
2.71341
2.81076
2.52204
2.59979
2.46177
2.81611
2.5686
2.80314
2.02096
1.76698
2.95724
2.34323
2.14903
2.55231
3.29155
1.87041
2.80028
1.90272
2.4614
2.57842
2.80463
1.84744
2.39993
3.04971
1.93051
3.49831
1.9152
2.81133
1.8129
2.7137
2.39259
1.74743
2.81565
2.84085
2.44245
1.75303
2.92571
2.18341
2.82003
3.35267
1.89156
2.4947
1.78382
2.73562
2.62579
1.70161
2.28841
2.45607
2.63475
2.2719
2.41385
2.60504
2.51759
2.65579
2.53812
2.56079
2.97896
2.80349
2.17031
2.96649
2.31323
2.15435
2.1105
2.50688
2.60001
2.5258
2.43254
2.58825
2.60703
2.55668
2.8154
2.83062
2.03724
2.35682
2.97427
2.76306
2.43305
2.92835
2.71689
2.2544
2.89408
2.67687
1.98923
2.13009
2.74758
2.44298
3.61552
2.4738
1.45716
2.02241
2.78663
2.30904
2.66082
2.51637
3.2566
2.26927
2.20871
2.78926
2.04558
2.66387
2.42882
2.50218
2.30916
2.79153
2.78617
1.60885
2.19399
1.94166
2.30889
2.81119
2.47023
2.21257
1.46859
1.95733
2.39582
2.14786
2.30126
2.14158
2.28118
2.68127
2.82388
2.95899
2.28365
2.31709
2.33183
2.56473
2.89801
2.61013
2.79233
2.66158
2.40825
2.74744
1.82543
1.87054
1.94898
1.68395
2.58464
3.16201
1.91143
2.48811
3.04702
2.36969
2.65135
2.59925
3.26034
3.02473
2.08666
2.7377
2.18247
2.368
1.86846
2.49834
2.2347
2.56102
2.41185
2.10158
2.38156
2.36566
3.01823
2.32451
2.13191
3.06096
2.34496
2.11066
2.78123
2.73986
2.55646
2.14285
2.56835
3.01125
3.02504
2.02233
2.25195
3.02577
2.1655
2.37799
2.55378
3.38243
2.33418
2.70355
2.30113
2.46765
2.24057
2.91152
2.72966
2.00069
3.36263
2.67201
3.05882
2.67011
2.42334
3.04858
2.42103
2.13828
2.65974
2.13389
2.53904
2.48406
2.58219
2.89292
2.0944
2.30393
2.67208
2.04059
2.23932
2.53754
2.50513
2.84117
2.18736
2.39463
3.10139
2.57646
2.20419
2.29015
2.57214
2.86777
2.30594
2.69281
2.68223
2.03458
2.56736
1.61268
2.07154
1.93502
2.43603
2.74848
2.46594
1.91305
2.52712
2.34285
2.41153
2.48245
3.12512
2.79286
1.81504
3.08607
2.80795
1.84224
2.08643
2.55976
2.43029
2.25535
2.30401
2.94607
2.82596
2.41967
2.48379
2.71928
2.37824
2.45126
3.09842
2.54031
3.17577
2.92627
2.74096
2.66851
2.01531
2.06981
2.5166
1.85407
2.64691
3.18577
2.6095
1.96158
2.40968
2.70287
2.70934
2.02807
2.53109
2.35726
2.67169
2.32375
1.78176
2.15084
2.38362
2.36718
2.78523
1.63285
2.046
2.23233
1.56631
2.09391
2.43462
2.91703
2.29691
2.27021
2.59984
2.17439
2.3424
2.19899
2.66431
2.51614
2.31238
2.63115
2.32285
2.32842
2.30266
2.62028
2.77489
2.32044
2.56986
2.85012
2.4309
2.43179
3.11289
2.7277
2.6959
2.51697
2.52758
2.92204
1.83677
2.51169
2.03598
2.31604
2.27835
1.87264
2.4406
2.42487
1.66688
2.01622
2.17435
3.02239
1.91932
2.38613
2.60918
3.34994
2.82684
1.13796
2.78828
2.75769
2.96118
2.47267
3.33385
2.81705
2.78958
2.3174
2.23938
2.55108
3.03314
2.1905
1.97664
2.64888
3.3136
2.53196
2.0047
2.55343
3.0817
2.80214
1.51247
2.69811
2.84184
2.87357
2.26205
2.35393
2.67747
2.31876
2.27464
2.09975
1.51409
2.16666
2.14858
2.49136
1.77854
2.19844
2.10928
3.19515
2.06711
2.95979
2.52329
2.78134
2.70468
2.93133
3.07121
2.44001
2.50351
2.69176
2.47027
2.17794
3.11894
2.53334
3.36097
2.33937
1.95368
2.09133
2.09331
2.34867
3.28854
1.63099
2.2631
1.89459
1.93937
2.52996
2.35792
1.89091
3.13468
2.46708
2.6566
2.75559
2.71492
2.33608
2.50762
2.50825
1.89214
2.52515
1.91849
2.6598
3.03346
2.58369
2.2929
2.34769
3.04178
2.73872
2.38569
2.78723
2.89452
2.01547
2.47366
1.79142
2.67667
2.93686
2.62449
2.38557
2.9021
2.43167
2.40844
2.54948
1.9915
2.14954
1.96792
2.40342
2.93703
3.62496
2.77122
1.68011
2.86109
2.35055
2.95325
2.20768
2.73423
2.50082
2.13766
1.85474
1.53138
2.74325
2.26594
2.41146
2.90658
1.85451
2.33965
2.84191
2.71561
1.80293
2.39928
3.14061
2.87169
3.0144
2.71437
2.55297
2.4665
3.46967
2.28021
2.33102
2.81123
2.68064
2.37188
2.57868
2.38265
2.64926
2.90393
1.74406
2.55751
2.54051
2.12058
3.19146
2.81665
1.56099
2.66885
2.81567
1.92662
2.59044
3.14298
2.65133
2.42309
2.3266
2.35106
2.91634
2.39688
2.46314
2.58716
2.79601
2.62756
2.05017
2.6214
2.48657
2.81194
2.35495
2.80881
2.68609
2.64045
2.42196
2.45186
2.36444
3.26351
2.01307
2.36934
2.36275
1.9753
1.91817
3.34302
2.51899
2.4398
2.19378
2.62951
3.22461
2.59119
2.26384
3.0256
3.4492
2.59852
2.62278
2.69183
3.19866
1.81772
2.28118
2.10944
2.73678
1.97584
2.66666
1.77593
3.18658
2.45236
2.83965
2.19223
2.73595
2.30681
2.35567
2.23031
2.62397
2.06822
2.62741
1.99494
2.7523
2.46723
2.87995
3.17671
2.44333
2.65422
2.25884
2.80455
2.41284
2.21061
2.85735
2.4249
2.23752
2.62425
2.88775
3.1192
2.63131
2.63825
2.30304
2.13305
2.3606
2.32022
1.70616
2.28616
1.5438
2.40033
2.39198
2.62737
2.50569
3.19525
2.62639
2.56187
3.01883
2.5035
2.30299
2.76325
2.84369
2.48258
2.65645
2.67831
1.82769
1.88441
3.01072
2.85107
2.32205
2.35115
2.15085
1.40768
1.79711
1.93969
2.25533
2.51846
2.70059
1.69572
2.98836
2.95602
1.70357
2.22054
2.84326
2.6114
2.34221
3.75839
2.69007
2.89121
2.81538
1.80751
1.8921
2.47809
2.33411
2.28763
2.36312
3.13695
2.3413
2.48479
2.7419
2.28786
2.78391
2.86146
2.63268
2.97167
1.85937
2.62775
2.43304
2.18265
2.923
2.23762
3.16622
2.08999
2.84332
2.61067
2.66451
2.12916
2.42972
2.42334
2.22959
3.31797
2.6913
2.91128
2.69172
1.81393
2.22307
2.15374
2.91561
2.50955
2.83556
2.3113
2.3864
2.17961
2.50452
2.94029
2.38026
2.53623
2.61779
1.61367
2.70492
3.23355
2.21236
1.86186
2.32195
2.49969
2.44973
2.08769
2.10722
2.55469
2.94412
2.51516
2.09242
2.43914
1.94033
2.46352
2.19742
3.07986
2.53208
2.69165
2.33585
2.81853
2.1629
2.07202
2.63026
2.61834
2.82178
2.3694
2.01491
2.65305
1.62409
2.5739
2.7551
2.49319
2.79041
2.28947
2.45077
3.17538
2.27838
2.40797
2.91841
1.88902
2.10686
1.79122
2.04329
1.60733
2.51992
2.66733
2.70937
2.3156
3.05241
2.52784
2.54027
2.3078
2.98578
2.35335
2.61017
2.58028
2.94344
1.94288
2.44024
2.95144
1.98398
3.39983
1.50588
3.27114
2.572
2.82719
2.08132
2.63428
2.72285
1.40844
2.43863
1.95081
2.04937
2.0641
1.85305
2.44521
3.14151
2.3132
2.47723
2.36017
2.15201
3.0574
1.61711
2.21704
2.33975
2.5626
2.41207
2.74667
2.75352
1.96393
2.97412
1.89734
2.01197
2.90564
3.20097
2.41132
3.00281
2.71483
1.92331
2.0295
2.32662
1.97818
2.41176
2.98384
2.66871
2.97312
1.71699
2.37313
1.66742
2.63474
2.98746
2.23948
2.53475
2.73823
2.88298
2.96891
2.13264
2.4563
2.56287
2.73525
2.8015
2.29681
2.39632
2.66728
2.39273
2.32515
1.82952
2.7339
2.60777
2.82449
1.92612
2.41411
2.51462
2.86182
2.53012
1.38977
2.26408
2.98688
2.79229
2.85724
2.42705
2.76111
3.03658
2.2922
3.24852
2.30404
2.60259
1.67878
2.85425
2.22624
3.16419
2.73457
2.43174
3.11259
2.05684
2.37598
2.63505
2.65155
2.33422
2.19282
2.57841
1.35384
2.2445
3.39598
2.61416
2.42379
1.94512
2.21242
1.9139
2.83028
2.57161
3.02085
2.71889
1.93486
2.73684
2.26373
2.25722
2.62945
2.46697
1.7045
1.76363
2.29886
2.75566
2.60913
2.83803
2.53425
2.9595
2.55359
2.71544
2.42168
2.5917
2.21925
2.64264
2.42565
3.01764
2.82928
2.85753
3.31965
1.86735
2.53574
2.64865
3.6475
2.33639
2.29896
2.84337
2.21474
2.67411
3.11449
2.80889
3.27536
2.48145
2.19494
2.5787
2.37158
2.95367
1.97625
2.49989
2.29416
2.15913
3.02135
2.62743
3.33306
2.22868
2.33725
2.53915
2.35996
3.07668
2.93987
2.37034
2.69042
2.1934
2.27788
2.90256
2.81688
2.07376
3.15324
2.28376
2.11368
2.46567
2.72217
2.35947
1.96412
2.89015
3.07748
2.20433
2.14141
2.0044
2.22589
2.33133
2.46396
2.34474
1.71842
2.53925
2.4511
2.8692
2.92521
2.32196
2.18923
2.45808
2.33187
1.24775
3.09857
3.00858
2.66994
2.20938
2.55985
3.42646
2.67355
2.37066
2.3277
2.04468
2.38317
2.752
2.58956
1.21769
2.04604
2.1278
3.05569
2.82294
2.43058
2.0941
2.71616
2.86895
2.78676
2.94548
2.654
2.75151
2.18624
2.28907
1.95141
2.52146
2.85088
2.58646
1.99247
3.00911
2.79213
2.12404
3.1422
2.70584
2.21881
3.0797
2.58504
2.2407
3.00014
2.62988
2.92298
3.12712
3.08126
2.21034
3.12672
2.47383
2.31032
2.28418
2.62726
2.89751
2.5957
2.80495
2.72608
2.25349
2.72367
3.7097
2.45048
2.51525
2.77816
2.68317
1.93524
2.51523
2.0836
2.63049
1.69927
3.32583
2.32117
1.90769
2.49854
2.38234
2.90597
2.00858
1.96615
1.72545
1.60494
2.72922
2.94866
2.34623
1.8584
2.91552
2.53296
3.16639
2.24539
2.36212
1.92237
2.19464
2.8484
2.7865
2.16761
2.2545
2.39774
1.7422
2.26548
2.47178
1.70492
2.99789
1.97435
1.64164
2.29111
2.25062
2.12884
2.70523
2.48095
1.84653
2.93734
1.90284
2.17881
1.9021
2.22066
1.85927
2.65925
2.82394
1.89933
1.64206
1.82379
1.93941
3.14404
2.65097
2.80612
2.51872
2.66386
1.47084
2.5396
2.26148
2.38704
1.95353
2.05876
2.81319
2.59644
2.3791
2.64483
2.09152
2.88948
2.98985
2.22488
3.0115
2.75038
2.22509
3.06778
2.7152
2.09784
2.47702
2.82488
2.86341
2.06928
2.70102
2.85683
2.96115
2.29972
2.58888
3.01367
2.58487
1.75306
3.00558
2.57977
2.69659
2.93359
2.94348
2.89422
2.80762
2.63509
2.84324
1.55936
1.93891
2.43098
3.10484
2.28074
2.29631
3.04717
2.75037
2.28549
2.78213
2.47264
2.64867
3.03241
2.2218
2.29217
2.23249
2.39298
3.1461
2.0988
2.11164
2.52965
2.46703
2.61806
2.51281
2.91101
2.35102
2.88256
2.10304
2.53335
2.29755
3.85656
2.75429
2.23979
2.3884
1.83585
2.62244
2.39596
2.56237
2.85963
2.53607
2.43963
1.99852
2.44775
2.45633
2.4743
2.04562
3.12231
2.39678
2.39601
2.58145
2.0528
2.11983
2.80291
3.0518
2.9693
2.01486
2.63223
3.36187
2.93618
2.84174
1.85597
2.33704
2.15451
2.69241
2.39686
3.09663
2.11751
2.05762
1.71283
2.96673
3.08689
2.96254
2.51052
2.20277
2.00617
2.02971
2.77799
1.81223
2.68488
2.80827
1.83397
2.96931
2.46274
2.67301
3.04018
3.05966
1.51432
2.83435
2.56376
2.48521
2.68849
2.50309
2.25776
2.00614
2.69361
2.2177
2.10722
3.17994
1.89354
2.4
2.08431
2.43675
2.17538
2.72009
2.89639
2.32426
2.25654
2.82318
2.42257
2.72264
2.5084
2.28468
2.75631
2.18938
3.02592
1.66651
2.12131
3.13074
2.67465
2.48404
2.23567
2.22309
2.68334
2.10396
2.39115
2.83397
1.95288
2.54265
2.3859
2.68713
2.82686
2.47366
2.13241
2.52556
2.50246
2.80683
2.75069
1.9307
1.80158
2.81596
2.64603
3.07155
1.74416
2.49288
2.93172
3.50018
2.01136
2.77784
2.68477
2.28282
2.6918
2.49553
2.92068
2.40061
2.1709
2.4912
2.75153
2.39304
2.72716
3.20863
2.4404
2.39921
2.05388
2.44387
2.21683
3.25239
2.88763
2.65638
3.06009
2.77718
2.18277
2.45501
3.15898
2.33111
2.51133
3.03746
3.39373
3.11508
2.24642
2.13192
2.14543
2.98437
2.63657
2.38393
3.05223
2.75669
1.97148
3.17674
2.02889
2.77463
2.56017
2.8774
3.05847
3.15831
2.55595
2.05166
1.74322
2.3057
1.49686
2.49673
2.2217
2.06643
2.39959
2.90571
2.74514
3.04174
1.77515
2.70446
2.96718
1.9904
2.42526
2.4721
2.67422
2.60392
3.47498
2.58634
2.38623
2.02314
2.39437
2.92399
1.95762
2.12762
2.95092
2.54868
2.2311
2.80037
1.9057
2.66579
2.50719
2.54827
2.25701
3.07289
2.46626
1.73062
2.23636
2.07524
2.57338
2.83171
1.58585
2.30845
2.40445
3.38946
3.09737
2.4808
2.92225
1.71203
2.40274
2.41605
2.06707
1.73745
2.99877
2.34313
2.79381
2.69525
3.18248
2.84282
1.8526
2.45091
2.43415
2.05208
3.06389
2.42735
2.07164
2.23238
3.09995
2.11696
2.69586
2.5194
1.96166
2.54811
2.63698
2.28966
2.90667
2.81545
2.58193
2.30183
2.49451
2.28938
2.98968
3.30285
1.53329
2.34685
2.29112
2.01811
2.52425
2.57316
2.78322
2.55728
2.63009
2.21573
3.09715
2.64312
2.3889
1.88944
2.88461
2.3447
2.05113
3.18947
1.76474
2.09991
3.25956
3.17262
3.01364
2.38495
1.84922
2.85682
2.6182
2.90787
1.62579
2.42512
2.57415
2.56064
2.69007
2.33524
2.23813
2.26688
2.76447
2.02852
1.87723
2.49963
2.85413
2.44762
2.1171
2.33388
2.33735
2.42826
2.59542
3.00568
2.60819
2.07669
2.04311
2.43945
2.28586
2.38568
2.58876
1.83873
2.80536
2.25893
2.97494
2.3427
2.66909
2.54755
2.20779
2.39077
2.31005
1.91092
2.5037
2.55686
2.13762
1.90975
2.85271
2.41215
2.18838
2.46255
2.51633
2.38021
2.4582
2.68257
2.8842
2.18158
2.30694
2.26621
2.9056
2.43341
3.05695
2.75969
2.28211
2.73135
2.27104
2.90756
2.86063
2.85875
2.47777
2.62304
2.33736
2.00147
2.23633
2.90072
1.96366
1.51481
3.10271
1.95482
3.00894
1.74821
2.13414
2.71859
2.19615
2.37057
2.46883
2.8191
2.82528
2.10021
2.22947
2.92303
2.50084
1.86025
2.16518
2.46162
2.37667
2.197
2.72002
2.86524
2.48558
2.59279
3.40777
1.95689
2.7306
1.98513
3.50847
1.9629
2.59388
2.97557
2.82248
1.87146
2.92336
2.37015
3.02741
2.8419
2.15979
2.35352
2.21611
3.1771
2.33711
3.19046
2.55645
2.57839
3.19699
1.9838
2.5776
2.77184
2.25654
1.90705
2.60678
2.99839
2.99076
2.17376
2.39613
2.30001
2.83523
1.6832
2.63739
2.77493
3.1205
2.04075
2.76561
2.49697
1.95707
2.76106
2.3004
2.46798
2.33216
2.90775
2.38928
2.90943
2.1774
3.21429
2.65019
2.63851
2.42722
2.27966
2.80773
2.22855
2.68642
2.87484
2.62814
2.32827
3.35545
2.61027
2.60429
2.01288
2.86357
2.72646
1.91217
3.0186
2.6875
3.13418
2.30189
2.5867
1.88005
3.24571
3.38894
2.37547
2.27685
2.82183
2.38161
2.74994
2.35824
2.54559
3.05835
2.51188
2.70753
2.92257
2.32959
2.34283
2.52614
2.68022
2.45478
2.67477
2.25868
2.28121
1.87662
2.6686
2.21655
2.73301
2.41827
2.37428
2.18618
1.94935
2.27546
2.13572
2.4295
2.97307
2.26127
2.45807
2.22655
1.64901
2.92108
3.25222
2.14363
2.86221
2.41012
2.84726
2.81504
2.17739
2.37037
2.34232
2.14463
1.9538
1.95627
2.99197
1.79957
2.45069
2.9525
1.73153
2.80634
2.19657
2.13891
2.22088
2.09343
2.6546
2.93152
2.2977
2.46205
2.68135
2.44499
2.61603
2.30021
2.59659
2.27636
1.68431
2.3209
2.12574
2.77963
2.28029
2.4935
1.9606
3.06664
2.31171
2.0494
2.67817
3.06808
2.66087
2.31449
2.21339
2.20042
3.11498
2.55696
2.82818
2.50923
2.42906
2.53152
2.59815
2.77952
2.45482
2.20777
2.31645
2.34606
2.54598
1.94036
2.78419
2.00815
2.54163
2.06099
2.81444
2.25738
2.84385
2.93373
2.70403
2.63011
2.2276
2.28606
2.89352
2.96127
2.30386
2.71311
2.85868
2.48587
1.49063
2.51854
2.53252
2.57142
2.87883
2.86773
2.10402
2.47924
3.77237
2.90801
3.0505
2.34038
1.57857
2.69929
2.18889
2.64876
2.76846
2.32554
2.17423
2.1188
1.99134
2.46712
1.98942
2.354
2.09535
2.29111
2.71636
2.18241
2.09926
2.42045
2.79529
2.50778
1.82468
2.76563
2.87362
2.8893
2.30239
2.65032
1.98033
2.7201
2.31288
2.702
2.64936
2.78942
3.19655
2.88153
2.33356
1.58281
1.91019
2.25006
2.69379
2.44327
2.47049
1.9818
2.14962
2.51783
2.1721
2.06218
2.79049
2.35255
2.9738
2.76085
2.59534
2.71768
1.72444
2.05962
2.68391
2.86345
2.30822
2.08408
2.43783
2.19026
2.69168
2.27085
2.32308
2.11842
2.00008
2.29205
2.16442
2.08854
2.66934
1.44982
1.92776
2.18271
2.75057
2.11062
2.90601
2.70108
2.2194
2.76198
2.34251
2.75998
2.41365
2.46795
2.4671
2.7007
2.46617
2.06706
2.33254
2.72076
2.45233
3.32084
3.20091
2.99466
3.65464
2.34136
1.9772
2.47622
1.73938
2.43581
2.23833
2.24979
2.65458
2.11002
3.00975
3.01248
2.52929
3.31656
2.98803
2.26775
3.14297
2.48978
2.35303
2.68566
2.62026
3.22743
2.74273
2.78844
2.09096
3.06478
2.55732
2.20145
2.26225
2.93171
2.55779
2.41878
2.89785
2.61223
2.2484
3.08333
1.87992
2.12524
2.31217
1.86967
2.22029
2.72378
2.75053
2.14737
2.45305
3.56044
2.84074
3.13901
2.57575
2.86535
3.01115
1.87728
3.04948
1.79067
3.01212
2.31007
1.94895
3.2607
2.09858
3.12148
2.84865
2.86611
1.7187
2.33403
2.78858
2.21895
1.64737
2.80156
2.53768
1.98712
3.40052
2.57823
2.34021
2.78796
2.20504
2.22355
3.03489
2.71117
2.58568
2.43598
3.21742
2.25358
2.44657
2.34422
2.44284
2.65729
2.3301
2.33882
2.61739
2.49188
1.66307
2.54005
2.9519
2.73063
2.3902
2.47442
1.72784
1.98873
2.53261
2.28207
2.6986
2.62552
2.43136
2.67817
2.93474
2.27573
2.80045
2.49875
2.77373
3.00601
2.29806
2.60526
2.12626
2.00657
2.1541
3.52332
2.13519
2.8874
2.83204
2.73839
2.05104
2.2299
2.45296
3.10551
2.53801
2.46164
2.78532
2.63354
2.0183
2.79513
2.04595
2.10405
2.33465
1.23725
1.66382
1.99635
2.159
2.41397
2.16334
2.2039
2.95873
2.09008
3.52031
2.05281
2.17824
2.96741
2.83778
2.31509
2.65893
2.46508
2.45638
1.5515
2.65018
2.62925
2.34136
2.39702
2.43287
2.38202
3.2976
2.25327
2.72574
2.76235
2.41677
1.76286
2.29947
2.62314
2.29612
2.21463
2.22108
2.74747
2.287
2.70704
2.8039
2.92228
2.87355
2.76806
3.06412
2.59838
3.33897
2.2589
2.01432
2.04125
3.22758
2.72663
2.88227
3.14755
2.80299
1.91756
2.61828
2.64084
2.53499
2.45165
3.45529
2.6503
1.69717
2.75762
1.98592
1.91268
2.30956
2.72255
2.6473
2.93314
2.25514
2.52981
2.21985
2.52427
1.98601
2.79058
2.16627
2.354
2.67416
3.10142
3.22681
2.9067
2.80654
2.06011
2.26218
2.36553
2.69096
2.04318
2.31156
2.66409
2.78854
2.41034
1.99804
2.7526
2.46662
1.92711
3.12596
2.7906
2.95535
2.19101
1.95318
1.87517
2.42348
2.49791
2.61617
2.6781
1.97282
2.3398
2.14701
2.23415
2.71832
1.49952
2.34032
2.00847
2.86506
2.20144
2.6998
2.14111
2.40273
2.01318
2.36702
2.72963
1.5745
2.60825
2.06692
1.69615
2.54712
3.16745
2.67276
2.06794
2.68489
2.09008
2.65144
1.47363
2.53943
3.03354
3.09613
1.8327
2.30728
2.34631
2.09465
2.56325
2.30196
2.6705
3.3313
3.23247
2.71352
2.76581
3.00314
2.37019
2.73085
2.4421
2.79404
1.96021
2.46993
2.09735
2.95501
2.70419
2.98817
3.17247
2.34254
2.18679
2.04626
2.47095
2.41921
3.26186
1.93276
3.03921
2.34309
2.92215
2.48387
3.17213
2.5448
2.72814
2.38062
1.79535
3.01815
2.9326
2.61666
2.32751
2.08564
2.33629
2.80721
2.52345
3.05034
1.99832
2.611
2.60438
1.97393
2.01266
2.22023
2.64073
2.25686
2.80472
2.8569
2.73448
2.95437
2.71653
2.35719
2.61546
2.43704
3.11431
2.31343
2.60244
2.18349
3.36888
2.13063
3.40095
2.83328
2.58528
2.60616
2.8933
2.46343
2.38191
1.46783
2.41589
2.70476
3.30491
2.07253
2.48679
1.94161
3.06253
2.20433
2.32101
2.36125
2.56315
2.11687
2.36695
2.58097
2.21545
2.16884
1.43864
2.74772
2.9003
2.26675
2.48116
2.10502
2.72668
2.72777
2.42045
2.59878
2.09266
2.28193
1.81338
1.87734
2.35825
2.64021
2.33551
2.69105
2.05841
2.63078
2.21276
2.9201
3.42875
1.7189
2.88107
2.73154
2.06854
2.19703
1.98983
2.3141
2.55941
3.01179
2.96698
2.54278
2.13796
2.8753
3.24602
2.80947
3.52663
2.85441
2.99821
2.33725
2.798
2.36736
2.73403
2.61861
2.09874
2.64283
2.35252
2.28958
2.95792
2.8967
2.03822
2.36824
2.55942
1.90626
2.18934
2.1457
2.81474
2.35085
2.10542
3.07456
2.95342
2.58801
2.49782
2.66899
2.71336
2.01618
2.09807
2.93757
2.07284
2.40233
2.41889
2.43977
2.94932
3.06953
2.17611
2.40742
2.64391
3.20354
2.63034
3.20135
2.47619
2.33535
2.38624
2.76768
2.97582
2.92217
1.59737
2.30056
2.7286
2.50009
2.34508
2.84066
3.22396
2.85148
1.81877
2.26841
2.79631
2.44434
2.4537
2.40459
2.28967
2.92762
2.30624
3.02716
2.27236
2.85348
2.50983
3.00325
2.36741
3.19142
2.41216
2.63089
2.01928
2.22894
2.87803
2.54184
2.53032
1.89925
2.46376
1.9348
2.30161
2.3269
2.26007
1.96319
3.22009
2.28076
3.21882
2.25083
2.99076
3.36667
3.13813
2.77318
2.86619
2.57238
3.26223
2.0455
2.95824
2.33977
2.30959
3.17668
2.97
1.76636
2.24554
2.84489
2.78725
1.9374
2.58883
2.21734
2.33015
2.65095
2.38273
2.31298
2.46823
1.85202
2.62285
3.29283
2.95411
2.912
2.66922
2.18795
2.15573
2.6617
2.40742
2.5566
2.49262
2.90102
2.12254
2.10853
2.64614
2.25834
2.84083
2.47773
2.96402
2.75897
2.03137
2.39875
2.11491
2.98184
2.26594
2.78501
2.51519
3.16495
1.86419
2.39207
2.59978
1.9079
2.26938
2.46997
2.59418
2.97476
2.46395
2.33005
2.56275
2.44454
2.53889
2.29909
2.99992
1.62828
2.82053
2.26145
3.37585
2.71389
2.13967
1.91359
2.59119
3.17179
2.43209
2.7573
2.42954
2.02855
2.41527
2.75507
2.73217
2.87707
2.29634
2.13297
2.22
2.66097
2.36457
2.15718
2.02718
2.75791
2.39493
2.96398
2.06246
2.49922
2.02266
3.23307
2.62441
3.3242
2.50139
2.83718
1.80113
2.75914
2.09344
2.47314
1.99832
1.81816
1.82765
3.11984
2.35276
3.23537
2.30467
2.9736
2.64604
1.84719
2.42353
2.20039
2.57493
3.08103
2.24018
2.2955
1.97718
2.15369
3.70344
2.65916
2.7151
2.23619
2.58063
2.87379
2.62599
2.47325
2.36875
1.78874
3.01732
1.662
2.19941
2.41742
2.60459
2.66584
2.69864
2.99802
2.02141
1.95095
2.18616
2.6592
1.78157
2.90919
2.63158
2.56272
2.07961
2.47014
3.03139
2.64045
2.12188
2.15994
2.56994
2.54409
2.19081
2.4945
1.74395
2.86394
2.18805
2.40742
3.0046
1.89467
3.52071
1.285
2.88194
2.46878
2.61826
3.20453
3.07165
2.9222
2.42135
2.15905
2.9047
3.10281
2.24282
2.50855
2.97559
3.25472
3.00109
2.24322
3.00231
2.73318
2.91861
2.79798
2.6479
2.23507
2.9514
2.92901
2.45303
2.76958
3.0587
2.37673
2.57159
2.22779
2.83871
2.46816
2.78402
2.18869
2.45407
2.06555
3.29458
2.14097
2.66222
2.16565
2.60951
3.0602
3.00912
2.45593
2.51418
2.28454
1.86495
2.75168
2.84061
2.09736
2.86661
2.80278
2.53804
2.32255
2.58773
2.62768
2.11218
2.57222
2.45367
3.26261
2.4848
3.00059
2.45751
1.74256
1.84548
3.09944
2.89648
2.54822
2.42531
2.66416
2.34655
2.29531
2.53467
2.49183
3.22568
2.23501
2.5732
1.50113
2.99908
2.64848
3.33215
2.01016
3.34231
1.91954
2.43936
2.36171
2.79105
1.97269
2.18584
2.67251
3.10288
2.33191
2.6005
3.35312
2.45792
2.48405
3.0851
3.17678
2.81083
3.1729
2.6949
2.84507
2.85644
2.11437
2.7735
3.04875
2.20219
3.37056
1.51499
2.21597
2.56198
2.6271
3.01217
2.49883
2.51865
2.86557
2.53796
1.90937
2.26123
2.29886
2.30726
2.64651
2.86141
1.85819
2.65732
1.98951
2.45236
2.13874
2.06391
2.82688
2.88616
2.5045
2.31268
1.79827
2.85086
2.2789
2.1754
2.9487
2.00486
2.11036
2.32754
1.8807
2.99809
2.6123
2.45581
2.53563
2.84723
2.32318
2.75538
1.63197
3.25503
1.91943
2.59399
2.60988
2.03442
2.84782
2.43276
2.7475
2.36306
2.47742
2.30604
2.26517
2.10781
2.49438
2.11379
2.17285
3.26775
2.14424
2.00206
2.74293
2.26295
2.66051
2.53384
2.41596
1.98765
2.20143
1.54884
3.23035
1.99569
2.69694
2.33658
2.14547
2.64613
2.28321
1.93966
2.70647
2.37564
2.63726
2.30932
2.46153
2.51748
2.30236
1.83384
2.78121
2.10952
3.23479
2.89172
2.3823
2.16118
2.17934
2.61775
2.52863
2.88548
2.52102
1.98216
2.74422
2.55537
2.98461
2.8605
2.7563
2.87881
2.09685
1.88273
2.38175
2.90638
2.29284
2.91145
2.3943
2.48799
1.96067
2.81943
1.77657
2.60908
2.68818
2.44791
2.77023
2.61442
2.71006
3.15541
2.44361
1.9566
1.93501
2.12817
3.31841
3.23813
2.41598
2.67297
3.02892
3.3205
2.90208
2.7039
3.04825
2.61423
2.95023
2.69805
2.87013
2.70028
3.11792
2.74432
2.92111
2.70533
2.55834
2.78052
2.63978
2.93606
2.71853
2.11697
2.43603
1.98778
3.21668
2.40128
1.82393
2.32086
2.32493
3.04841
1.9609
2.37502
1.82926
2.35216
2.34549
3.09789
2.84973
2.89564
2.70133
1.95208
3.23547
2.42387
2.57876
2.06525
2.8395
2.34285
1.94929
3.05664
1.89016
3.42185
3.42012
1.98622
2.49576
2.57882
2.25892
2.84231
2.91188
2.60814
2.48801
3.57094
3.2284
2.80355
3.40847
2.46142
2.60423
3.21894
2.50181
1.66827
2.00351
2.48725
2.34352
2.58394
2.82006
2.22315
2.65068
2.78991
2.15921
2.21234
2.34059
2.72071
2.69399
2.23458
2.53349
2.40854
2.6301
2.49428
2.24504
1.73041
2.18473
2.62128
2.50604
2.6852
2.92916
2.17219
2.45264
2.97052
2.13121
2.38339
1.6424
3.14272
2.88109
2.83964
2.86492
2.25423
2.33978
2.38179
2.85519
2.00091
2.46291
2.25935
2.73537
2.33143
2.63451
2.29005
2.87638
2.60222
2.20888
3.45999
2.32566
2.18441
2.21652
2.32914
3.20208
2.31812
2.8638
2.40047
1.99981
2.27111
2.28512
2.72739
2.21916
2.00937
2.205
2.20678
2.94742
2.38775
2.56138
2.12902
2.10289
2.91336
2.65047
2.89658
3.33792
2.31281
2.96016
2.54493
1.49782
2.15655
2.25858
2.73418
3.01794
2.87299
2.33577
2.02574
3.40043
2.74402
2.15045
2.61061
2.31511
2.26746
2.80072
2.5328
2.10053
2.41445
3.2375
2.22996
2.82355
2.49839
2.1934
2.54784
2.61121
3.31797
2.53827
1.93769
2.81133
2.81628
2.18856
2.93204
2.47085
2.88988
3.04536
2.83976
2.84876
2.5932
1.88187
2.26604
2.70275
2.5705
2.59271
2.22287
2.4152
2.38745
2.63554
3.23373
1.7131
2.25079
1.55511
2.3085
2.69648
2.72086
2.82533
2.35388
2.72119
2.22996
2.64449
2.57918
2.80421
2.59101
2.49121
2.82241
1.52126
3.28712
2.47093
2.04334
2.64672
2.69198
2.20913
2.20778
2.76853
2.40366
1.81255
2.80189
2.68205
2.45784
3.21606
2.16511
3.7039
3.12278
2.3996
3.80707
1.82293
2.5384
2.39317
2.12582
1.84268
2.72919
2.44657
3.23951
2.29768
2.82385
1.97902
2.33372
2.02145
1.97432
2.58958
2.15261
3.05072
2.43568
2.90201
2.24502
2.17658
2.03868
2.2667
2.20339
1.93649
2.66081
2.65252
2.04315
2.71225
2.49277
2.2837
2.21446
3.13314
2.34819
2.31415
2.30258
2.93537
3.21803
2.47004
2.55355
2.03002
1.90329
2.37838
2.2851
2.94766
1.25326
3.1439
2.51673
2.77466
1.93621
2.77929
2.83027
2.2058
2.44838
2.00966
2.24581
2.55071
2.65629
2.3371
2.54437
3.1736
3.84245
2.74673
2.09743
2.20406
2.72243
2.67665
1.95379
2.58799
2.51345
2.77554
2.08202
1.94141
1.8156
2.75346
3.34133
2.31391
2.97093
2.64045
1.83476
1.90114
2.24277
2.2785
1.84714
3.00001
2.46752
2.30179
2.70796
2.49793
3.01276
2.58958
2.19442
2.98547
2.95445
2.18456
2.07637
2.58596
2.07159
2.90123
3.06302
2.57833
2.72051
2.61587
2.83057
3.21833
2.87261
2.63703
2.52933
2.58905
3.38928
2.24976
2.48944
2.30443
2.73515
2.5038
2.70148
2.73391
3.06047
2.49615
2.8542
2.35369
2.4832
2.10631
2.65578
2.68709
2.33919
1.65302
2.44732
2.59605
2.1027
2.47976
2.55003
2.39246
2.42991
2.58714
2.08111
2.57135
2.57379
1.69435
3.18055
2.73677
2.06611
2.77532
2.18145
2.74298
2.75133
2.17541
1.82798
2.33729
2.18564
2.47421
2.11527
2.5056
2.72331
1.80002
2.58515
2.42005
2.0143
2.49975
2.35289
3.29999
2.3452
2.59679
2.46056
2.48206
1.64485
1.88375
3.60455
2.07037
2.0264
2.35536
2.11398
3.10959
2.4075
3.27465
3.24205
2.57651
2.94015
2.63767
2.27318
3.16616
2.23002
3.03061
2.4704
2.57518
1.435
1.8148
1.96393
2.82424
2.55669
2.59954
2.75897
2.55392
2.40448
2.72164
1.95734
1.98774
2.3256
2.45232
2.86513
1.70489
2.36239
3.18067
1.91347
2.56555
2.52473
3.38366
2.93589
2.71097
2.73325
2.52401
2.83165
2.31197
2.5901
3.61291
2.20207
2.0438
2.66112
2.66121
2.17633
2.24503
2.00167
1.62224
2.38033
2.83129
2.13638
2.58195
2.26414
3.08018
2.68365
2.90669
1.60081
1.36253
2.53059
3.09991
2.16683
1.94419
2.23983
2.18851
2.7404
2.36211
3.02088
2.83307
2.87883
2.51268
2.62488
2.7263
3.05751
2.65505
2.13094
2.11171
2.6379
2.63261
2.77497
2.59364
2.93271
2.85235
2.40735
2.04128
2.79044
2.27009
2.61452
2.04522
2.58451
1.98105
2.47952
2.56329
2.08773
2.46796
2.43877
2.83714
2.36362
3.08197
2.92461
2.61869
2.79259
2.34943
2.1332
3.38287
3.04225
1.62502
2.77683
1.8852
2.70929
2.06663
2.83417
2.16597
3.2884
2.74569
2.7395
2.60983
2.57391
2.33823
2.91737
2.62306
1.43195
1.71987
2.47203
2.14658
1.75834
2.46072
2.8838
2.54617
1.90083
3.44694
2.52283
2.70706
2.5792
2.42743
2.33709
1.96207
2.21927
2.37025
2.95916
2.12775
2.36651
2.11239
2.79391
2.45192
2.59139
2.11703
2.45454
2.68853
1.92676
2.03115
2.62146
2.87334
2.3429
2.54754
3.17527
2.17024
2.05871
2.57671
2.76346
1.37109
2.85106
2.80985
2.27771
1.733
2.48699
2.34511
3.14852
2.103
2.65086
2.52315
2.18121
3.04982
3.04193
2.99187
2.39234
2.60112
2.95266
2.01379
3.13265
2.60789
2.2045
2.58671
2.57645
2.9481
2.36894
3.26624
2.65511
2.09613
1.91105
2.66791
2.58607
3.01378
2.50026
2.80697
2.49987
2.64087
2.9676
2.70537
1.84881
2.79847
2.0439
2.73906
2.39732
2.5149
1.76494
2.44786
2.71671
2.50234
2.05077
1.87909
2.0613
2.09439
2.48077
1.84775
2.80181
2.75505
2.59261
1.98631
2.76978
2.99438
2.50268
1.76823
2.46484
2.6145
1.85399
2.47186
2.48651
2.59662
2.16529
3.47925
2.3599
2.64898
2.39198
2.26567
2.17659
1.82957
2.58319
2.9026
2.73214
2.24636
3.13653
3.62468
2.86458
2.28168
2.32427
1.6333
2.74343
1.80265
2.87629
2.11058
2.82733
3.10212
2.4844
2.52307
2.53522
2.24281
2.55802
2.5877
2.56375
2.99922
2.62653
2.41849
2.84042
2.94249
2.3934
2.4497
2.45333
2.36453
2.69327
2.30375
2.50958
2.75351
2.90143
2.20155
2.58191
2.80432
2.14222
2.4851
2.56803
2.23408
2.05531
2.81171
2.68514
2.75527
2.11043
2.93031
3.00063
1.93373
2.25723
3.4837
3.09158
2.66808
2.59978
2.53518
2.7338
2.45614
2.51764
2.64114
3.13235
2.19452
2.57576
2.56229
1.91006
2.21686
2.35414
2.17674
2.61486
2.38116
2.24779
2.7232
2.86928
2.58536
2.58236
3.06777
2.0065
1.96516
2.63246
2.44472
2.25265
2.94281
2.16363
2.39516
3.03424
2.0364
2.96363
2.57554
3.02802
2.69344
2.83521
2.11715
2.68862
1.9344
2.7246
2.61191
2.6815
2.1378
2.91256
2.34482
1.80186
2.12789
2.51241
1.92501
2.64435
2.64638
2.40821
1.98089
3.15218
2.98401
2.81851
2.05396
2.09785
2.54115
2.60959
2.53542
1.92673
1.9189
2.70425
2.91436
2.24657
2.37581
2.02262
2.88492
2.5133
2.99708
2.40883
2.99172
2.54482
2.20974
2.06941
2.11356
1.86872
2.73616
2.5938
2.98236
3.21445
2.94395
2.80683
2.42093
2.48712
2.51397
1.91805
2.73488
2.35863
2.57263
2.56546
2.58627
2.55775
2.69171
3.43924
2.98658
1.61841
2.07217
2.81431
3.00108
2.98015
2.47821
1.66717
3.01007
2.24844
2.31009
2.45446
2.44346
2.78314
2.29
1.46831
2.14702
2.58171
2.25607
2.56922
2.21369
2.92099
2.62575
2.09448
2.25694
1.95522
2.96097
1.87602
2.45657
2.66785
1.89799
1.9256
2.05906
2.70035
3.09285
2.96722
3.10033
2.51309
2.51342
1.96888
2.80905
2.92737
2.53171
2.36218
2.63137
2.73077
2.42588
2.16074
2.06593
2.8388
2.02486
2.07551
2.13739
1.96097
2.54731
3.17342
1.90195
2.21389
2.55048
2.44982
2.52197
2.59155
2.5045
2.43422
2.06208
2.29114
1.93721
2.37143
2.56409
1.86836
3.04228
3.2127
2.6483
2.85918
2.03205
2.85184
2.89894
2.4249
3.01821
2.60866
2.48491
2.86381
3.22462
2.0927
2.59648
2.31449
2.61226
2.26137
2.35209
2.34957
2.54378
2.71858
2.09822
2.22573
2.592
2.67337
1.88602
2.68313
2.55097
2.7559
2.52291
3.29934
2.68724
2.80296
2.58201
2.89022
2.14829
2.05968
2.94841
1.86606
3.37704
2.46768
1.99776
2.3429
1.78049
2.56691
2.70497
2.26883
1.86031
3.04643
1.84907
1.84475
2.62625
2.89218
2.55582
3.46739
2.66441
2.15282
2.80308
2.72096
2.58094
2.60673
1.9449
2.99933
2.59715
2.19611
2.80668
2.80189
2.39661
2.92743
2.74587
3.28796
2.81513
2.49278
2.9658
2.28946
2.32387
2.7571
2.29794
1.88876
2.75937
2.54911
2.20443
2.93405
2.34812
2.65308
1.3794
3.47436
2.58365
2.22679
2.20988
2.176
2.93527
2.34508
2.57467
2.18129
2.8722
1.9527
2.47988
2.30861
2.21879
2.53551
2.79291
2.87058
2.57178
2.49875
2.10912
3.0433
2.82101
2.73321
1.94414
2.10901
2.68402
3.08451
2.401
2.66893
2.74461
2.37836
1.76545
1.711
2.10396
2.21051
2.53586
2.79602
2.07019
2.25934
2.78609
2.69858
2.62983
2.40478
2.80705
3.08578
2.49398
3.04897
2.62205
2.94104
2.56761
2.88277
2.63007
2.42348
1.8181
3.10764
2.62538
2.60097
2.47308
2.02591
2.62084
2.74534
2.33786
3.00183
2.89641
2.25782
2.57651
2.53206
2.28863
3.42616
2.40224
2.61932
2.64267
2.32355
3.43403
3.20561
2.31664
2.33004
2.58457
2.17217
2.34397
1.92467
2.10194
2.81074
2.7143
2.18742
2.55211
1.90807
2.1235
2.52396
2.38913
2.74315
2.36326
3.21129
1.8601
2.15011
1.81467
2.17017
1.64782
2.76894
1.98337
2.38848
3.57996
2.25713
2.35293
2.39852
2.91057
2.11781
3.06652
2.19346
1.7318
2.85317
2.38849
2.8928
2.1711
2.3473
2.99005
2.8185
2.58178
1.86264
3.21449
1.70645
2.22917
2.33342
2.2117
3.12762
2.73778
2.21109
2.36088
1.98119
1.92931
2.26692
2.94008
2.52095
2.36147
2.47174
2.75556
1.92006
1.96167
3.15997
1.68823
2.57833
2.32592
2.36505
1.97819
2.68391
2.32217
2.7071
2.31515
1.85977
2.40903
2.42495
2.20581
2.03222
2.34565
2.87624
3.2007
3.02383
2.25321
2.65642
2.41787
1.93184
2.65356
2.8704
3.18941
2.16045
2.38751
3.11461
2.91055
1.95235
2.58505
2.38272
2.34089
1.79498
2.57618
1.81584
1.97604
1.97421
2.42065
2.10002
2.61408
2.72819
2.46156
2.50512
2.72155
2.38218
2.36582
2.94221
2.90034
2.68902
1.8926
2.12755
2.40197
2.64756
2.20483
2.20775
2.42014
3.41464
2.51037
3.26621
2.27091
2.59887
2.19399
2.93784
2.30016
3.19303
2.35432
2.37758
2.61457
2.84805
2.39534
2.39362
3.35866
2.28627
2.65168
2.55809
3.05868
2.01148
2.52881
2.00078
2.59903
2.47507
2.31947
2.58337
3.19182
2.88443
2.59805
2.57717
2.21707
3.37159
1.82421
2.85978
2.55088
2.84067
1.75926
2.33132
2.12084
2.02651
1.818
2.66522
1.89156
3.27116
2.71685
2.65961
2.46935
2.04964
2.68667
2.17385
2.71914
2.46792
2.52984
2.84306
2.82424
2.36442
2.44951
1.70837
3.17649
3.03768
3.03108
2.55929
2.99206
3.22471
2.97434
2.52294
2.60571
2.30967
2.96499
2.90235
2.98587
2.24775
2.21888
2.90836
2.25516
2.62571
2.52147
2.42373
1.92979
3.03349
1.78959
1.71764
2.66419
2.19376
1.735
1.80513
2.71779
2.27098
2.12228
2.39501
1.98901
2.95504
2.14332
2.02193
3.40941
1.80005
3.00319
2.69975
2.52473
2.43851
2.02009
3.19515
2.99352
2.52319
2.83185
2.46341
2.64704
3.72131
2.34916
2.493
2.75339
2.37928
2.50012
2.45112
2.72749
2.08876
2.84181
2.51914
2.32832
2.54896
2.35429
2.31239
2.46147
2.68637
2.58602
2.1018
2.78191
1.72814
2.59605
2.5826
2.69988
2.58897
3.00951
2.5428
1.42825
1.72267
2.26694
2.276
2.70783
3.56851
2.67688
3.60729
3.25948
2.23486
2.86883
2.32187
2.77784
2.44847
2.58402
2.74757
2.82684
2.72562
2.41924
3.01676
2.76164
1.97938
2.29186
2.22349
2.09741
2.46308
2.39517
2.45923
1.9063
2.05427
2.59763
1.5906
2.69202
2.9867
2.35588
2.63846
2.47603
2.19002
1.80847
3.19733
2.24059
2.61827
2.05359
2.65608
1.52763
2.33735
2.48843
1.69991
1.52904
2.95566
2.06337
2.48948
1.72086
2.45739
2.51421
1.75634
2.69452
3.01054
2.83978
2.38581
1.95521
2.28826
2.27923
1.9787
2.81609
2.09774
1.82897
2.25485
2.22473
2.09036
2.5832
2.89929
2.16991
2.35473
2.34279
2.29595
1.88936
3.69447
3.61643
2.32139
2.44302
1.70925
2.89132
2.2569
2.75652
2.26062
2.41096
2.82872
3.10996
2.53735
2.52562
2.35922
3.44181
2.75264
2.12734
3.40605
2.21488
1.9157
2.60233
2.51625
2.8494
2.21779
2.77281
2.5022
2.58273
2.72237
2.44429
2.66387
2.05835
1.68192
2.41972
2.07985
1.99658
2.68607
2.55407
2.8402
2.83963
3.41372
2.12184
2.27765
2.42041
2.78514
1.89819
2.36741
2.07398
2.69903
2.64665
2.45391
2.31256
2.40045
2.85324
2.82595
2.05151
3.06358
2.24188
1.14387
2.38457
2.91847
3.34362
2.31432
2.2426
2.4869
2.62199
1.8266
2.81328
2.31066
2.692
2.61529
2.36078
2.09715
2.81957
1.75814
2.26327
1.65424
2.88648
3.11869
1.8298
2.71437
2.78742
1.39962
2.7217
2.26869
3.01958
2.87249
2.62796
2.01656
2.71462
2.59324
2.8979
2.05473
2.22531
2.5298
2.08966
2.42016
1.98792
2.55515
2.92895
1.90725
2.37597
3.04978
3.04209
2.40619
2.40054
2.56789
2.7332
3.09905
2.4824
3.69023
2.94649
1.89657
2.5839
3.36392
2.215
2.44151
2.16735
2.09681
1.99308
2.16574
3.06441
2.86457
2.7845
2.63858
2.90503
3.35505
2.65024
2.43667
2.70858
1.89639
2.10889
2.45276
2.59957
2.25353
2.21334
1.99982
2.5846
3.35217
2.15599
2.71385
2.6397
2.70157
2.69402
2.51292
3.00763
2.57535
2.87817
2.56004
2.58815
2.82554
2.42211
2.23072
2.41894
2.01762
1.69689
2.09097
2.09999
2.78119
2.98643
2.41209
3.26916
2.53185
3.11646
3.01314
2.5122
1.73164
2.49754
2.70672
2.60769
2.83202
2.6446
2.44426
2.2612
1.67828
3.24187
2.34472
1.85923
