5000
0.128172
0.316196
0.0599264
0.202085
0.862013
0.375493
0.712659
0.0326536
0.394645
0.839697
0.629038
0.295085
0.00333262
0.524964
0.0929107
0.0516759
0.167984
1.44197
0.149267
0.811052
1.19414
0.200836
0.70458
0.133103
0.0608242
0.0421433
0.394344
0.122112
0.999008
1.17259
0.24962
0.164513
0.159091
0.251935
0.268103
0.367841
0.299802
0.321038
0.100851
0.00190139
0.785015
0.335609
0.0969652
0.854477
0.00411191
0.526056
0.00469562
0.0524507
0.700461
0.150699
0.314536
0.278003
0.157761
0.949462
0.341149
0.902592
0.10279
0.0834328
0.0056082
0.308679
0.93766
0.245472
0.183535
0.703889
0.403733
0.178449
0.636555
0.643171
0.426372
0.0624694
1.71417
0.721687
0.229837
0.401754
0.420996
0.572848
0.20446
2.14708
0.479582
0.205156
0.346253
0.0585215
0.24172
0.882246
0.257482
0.286361
0.0285004
0.123598
1.41349
0.0888061
0.0264292
0.193647
1.01722
0.289495
0.163622
0.612724
0.0119987
0.370879
0.127379
0.909993
0.792315
0.0915363
0.574027
1.25759
0.0976966
0.0286047
0.377583
0.927705
0.425207
0.264578
1.60492
0.481759
0.195079
0.348246
0.411642
1.39877
0.295869
0.449384
0.22405
0.0051992
0.984705
0.724808
0.0320968
0.00147222
0.267623
0.0386787
0.0695788
0.241884
0.12766
0.0782348
0.229289
1.25919
0.384165
0.0712882
0.171912
1.44374
0.415928
1.21875
0.275525
0.245093
0.358474
0.0793924
0.465734
0.308374
0.189106
0.733321
0.514508
1.05854
0.682533
0.0531192
1.81948
0.190335
0.0221105
0.0139891
0.625291
0.366651
0.150099
0.382951
0.105668
0.600731
0.128108
0.825811
0.299309
0.234305
2.12078
0.130235
0.0180595
0.12332
0.516547
0.197218
0.0390216
0.793625
0.103755
0.382968
0.302866
0.910339
0.571967
1.17279
0.0172973
0.335008
0.981728
0.711307
0.0623935
0.629567
0.345703
0.95474
1.24381
0.125103
0.238302
0.652116
1.1516
0.210753
0.487786
0.0848223
0.332963
0.453707
0.152081
0.741742
0.258082
0.331981
0.504746
0.30815
0.147328
0.220259
0.174288
0.27629
0.105656
0.233164
1.43546
1.34264
0.658992
0.107783
0.071084
0.207564
0.0438846
0.147415
0.364601
0.0445571
1.4628
0.454921
0.603079
1.16058
0.139499
0.807685
0.329194
0.157079
0.0574164
0.180845
1.55029
0.176534
0.439749
0.143016
1.28076
0.61677
0.810022
0.0331734
1.16523
0.348867
1.4885
0.703726
0.120179
1.04166
0.138108
0.242926
0.783051
0.653335
0.0062878
0.0176737
0.614566
0.0977032
0.134825
0.251499
0.39762
0.0513259
0.554704
0.863113
0.0604421
0.608168
0.95582
0.173677
1.25987
0.229233
0.668938
0.814954
0.61346
0.168735
1.61402
0.954553
2.1868
0.0730624
1.22104
0.0787371
0.802501
0.533814
0.230366
0.775435
0.943792
0.791513
0.50809
0.169646
0.814471
0.375903
0.153609
0.479338
0.110705
0.0423501
1.3632
1.18328
0.316235
0.834368
0.0709915
0.512916
0.639302
0.344224
1.27728
0.530929
1.26544
0.218781
0.153448
0.504033
0.630404
0.321647
1.37157
0.0895482
1.28814
0.618625
1.31017
0.86402
0.383113
0.634273
0.106893
2.39747
1.99441
0.618717
0.872964
0.314256
0.257841
0.544729
0.0815269
0.58433
0.551971
0.293804
0.0573611
0.521814
0.00218349
0.134564
0.587127
0.822323
1.09456
0.233513
0.172932
0.13084
0.579053
0.146711
1.13229
0.114894
0.2981
0.00660727
0.504958
0.0317236
0.132081
0.723973
0.317729
0.307489
0.1461
0.433425
0.313172
1.43614
0.136364
0.894743
0.307957
0.677599
0.3909
0.27381
0.0497273
0.0527812
0.701579
0.355637
0.307007
0.329254
0.18705
0.205097
0.111093
0.375918
0.338436
0.465075
0.659831
0.672948
0.0141417
0.601867
0.58789
0.639631
0.432901
0.0298181
0.00271063
1.0144
2.1672
0.543612
0.346328
0.237172
0.0602573
0.110387
0.337151
0.510633
0.0788044
0.655249
0.250956
0.3629
0.307991
0.223924
0.169578
0.0988255
0.130553
0.155838
0.469162
0.607252
0.641699
1.07518
1.57232
1.22533
0.467106
0.465879
0.24319
0.140308
0.2268
1.10677
0.76869
0.292378
0.291591
0.566052
0.106494
0.0829427
0.0322888
0.0276898
0.308801
0.0322587
0.0546036
0.745489
0.995215
0.39785
0.442239
1.13989
0.393324
0.47542
0.347336
0.184615
1.09596
0.477738
0.387214
0.367338
0.20877
0.822414
0.328346
0.33569
0.430378
0.173925
0.8779
0.15908
0.0802256
0.32714
0.305935
1.77627
0.296905
0.937748
0.920845
0.153516
0.182431
0.018284
0.344306
0.185599
0.64369
0.246964
1.47524
0.688002
0.784509
1.49977
0.913874
0.948871
0.36329
0.839222
0.668585
0.582676
0.220369
0.5591
0.204167
0.279448
0.041852
0.39391
0.42958
1.43608
0.0665414
0.160846
0.140827
0.388787
0.988916
0.285161
0.163041
0.471239
1.77327
0.405903
0.725235
0.281503
0.345851
0.210989
0.902479
0.409447
0.323203
0.240105
0.177922
0.188115
1.24658
1.31089
0.445704
0.853353
0.0861991
0.336842
0.20869
0.0193049
0.397331
0.612705
0.924762
0.028118
0.0383295
0.150837
1.0981
0.512652
0.389106
0.753103
0.026501
0.469422
0.0679185
0.679194
0.211031
0.70937
0.248805
0.529187
0.507774
0.292256
0.0854005
1.05222
2.76648
0.388365
0.201292
0.00716178
0.010246
1.16505
1.22818
0.973653
0.214892
0.383926
0.263054
0.679118
0.581716
0.171696
0.789521
0.989383
0.465877
0.221847
0.453442
0.540626
0.405218
0.371695
0.17025
0.155322
1.09074
1.27776
1.12687
0.101927
0.381124
0.426058
0.48173
1.44025
0.0111152
0.352178
0.0960338
0.00253202
1.13259
0.135696
0.655169
0.549482
0.501609
1.26619
0.2211
0.314914
0.10782
0.068218
0.375365
0.640554
0.110643
0.266537
0.570299
0.00537604
0.677506
0.65191
0.00901042
0.0893133
0.193613
0.048563
0.496371
0.00347091
0.155497
0.113495
0.00708625
0.364059
0.180822
0.272072
0.140055
1.37896
0.0195718
0.0971206
0.0635503
2.97721
0.252442
0.615306
0.292504
0.781411
0.108333
0.00752881
0.0978219
0.365919
0.273488
0.9303
0.099861
0.724939
0.0485452
0.0440261
0.471763
0.865687
0.31695
0.433017
0.595529
0.226029
0.271453
0.095492
1.72441
0.85099
0.618468
0.25309
0.924085
0.320063
1.21079
0.988085
0.416892
2.57769
0.0267258
0.745068
0.568038
0.545722
0.2231
0.433889
0.00728752
0.102956
0.610473
0.712613
0.587065
0.0881975
1.21938
0.157612
0.0964988
1.14726
0.586558
1.13232
0.170449
0.00482378
0.228451
0.0537143
1.49824
0.163103
0.0567856
0.245311
2.14771
1.17235
0.477139
0.788675
2.37779
0.25516
0.595846
0.456295
0.160949
0.680607
0.381778
0.904192
0.00776853
0.0600696
0.460117
0.538988
0.95674
0.974485
0.205929
0.68504
0.421557
0.817283
0.00569915
0.330284
0.119611
0.961953
0.436486
0.429587
0.018532
0.377995
0.219327
0.0481082
0.692601
0.537711
0.131078
0.895962
0.173396
0.146109
0.789021
0.249784
0.50652
0.0793839
0.224358
0.476497
0.318823
1.23332
0.448792
0.144852
0.119103
0.258446
0.784847
0.188881
0.444414
0.00927358
0.94572
0.446609
0.163028
0.171349
0.343769
0.131334
0.318707
0.973464
0.290844
0.531979
0.0651808
0.101993
0.193063
0.393018
1.38075
0.980615
0.349749
0.610245
0.342205
0.703118
0.117964
0.104786
0.588191
0.954215
0.180526
0.34056
0.870958
0.561749
0.226
0.787059
0.705682
0.161223
0.28209
0.659193
0.00271851
0.070807
0.149763
0.0876907
0.491278
0.143103
0.0674617
0.201332
1.1619
0.443044
0.0307787
0.2519
0.60554
0.473584
0.466422
0.427403
1.06955
0.786441
0.299669
0.011629
0.245006
0.616119
0.272751
0.340661
0.393734
1.11035
1.05943
0.207686
0.800658
0.105994
0.405459
0.0662018
0.164007
0.0113346
0.626669
0.719732
0.865606
2.37528
0.558638
0.147694
0.356495
0.461752
0.366197
1.25372
0.476471
0.0717635
0.0747185
1.3557
0.169678
0.429358
0.761687
0.334119
0.399277
0.107759
0.32415
0.02564
0.0744206
0.183213
0.151616
0.146115
1.60644
0.565631
0.492641
0.232453
1.4454
0.569752
0.0722691
0.966684
0.596269
1.21697
0.107873
0.427099
0.37144
0.118728
0.319757
0.340689
0.00415261
0.00389523
0.277275
0.122417
1.10116
0.0215275
0.155658
0.089084
1.02707
0.177626
0.217645
0.429314
0.0840099
0.270893
0.128993
0.802975
0.966599
0.165372
0.0213798
0.357787
0.989096
0.157948
0.283899
0.151221
0.293963
0.0370527
0.307911
1.2182
0.804595
0.732092
0.0515622
0.911781
0.365267
1.03476
0.0851374
0.274049
0.663086
1.07394
0.0541422
0.996604
1.24581
0.755055
0.423944
0.142031
0.0180961
0.261938
0.396958
0.0222043
0.0231901
0.621883
0.455451
1.02183
0.446194
0.42008
0.253408
0.162781
0.187642
0.00538448
0.0114695
0.0797551
0.00114735
0.369818
0.126239
0.0488855
0.309205
0.239184
0.0634677
0.400977
0.999624
0.620008
0.252853
0.018984
0.0899734
1.00761
0.736368
0.113266
1.02369
0.589923
0.74256
0.497478
0.778908
0.368457
0.219118
0.425713
0.555572
0.287493
0.340849
0.662835
0.517452
0.0744309
0.467058
1.78582
0.413683
2.27208
0.221562
0.284375
0.20218
1.4693
0.140668
0.3435
0.56901
0.0780328
0.4102
0.486728
0.667662
0.379191
0.111439
0.88235
0.00117781
0.393067
0.589059
0.898861
0.330845
1.46354
1.31022
1.44055
0.433943
0.758484
1.46243
1.34752
0.967448
0.261155
1.52141
0.177189
0.0272107
0.122867
0.646485
0.139178
0.514253
0.831579
0.265335
1.4072
0.425001
0.296961
1.07961
0.110994
0.921802
0.221858
0.891979
1.12398
1.43847
0.52918
0.416721
0.353936
0.208829
0.0618
0.0502988
0.328286
0.299808
0.444312
0.463559
0.460129
0.860322
0.232925
1.18059
1.51208
0.1177
0.108021
0.436953
0.0688312
0.346126
1.78986
0.227688
0.89007
0.0505365
0.61187
0.444094
0.451787
0.0902432
0.290032
0.246387
0.0619277
1.10019
0.277337
0.270565
0.834391
0.162511
0.686605
1.20992
0.141873
0.0127394
0.842024
0.156486
0.391357
0.305808
0.518446
2.71283
0.00615199
0.373321
0.133692
0.152612
1.41092
0.0257788
0.421793
0.118906
0.0958042
0.503796
0.852242
0.235296
0.78944
0.17703
0.183318
0.61529
0.166284
0.0134434
1.00649
0.688366
1.07106
0.744159
0.762326
0.0936128
0.574758
0.615355
1.30564
0.592454
0.942289
0.0721937
0.539699
1.90229
0.657528
0.00253571
0.0099105
0.954182
0.0739095
0.343249
0.288279
0.211421
0.21161
0.368687
0.0292847
0.0548475
0.0654782
1.57667
0.101641
0.576844
1.04892
0.291827
0.0583463
0.0779177
0.14351
0.254873
1.20315
1.027
1.73772
0.952955
0.00577258
1.28688
0.331144
0.0679425
0.294688
0.455299
0.869881
0.195824
0.296202
0.772882
0.461706
1.19092
0.232542
0.841194
0.0441659
1.21504
0.33874
0.79989
1.89792
0.296384
0.0945307
0.141292
0.195645
0.228037
0.160187
0.0901479
0.727037
0.468702
0.521849
0.263875
0.0118157
0.362059
0.737252
0.00442238
3.21757
0.0195013
1.14287
0.658948
0.803035
0.15077
0.131079
0.98908
0.109554
0.017011
0.105236
1.45087
0.889587
0.218654
0.340706
0.184671
0.105584
0.277255
0.919051
0.576224
0.173968
0.879621
0.141972
0.380796
0.290714
0.121801
0.576578
0.0282423
0.0110758
0.11637
0.847567
0.543559
1.1496
0.441262
0.192722
0.674665
0.0151227
0.64602
1.52693
0.0522825
0.544451
0.00178979
0.0280713
0.447329
0.10459
0.198895
0.00274375
1.85983
0.408838
0.287253
1.44541
0.582623
0.810604
1.32444
0.133311
0.305756
0.589892
0.302322
1.00013
0.000167172
0.481652
1.52603
0.572666
0.239627
0.212394
0.721546
0.142479
0.22813
0.154577
0.379707
0.19348
0.0346381
1.2027
0.370108
1.05261
0.440571
0.612757
0.216025
0.162254
0.351541
0.432426
0.203557
0.769593
1.60354
0.690868
0.025682
0.32685
0.241361
0.231254
0.458606
0.244556
0.291819
1.71685
0.573965
0.147226
0.808613
0.56536
0.586275
1.45217
0.129984
0.381869
0.145054
0.164619
0.876512
0.111502
0.370742
0.0186051
1.148
0.119643
0.620067
1.7817
0.519605
0.797585
0.176766
0.0338983
0.584806
0.509944
0.8098
0.438996
0.669261
0.522015
0.240723
0.0673282
0.264412
0.568857
0.34726
0.0103114
0.0300756
0.085079
0.7238
0.0566331
0.837776
0.527124
0.370956
0.317197
1.8541
1.00613
0.0753974
0.426652
0.0692923
2.73626e-005
1.26124
0.029762
0.128256
0.519517
0.673934
0.518748
0.444834
0.868059
0.404864
0.137051
0.253037
0.741871
0.243509
0.933085
0.60942
0.183594
0.0715416
0.562653
0.137512
0.0908021
0.0620714
0.0845711
0.220895
0.0183255
0.918291
0.478666
0.377545
0.142916
0.26587
0.363122
0.0435189
2.26539
1.50704
1.36455
1.02363
0.280872
0.271692
0.940256
0.657402
1.01975
0.362585
0.211205
0.464407
1.02403
0.0870981
1.14926
0.29783
0.00620632
0.200145
0.10881
1.35382
0.0425393
0.747825
0.348637
0.0537025
0.44969
0.39905
0.738073
0.191135
0.254285
0.0111766
0.368596
0.456876
0.0600563
0.11642
0.0824761
0.735273
0.689839
0.222462
0.928376
0.0506652
0.479796
0.0521285
3.14544
0.962802
0.682182
0.0428955
0.733965
0.501283
1.14103
0.284131
0.582712
0.674534
1.10403
0.548951
0.575033
0.500479
1.70917
0.171966
0.130296
0.452828
0.199453
0.4707
1.14602
0.332758
0.0314598
1.19295
0.521107
0.493356
0.211128
1.09732
0.624679
0.488383
0.627827
0.998532
0.654778
0.061777
0.264755
0.323544
0.244393
0.0448469
0.968103
0.439351
0.581311
0.0199009
0.83349
0.410167
0.0710822
0.168426
0.400323
0.00119289
0.0256203
0.35373
1.23678
0.297052
0.43246
0.843239
0.909943
0.372655
0.472416
0.229935
0.50073
0.0392677
0.293807
0.0945832
0.612374
0.418111
0.765043
3.0124
0.223416
0.241957
0.663008
0.100396
0.322446
0.0248048
0.293765
0.235723
0.72018
0.248003
0.145716
1.40394
1.92575
1.09581
0.0344364
0.437547
0.301402
1.60302
0.0189538
0.103791
0.379996
1.01154
0.187443
0.274607
0.425289
0.451398
1.0059
0.0656162
0.0140209
0.696001
0.0915482
0.00696883
0.490786
0.0312806
0.143464
0.14254
1.21515
0.792985
0.763342
0.450807
0.808269
0.23776
0.264911
0.399232
0.3589
0.0760546
0.410045
0.204626
0.573028
0.150259
0.373483
0.82079
1.27897
0.037012
0.105577
0.124367
0.0557339
0.804806
0.103231
0.124622
0.774427
0.537859
1.26882
0.226942
1.33347
0.35554
0.98865
0.110492
0.202555
0.214128
0.802935
0.441042
0.143949
0.311036
0.334618
0.0730604
0.968612
0.0263764
0.505114
1.7347
0.603845
0.464227
0.317353
0.715811
0.302164
1.666
0.486695
0.184364
0.0248308
0.16063
2.01255
0.803473
0.121158
0.631396
1.24983
1.3298
1.1626
1.09229
0.759474
0.138318
0.693427
0.459446
0.552326
0.255318
1.08127
0.517716
0.16762
0.105947
0.172113
0.637357
0.152087
1.31695
0.177135
0.76216
1.53264
0.0592803
0.0286307
0.220953
0.166488
1.68533
0.24833
1.34675
0.0532917
0.103063
0.511391
0.194575
0.0116623
0.327148
0.449219
0.0542372
0.653323
1.15079
0.458861
0.840154
0.431436
0.188518
0.130339
0.632275
0.157957
0.500999
0.251554
0.553536
0.984276
0.700659
1.17426
0.728308
0.423226
1.21186
0.0257768
0.352446
0.493296
0.445373
0.145694
0.239368
1.46032
0.0582486
0.125115
0.602366
0.643798
0.244232
0.711177
0.0324157
0.0264106
0.648785
0.268728
0.789429
0.125948
0.34005
0.0747948
0.0775946
1.53692
0.77112
1.55311
0.403198
0.165028
0.663313
1.20233
0.249518
0.121792
0.293477
0.00164965
0.223176
0.129054
0.258334
0.399659
1.77574
1.36938
0.263852
0.437311
0.0794889
0.231684
0.574715
0.144829
0.514667
0.784712
0.232937
0.0807666
1.61513
0.204521
0.208708
0.288723
0.654546
0.00528681
0.744926
0.455253
0.107021
0.310191
0.130546
0.0469092
0.0519405
0.180586
1.07473
0.0963437
0.457355
0.418183
0.859926
2.25901
0.48886
0.696903
0.594742
0.190528
0.321592
1.62137
0.433009
0.44913
1.06448
0.494756
0.998513
0.518915
0.440686
0.176478
0.159525
0.00819176
0.0606949
0.132164
1.10611
0.211057
0.201153
1.04905
1.67342
0.314344
1.92988
0.864711
0.540879
0.291907
0.464863
1.21848
0.488933
0.558066
1.6031
0.0803714
0.531817
0.137226
1.03032
0.152413
0.0112382
0.396235
0.0260887
0.309154
0.304372
0.278604
0.956062
0.341137
0.496117
0.947658
0.253245
2.53172
0.629838
0.0430745
0.172563
0.283964
0.348633
0.0252659
0.102525
1.17417
0.324275
0.145793
1.01532
0.0365342
0.154695
0.293783
0.628846
0.467951
0.696581
0.00347974
0.412821
0.186102
0.236863
0.535161
1.23807
0.0414169
0.0447872
0.00928964
0.238148
0.361886
1.58623
0.748561
0.0226322
0.797977
1.72823
1.09838
0.592172
1.51549
0.716377
3.15095
0.108804
0.724269
0.82602
0.792621
0.161567
0.811863
0.167336
0.233274
0.146018
0.367758
0.0580082
0.0144321
0.102924
0.88549
0.0102217
0.0545373
0.748301
0.0446006
0.166707
0.126241
0.0735357
0.528971
0.0663497
0.50399
0.109158
0.210087
1.38479
0.246208
0.285839
0.0770929
0.353916
3.00803
0.0017755
0.42886
0.5821
0.194601
0.479765
0.600479
0.570105
1.35497
0.510847
0.677236
0.249691
0.687705
0.156413
0.68471
0.694375
0.40077
0.69778
3.54947
0.0626003
0.948044
0.212901
1.15027
1.01053
0.865242
0.869472
1.21292
0.103441
1.57907
0.479825
0.31954
0.511729
0.259775
0.249858
0.0833015
0.1617
0.0254766
1.26086
0.0210345
0.245788
0.815044
0.177353
1.20894
0.195499
0.02959
0.757867
0.248545
0.20234
0.385945
0.90008
0.152979
0.0148557
0.0076378
0.771135
0.0354802
0.178297
0.0853617
0.752513
0.524812
0.246484
0.0487606
0.529257
0.308256
0.0933606
0.529296
1.24234
0.0592896
0.202838
0.578533
0.715522
0.068492
0.413721
0.394336
0.0476426
0.373263
0.181362
0.0260611
0.433514
0.64109
0.111979
0.210475
0.357077
0.109926
0.0316872
0.0438136
0.0345797
0.0416128
0.0792589
0.746666
0.721422
0.155677
0.493934
0.442422
0.281089
0.420883
0.0254676
0.49807
0.0753574
0.270146
0.466485
0.256369
0.031946
0.142649
0.534513
0.289788
0.783218
1.16191
0.467914
0.157552
0.641821
0.00596648
0.227239
0.154792
0.859274
0.03118
0.0385307
0.373134
0.146716
0.00787558
0.533245
0.772678
0.0765709
0.30689
0.214847
0.406412
0.215629
0.520825
0.167859
1.465
0.397382
0.32249
0.871445
0.393076
0.872074
0.137086
0.168233
1.23841
0.0182282
0.582397
0.283457
0.911749
0.21066
0.435034
0.0859176
0.371179
0.0127174
0.0490346
0.0038579
0.0995647
0.467448
0.0682162
0.322515
0.15203
0.354971
0.298659
0.218066
0.65305
0.267266
0.0215325
0.280031
0.170225
0.52935
0.384877
0.12324
0.392682
0.783303
0.345546
0.115093
0.702391
0.122078
1.79599
0.035537
0.0399863
0.712395
1.27265
0.339803
1.31767
0.0124021
0.706902
0.152735
2.0965
0.110034
2.68287
0.293283
0.229105
0.00336698
0.798469
0.192325
0.54131
0.220919
0.396003
0.36832
0.0841113
0.179014
0.00742939
1.0823
0.488825
0.183434
0.258021
0.154896
0.24501
0.801831
0.0689523
0.024166
3.55293
0.12008
0.155295
0.125973
0.0832404
0.384769
0.388395
0.783981
0.145393
0.837737
0.257601
0.894606
0.580561
0.0808964
0.556702
1.28914
0.159367
0.0861216
0.177318
0.0403291
0.247731
0.553005
1.64044
0.0752131
0.140449
1.44893
0.141504
0.612957
0.193978
0.266311
0.120596
1.11585
0.962699
0.138059
0.0657387
0.50615
0.511009
0.591972
1.10603
0.0249626
0.337925
1.08694
0.304468
0.101864
0.793993
0.622807
0.395183
0.0103577
0.435173
0.0648245
0.554987
1.56757
3.11103
0.504238
0.130681
0.424349
0.0382484
0.66693
0.0291873
0.00734866
0.118894
1.01422
0.122553
0.320187
0.0625892
0.367803
0.917705
0.32125
1.27996
0.489488
0.578076
1.2673
0.192731
1.40764
0.302718
0.0681243
0.755445
0.314837
0.827507
0.222378
0.0161003
0.426451
0.143468
0.200359
0.00324147
0.466072
1.40611
0.245463
0.0645977
1.76256
0.0308842
0.650738
0.185561
0.931851
0.161609
0.869387
0.266106
0.098641
0.0757757
0.35227
0.588676
1.01384
0.345681
0.329911
0.645089
0.210014
0.197445
0.113843
0.195961
0.40437
0.912244
0.0152791
0.863695
0.451984
0.926998
0.965787
0.200817
0.192455
0.500905
0.13064
0.355635
0.2788
0.485417
0.035176
0.742504
0.114273
0.933085
0.604913
0.193859
0.629915
0.849413
0.0173217
0.165662
0.0139362
2.06379
0.0192376
0.231826
0.574314
1.85833
0.20767
0.276649
0.0687922
0.222216
0.399552
0.220376
0.865116
0.038806
0.0475453
0.403179
2.26453
0.508341
0.209577
0.539794
0.0329446
0.609121
0.202631
0.0329803
0.886402
0.129297
0.585395
0.755866
0.44564
1.40226
0.423052
0.246471
0.919775
0.406228
0.476658
0.411606
0.255379
0.0660734
0.344913
0.388343
0.00151809
1.51523
0.201864
0.984769
0.0344104
0.730083
0.300141
0.655039
0.337167
1.14315
0.61451
0.481824
0.0811627
0.167839
0.310743
0.110091
0.357045
0.539893
0.112486
1.58384
0.265574
0.535829
0.464618
0.551162
0.276348
0.183196
1.02203
0.291401
0.0624499
0.246274
0.758383
0.111712
0.0943957
0.335678
0.232986
0.102911
0.328157
0.108838
0.580266
0.0207154
0.0525785
0.48697
0.827423
0.866972
0.0591769
1.72091
0.035754
1.02592
0.189596
0.0314359
0.0837158
0.030465
0.325208
0.486929
0.164989
0.764952
0.202546
0.0780034
0.62545
0.0230302
0.433303
0.684357
0.645964
0.285921
0.626867
0.543581
0.0795877
0.115171
0.877102
0.502162
0.651237
1.02646
0.517427
0.910776
0.0275746
0.797328
0.389126
0.0500134
0.819666
0.460712
0.487434
0.577546
0.189545
1.04681
0.59799
0.290115
1.62609
0.678858
0.292069
0.525973
0.0143199
0.369559
0.0365218
1.0588
0.726286
0.606855
0.708385
0.230513
1.13705
0.662356
0.227373
0.062376
0.108683
0.347431
1.13228
0.0941992
0.0103312
0.620128
0.419705
1.57632
0.567041
1.13409
0.309769
0.456237
0.332926
1.79338
0.524632
0.15813
1.10261
0.280251
0.363169
0.916594
0.356166
0.102356
0.160535
0.551107
0.836912
0.117992
1.55982
0.434048
0.151031
0.627866
0.132613
0.322426
0.574355
0.271349
0.0759851
0.403603
0.221318
0.0947101
0.136139
0.0361041
0.862679
0.363323
0.205619
0.870481
0.996126
0.649268
0.948116
0.621534
0.123214
0.960454
0.119255
0.291155
0.351068
0.604028
0.296764
0.128071
0.899808
0.70319
0.817973
0.380984
0.244431
0.968338
0.649485
0.906156
0.844145
0.321933
2.15502
0.132282
1.53039
0.43382
0.0258044
0.245744
1.18963
0.220451
0.282025
0.331555
0.144666
0.379194
0.147051
0.262019
0.0825332
0.252235
0.359801
1.14358
0.0875511
0.580044
0.604771
1.15276
0.121842
0.710036
0.809102
1.40525
0.507218
0.55359
0.309317
0.26292
0.0425482
0.0266775
0.133587
0.420091
0.409675
0.943856
0.0632708
0.640853
2.54183
0.929682
1.44177
1.01158
0.333614
0.943168
0.476115
0.369546
0.994837
0.833934
0.240587
0.190348
0.210184
0.0426609
0.379675
0.878203
0.0157119
1.30826
0.068695
0.357344
0.435518
1.92701
0.766349
0.333907
1.15905
0.0936923
1.14719
0.297818
0.741605
0.216337
0.0507258
0.305713
1.26211
0.265965
0.251417
1.08713
0.100048
1.27991
0.343062
0.163289
0.482451
0.103671
0.145726
0.107695
0.688484
1.06797
0.365983
0.317289
0.483249
0.258827
0.269634
0.437524
0.0761534
0.266539
0.642594
0.114992
0.031
0.24464
0.09445
0.000594521
1.79428
0.337429
0.256313
1.4827
0.71712
1.54266
0.541683
0.451499
0.134292
0.621225
0.126552
0.151367
0.0296814
0.562215
0.305546
1.03486
0.445808
0.142333
0.552007
0.931763
0.851243
0.151499
0.209396
0.546609
0.227246
0.263175
0.0798501
0.646033
0.0366766
0.6295
0.974534
0.419446
0.107233
0.118745
1.23784
0.276829
0.465482
0.0663287
0.00874639
0.294089
0.2876
0.363868
0.112743
0.992729
0.052407
0.281626
0.946676
0.282852
0.171883
0.131492
0.400918
1.92059
0.102951
0.41367
0.797696
0.0272126
0.163049
0.811405
0.143337
0.0232981
0.0963264
0.0638201
2.04804
0.232294
0.431619
1.2021
0.576967
0.0979449
1.25008
0.490421
0.306082
0.510944
1.21962
1.79411
0.197178
0.0889412
0.967347
1.26741
0.476123
0.496327
0.306866
1.22487
0.174528
0.0603393
0.510042
2.51863
1.13773
0.0482653
0.392687
1.0062
0.319813
0.329929
0.02247
0.440353
0.549641
0.267777
0.055439
1.32365
0.227218
0.835961
0.117215
0.182663
0.291351
0.0956707
1.31941
0.114535
0.954342
1.35542
0.527794
0.228761
0.593536
1.62496
0.156687
0.329173
1.16016
0.893213
0.959883
0.254394
0.135453
0.349836
0.0823187
0.16503
0.751788
0.134594
0.314196
0.202679
0.0702178
0.030863
0.0300803
0.18161
0.963554
0.278085
0.946039
0.115323
1.09678
0.593748
0.071079
0.106721
0.202967
0.438303
0.0232414
0.221038
0.0683607
0.622931
0.679363
0.819944
0.266351
0.0101106
0.294275
1.20895
0.219297
0.294176
0.0240346
0.778617
0.306986
0.0509681
0.838192
0.152686
0.719714
0.564313
0.188403
0.415134
0.169656
0.0168369
0.381116
0.304042
0.25231
0.0083345
0.896975
1.68258
0.118802
0.271538
0.903405
0.5623
0.243776
0.221967
0.101613
1.26592
0.500176
0.129495
0.947436
0.161147
0.431253
0.628931
0.272995
0.13686
0.356449
0.930554
0.354204
0.71943
0.269451
2.22826
2.52981
0.18571
0.175991
0.70237
0.0206235
0.0731378
0.0546659
0.527544
0.289513
0.480581
0.105089
1.34028
0.1836
0.162066
1.4682
0.168751
0.216037
0.382981
0.522246
0.0573307
0.66596
0.305715
1.48898
0.427399
0.872797
0.332669
0.382013
0.363127
0.087816
0.0868578
0.059256
0.200636
0.143561
0.592914
0.42462
1.82727
0.0782001
0.231306
0.587834
0.0807362
0.047631
0.0944153
0.017246
0.864427
1.63753
0.303783
0.521049
1.39834
0.420862
0.663246
0.18841
0.666759
0.387245
2.75327
0.716027
0.103376
0.106165
0.125031
0.354589
0.0801305
0.70778
0.286174
0.347408
0.364834
1.02467
1.17414
0.223429
0.534752
0.106906
0.208738
0.0620939
0.861831
0.28428
0.362086
0.121013
1.21173
0.515057
0.31105
0.648475
0.415787
0.918309
0.62765
0.0917657
0.0526158
0.693319
0.592345
0.650008
0.501438
0.807051
0.138069
0.246425
1.1319
0.923099
0.143483
0.641779
0.490379
1.30321
0.558516
1.20426
0.140414
0.0234149
1.27751
0.147781
0.565209
0.0241581
0.683374
0.187751
0.364676
0.186678
0.661997
0.0818197
0.0248451
0.660325
0.0975959
0.156768
0.32091
1.1651
0.0379239
0.493794
0.873582
0.0463418
0.642917
0.115221
0.0966749
0.750025
0.0196853
0.935161
0.326759
0.797549
0.0267672
0.0495675
0.136199
0.473019
0.136193
0.303967
0.00364521
0.0441449
0.15594
0.061638
0.164593
0.111278
0.345047
0.809396
1.1397
1.01021
0.243636
0.30904
0.251692
0.320951
0.509521
0.560893
3.30723
0.312506
1.62574
0.16402
0.216539
0.330658
0.601866
0.577635
0.147444
0.143666
0.208315
0.663209
1.92809
0.400855
0.015423
0.361382
0.661398
0.785923
0.900679
0.448
0.250806
0.315237
1.67988
0.0339154
0.128508
0.11742
0.69493
0.112565
0.044983
0.0182718
0.0533282
0.171504
0.113031
0.442869
0.499518
0.0446578
0.0209565
1.03966
1.10519
1.62281
0.313843
2.12597
0.642455
1.2588
0.303844
0.722674
0.109048
0.223976
0.263201
0.523469
0.412947
0.0932181
0.566779
0.029817
1.73888
0.0305764
0.000308325
0.223798
0.446827
0.166283
0.00740209
1.98892
0.158968
0.258418
0.130802
0.629414
0.020038
0.137059
0.473052
0.555699
0.913437
0.337214
0.62736
0.244833
0.0775901
0.871052
0.128861
0.238992
0.068032
0.0373346
0.149116
0.0192822
0.836011
0.372311
0.0623809
0.208194
0.0272164
0.253145
1.69458
2.06055
0.163859
0.284443
0.474946
0.210642
0.10443
1.60142
0.948018
0.122437
0.275174
0.43017
0.199134
0.251632
0.151381
0.264077
0.0157308
0.392929
0.417382
0.0796499
2.15582
0.44942
0.937832
0.159009
0.249347
0.623744
0.464969
0.197007
0.176688
0.134462
0.0392021
0.258986
0.473026
0.202968
0.474301
1.45946
0.414322
0.240127
0.702192
0.431667
0.444351
0.0749744
0.208471
0.111838
0.419163
0.0412212
0.0156145
0.705926
0.16187
0.0939587
0.194848
0.143875
0.458851
0.566854
1.019
0.14541
0.139716
0.192942
0.742741
0.00415759
0.0955282
1.80432
0.633199
0.0161346
0.586546
0.737111
1.26537
0.0930061
0.717111
1.07323
0.19679
0.226469
0.837227
0.107402
0.779879
0.247492
0.76401
0.321561
0.277
1.27799
0.34468
0.481051
0.134016
0.472479
0.108153
0.08584
0.19812
0.346094
0.285535
0.234446
1.49569
2.02941
0.694766
0.880692
0.290232
0.0795736
0.804882
0.597415
0.442683
0.0294523
0.267777
0.0606646
0.198442
0.756886
0.079569
0.553157
0.522776
0.237135
0.211024
0.47335
0.404369
0.903014
0.366553
0.554041
0.320647
0.151074
0.745278
0.154379
0.504527
0.76385
0.183985
0.139978
1.77948
0.378087
0.785695
0.14001
0.803311
0.0661497
0.684516
0.0470383
0.0250568
0.349068
0.18795
0.0610816
0.673294
0.0287044
0.597166
0.0290789
0.43143
0.131939
0.0431579
0.989348
0.293936
0.430029
0.195703
0.603663
0.758917
0.0762648
0.495888
2.6657
0.600588
0.746438
0.0220213
0.086386
0.746105
0.36815
0.273934
0.362939
0.0541304
0.353862
0.0570875
0.294824
0.0759186
0.502672
0.00335602
0.282308
1.16316
0.6613
1.22977
0.276753
0.0773092
0.667801
0.716787
0.167009
0.340987
0.0423083
0.517999
0.54086
0.127494
0.8753
0.0706082
0.306869
1.95399
0.345522
0.808541
0.108768
0.81136
1.48644
0.131075
0.748389
0.696793
0.753641
0.0315535
1.00014
0.0231446
0.144282
0.984746
1.58135
1.00644
0.361745
0.537595
1.12611
0.336507
0.456993
0.575181
0.119515
0.189257
0.143821
0.132236
0.730919
1.74842
1.02354
0.00321586
0.695219
0.486402
0.450623
0.173667
0.601344
0.271482
0.672105
0.528705
0.00652695
1.77384
0.0530907
0.0588136
0.0622055
0.0724897
0.158485
0.439111
0.203846
0.143185
0.114177
0.158661
1.11825
0.337665
0.276754
0.0839347
0.166307
0.444355
0.110822
0.11911
0.459802
0.286723
1.17718
0.0478125
0.634333
0.709806
1.38765
0.256232
0.190893
0.915476
0.340096
1.32184
0.0214177
0.659426
0.0503602
0.214704
0.270614
0.74917
0.488672
0.232387
0.404874
0.240536
0.147127
0.193913
1.33386
0.282011
0.125649
0.57695
2.69533
0.236985
0.110404
1.47155
0.135563
0.190822
0.12501
1.52606
0.64704
0.223182
0.205333
0.30832
0.203454
0.32606
0.413438
0.25047
0.468362
0.0941419
0.276208
0.463382
0.138203
0.835146
0.0276818
0.115656
0.790806
0.699899
0.468262
0.962491
0.125289
0.142924
0.483315
0.13873
0.140832
0.552472
0.0147424
0.190702
0.318588
0.656327
0.0813526
0.621173
0.629353
0.305498
2.10748
0.619465
0.0575312
0.679407
0.100514
0.644527
0.0783192
0.790568
0.0560359
1.04646
0.155905
0.142929
0.667149
2.68041
0.0289474
0.260054
1.67319
0.108365
1.06988
0.0617291
2.30351
0.136872
0.913304
0.736547
0.432659
0.500519
0.31467
0.858304
0.116408
0.879401
1.86064
0.123842
0.220269
0.348848
0.520139
0.0725706
0.489088
0.503088
0.0612518
0.80941
2.17806
0.252604
3.68915
0.347806
0.103623
1.32171
0.66473
0.376378
0.782589
0.328975
0.306286
0.226381
1.35242
1.26055
0.107904
0.251957
0.990395
0.179476
0.945067
0.161542
0.101319
0.974989
0.68367
0.939371
0.105672
0.814047
0.653457
0.0621536
0.452046
0.578671
0.120982
0.0453779
0.0895548
0.0573747
0.0285421
0.393362
0.115322
0.979577
0.441889
0.0173387
0.895196
3.05156
0.273598
1.74475
0.0585506
0.147935
0.375649
0.138004
0.641461
0.538554
1.10635
0.121211
0.0635554
0.0805397
0.316294
1.02174
0.108518
0.0212423
0.0441006
1.17624
0.0527824
0.782139
0.19034
0.086048
0.119823
0.31383
0.69659
0.0448367
0.390646
0.370325
0.223223
0.125183
0.338456
1.60838
0.171226
0.42327
0.388766
0.379117
0.0200024
0.0472423
0.170629
0.190143
0.508755
0.23627
0.135828
0.0513388
0.0326469
0.203524
0.0293927
0.374129
0.0499946
0.133411
0.0150749
0.0902706
0.117946
0.662802
0.212413
0.100732
0.655395
0.631962
0.175552
0.241166
0.195482
0.556808
0.0520891
0.81718
0.207725
0.518981
0.227696
0.00555456
0.565977
0.240349
0.223947
0.803678
0.44851
0.252378
0.261712
0.0229093
0.600917
0.0523644
0.075497
0.300748
1.23172
0.00603703
0.616704
0.0826156
0.682697
0.350648
0.600546
0.216058
0.00599141
0.107376
0.0503362
0.48296
0.607118
0.239544
0.49274
0.486087
0.435584
1.12604
0.130583
0.0231751
0.130864
0.188349
0.193024
0.517479
0.305584
0.411811
0.274438
0.183779
0.299736
0.149587
0.766577
0.077157
0.216452
0.44445
0.354219
0.00664744
1.72325
0.434562
0.351218
0.110327
1.13107
1.46934
0.190648
0.127179
0.461623
0.806741
0.090989
0.218323
0.195956
0.286784
0.0336122
0.604307
0.144116
0.554627
1.72458
3.39101
1.41563
0.268944
0.0265311
0.41861
0.0179908
2.37284
1.64381
0.243329
0.0680715
0.131497
0.58134
0.210033
0.671378
0.157649
0.0547095
1.6832
1.30021
0.121212
0.0845367
0.238621
0.245344
0.552264
0.620328
0.355526
0.482122
1.85084
0.0912195
0.832242
0.49741
1.40178
0.454228
0.19845
1.58882
0.271902
1.38182
0.0636948
0.160151
0.178331
1.46838
0.454331
0.63287
1.20096
0.121777
0.0257386
0.167646
0.834169
1.02069
0.485959
1.63543
0.757789
0.858861
0.426064
0.611819
0.046853
0.23727
0.0925008
0.52781
0.410721
0.205873
0.324762
0.784695
0.145001
1.72111
0.165636
0.263249
0.462186
0.183345
0.214621
0.452488
0.607537
0.419568
1.82777
0.435206
0.427973
0.0112147
0.742984
0.968483
0.282024
0.324017
0.624918
1.30359
0.464014
0.511712
0.107201
0.216592
0.522541
0.460701
0.315305
0.101955
0.167942
1.36627
0.516629
0.175963
0.0535434
0.781375
1.40014
0.146421
0.482586
1.28176
0.184709
0.0391504
0.799658
0.256645
0.497808
1.07575
0.111509
0.642013
0.812805
0.370536
0.685257
0.267874
0.0113057
0.727263
0.238933
1.07659
0.301447
0.743534
0.0221182
0.162677
0.787298
0.273557
0.0969107
0.184635
0.2116
0.172814
0.273435
0.806443
0.0932112
0.330851
0.0268494
0.623681
2.61993
1.18168
0.24877
1.33976
0.0621047
0.0772327
0.379801
0.815666
0.252906
0.0642387
0.2249
0.139987
0.114495
0.75293
0.721076
0.361145
1.01974
0.327121
0.0586462
0.0593766
1.33117
0.0722079
0.0380157
0.336562
0.383508
1.10282
0.119305
0.725914
0.747831
0.394282
0.156056
1.58889
0.363558
0.0886181
0.713834
0.391875
0.255537
0.175413
0.0412827
1.35311
0.334717
0.91849
0.569694
0.360646
0.64531
0.25048
0.883038
1.57594
0.0755665
0.310684
0.0693659
0.0835004
1.3682
0.922603
0.476877
0.251292
0.205981
1.1545
0.0253878
0.042243
0.494092
0.410435
0.057138
1.58237
0.192253
0.00305658
0.28135
0.430752
0.464282
0.118998
0.487265
0.397995
0.771436
0.128696
0.0563246
0.397871
1.14076
0.373629
0.0772672
0.374989
0.699779
0.47848
0.0662497
0.587219
0.709205
0.0228245
1.86144
1.01981
0.750876
0.269484
0.518677
0.688912
0.358281
2.0339
0.215825
1.2574
0.540409
0.0467716
1.09562
0.208364
0.860204
0.539387
0.268456
0.313435
0.5456
2.3541
0.242926
0.800554
0.327897
0.536739
0.0392788
0.775061
0.100466
0.275226
0.449587
0.0769416
0.0786997
0.64577
0.519617
1.40713
0.290699
1.32923
0.408474
0.0176345
0.285184
0.624424
0.0902973
1.59624
0.680851
0.512109
2.44572
0.731803
0.970947
0.205332
0.292872
0.580011
0.214733
0.0223424
0.33251
0.757999
0.228698
0.224078
0.466649
0.417434
1.22272
0.0187625
2.99571
1.96381
0.0322026
0.205334
0.333598
0.413652
0.385182
1.80661
0.811378
0.0359219
0.0658041
0.415607
0.119095
0.109913
0.634471
0.0360295
0.335385
0.207404
0.370028
0.444179
0.7178
0.251662
0.989658
1.07384
0.593079
0.159205
0.104963
0.359886
0.167405
0.0147453
0.265109
0.321826
0.0577656
0.721962
0.397051
0.306763
0.0259016
0.334751
0.273608
0.0982989
0.594705
1.41206
0.193839
0.148866
0.827441
1.39723
0.174065
0.0792025
0.0862591
0.104283
1.65638
1.73729
0.262749
0.571434
0.110564
0.162879
0.558208
0.369385
0.158531
0.607961
0.784159
0.345007
0.0684089
0.0675746
0.522436
0.218199
0.473466
0.0353775
0.0446619
0.0915843
0.0133899
0.0615623
0.0166932
0.990806
0.115329
0.0365408
0.321932
1.92401
0.514127
0.180474
0.151043
0.0105732
0.56571
0.333163
0.0314215
0.602524
0.188668
0.571505
1.60789
0.513234
0.409568
0.152471
0.306595
2.59922
0.0746405
0.566063
0.185217
1.04295
0.50174
0.375185
1.05317
1.00317
0.79388
1.38059
0.366148
0.071917
0.469297
0.325215
0.705976
0.572604
0.643927
0.444267
2.23193
0.271662
0.151003
0.0142606
0.437152
1.3216
0.305391
0.0231201
0.313391
1.07449
0.147241
0.0964674
0.0134625
0.336963
0.267148
0.630199
0.375562
0.966895
0.638703
1.11205
0.0458849
0.634429
0.559079
0.0525226
1.32937
1.12089
1.3162
0.326233
0.440547
0.226221
0.367286
0.346002
1.11499
0.69337
0.0629834
0.116047
0.109853
0.0508675
0.710084
0.109063
0.716251
2.24072
0.789832
0.00634162
0.860395
0.838281
0.872843
0.699213
1.25617
0.19721
1.10398
0.351879
0.104613
1.65226
1.16327
0.0421463
0.511936
1.15145
0.873092
0.122711
0.507393
0.791676
0.710368
0.347126
0.741401
0.801411
0.169665
0.144931
0.111546
0.622065
0.228325
0.264297
0.249728
0.34475
0.788108
0.0277506
0.252232
0.286992
0.0052257
0.677245
0.319145
0.487489
0.248255
0.247249
0.78204
0.48895
1.06018
0.208995
0.80882
0.0289733
0.128834
0.55471
1.08565
0.361306
0.334674
0.0562709
1.37631
0.237531
0.494663
0.609721
0.176267
0.163128
0.657256
0.402925
0.0972381
0.232921
0.831908
0.350792
0.0492864
0.56644
0.251439
0.20517
0.839329
0.26219
0.405815
0.292877
0.754541
0.709654
0.59819
0.321792
0.345921
0.370526
0.435845
0.41982
0.486762
0.0865045
0.0686827
0.080979
0.0169461
0.0430096
0.171957
0.00428642
0.315372
0.248091
0.022784
0.561555
0.136426
0.267958
0.549534
0.126452
0.537912
0.379969
0.289164
0.0205562
1.66131
1.83079
0.108525
0.126345
1.00389
0.0193845
0.0648531
0.361746
0.55901
0.212256
0.666586
0.00579239
0.436122
0.31744
0.187478
0.120827
2.14224
0.244535
0.00578583
0.226291
0.00556272
1.48651
0.215274
1.0853
0.0839167
0.738983
0.180332
1.30772
0.849153
0.284128
0.484466
1.39559
1.17196
0.209875
0.141699
0.504629
0.0159018
0.0589541
0.189529
0.348752
0.0183198
0.536911
0.0249609
0.287447
0.480955
0.000661029
0.114804
0.0193127
0.80236
0.607426
0.307753
0.0201566
0.0347554
0.444079
0.244252
0.10063
1.23139
0.040284
2.42636
0.773577
0.434424
0.42389
0.31644
0.318361
0.606813
0.202977
0.827503
0.204196
0.0403752
0.865467
0.0893178
0.296316
1.16781
1.26268
1.43449
0.0427473
0.110102
0.827088
0.554396
0.263795
0.301497
0.594975
0.594538
0.129504
0.0331218
0.163816
0.262226
0.157837
0.619402
0.348779
0.332006
0.0303408
0.399027
0.266756
2.30422
0.324638
0.474885
0.400925
0.0482806
0.00510909
0.991638
0.0302384
0.184795
0.0321646
0.0741167
0.349681
0.41117
1.62203
0.284547
0.456178
0.590431
0.00608547
0.190789
0.304596
0.375986
0.424809
0.57855
1.38739
0.971264
0.99826
0.336261
0.236448
1.71386
0.281517
0.755929
0.0281561
0.167093
0.374388
0.115972
0.121044
0.6582
0.0334666
0.0668586
0.466294
1.06772
0.3688
1.03011
0.211248
0.382936
1.53197
0.0266808
0.207697
0.0204439
0.208515
0.0866471
0.0856235
0.109995
1.2629
0.395146
0.311001
0.963911
0.0976217
2.06718
1.02849
0.240344
0.149737
0.368504
0.0638562
0.025475
1.01662
0.759191
0.0845264
0.0469547
0.337848
0.409026
0.12888
1.04347
0.826135
0.384822
0.235307
0.0154525
0.321922
0.77904
0.301896
0.0168352
0.323596
0.18367
1.15721
0.0464536
0.0804656
0.216252
0.139969
0.695985
0.0153579
0.249249
0.617682
0.638064
1.13557
0.478317
0.00991007
0.908429
0.153799
0.190923
0.377013
0.914775
0.627955
0.0463912
0.136273
0.348196
0.637278
0.364406
1.28733
0.527002
0.0495385
0.219884
0.0959376
0.205504
0.157079
0.0619491
0.371534
0.631593
0.779862
0.15717
0.206853
0.167511
0.435742
0.063244
1.31896
0.0770914
0.310244
0.100098
0.175037
0.0945005
0.261518
0.101008
0.177312
1.42739
0.292685
0.104176
0.0188916
0.0964543
0.548631
0.0504171
0.0406419
0.0462962
0.19745
0.191058
0.519196
1.28639
0.139375
0.530427
0.0454902
0.472985
0.78639
0.0471803
0.250464
0.339857
0.964063
1.24049
1.2237
1.06975
0.440641
0.560607
1.00791
0.0636901
0.0725738
0.627676
0.271383
0.817877
1.16602
0.0363622
1.11261
0.0686331
0.598479
0.259076
0.261502
0.999543
0.208775
1.25006
0.405666
0.122222
0.751141
0.255792
0.298495
0.191456
0.73715
0.126752
0.315778
0.521076
0.145524
0.0551104
0.0201017
0.176125
1.29347
0.1526
0.525354
0.714819
0.327053
1.28462
0.598621
0.939422
0.299655
0.694209
0.0885847
0.858176
0.284057
0.156135
1.25573
0.0680487
0.413275
2.56891
0.203671
0.202634
0.0601744
0.649909
0.637847
0.992114
0.151648
0.0201181
0.874275
0.0767525
0.59211
0.190285
1.10999
0.409363
0.132994
0.18594
0.514815
0.410446
0.149185
0.689057
0.672782
0.430455
0.240366
0.62122
0.0919042
1.84902
0.537866
0.00176488
0.124261
0.194518
0.648097
0.0464303
0.286923
0.603392
0.0256374
0.0286362
0.37839
0.434442
0.872374
0.00163611
1.18375
1.32684
1.25128
1.35165
0.106861
0.0637145
0.973448
0.226613
1.15113
0.685442
4.11598
0.376514
1.35843
0.231026
0.743028
0.106196
0.0317166
0.00516338
0.552295
0.0306311
0.651174
0.179912
0.045397
0.694324
0.0688887
0.102649
0.170791
0.0967655
0.169808
0.561743
0.180013
0.305613
0.052514
0.553033
0.154216
0.490584
0.351542
0.439397
0.200301
0.621373
0.530476
0.540066
0.0959806
0.375517
0.0737354
0.295404
1.46474
0.050395
0.261561
0.0188071
0.288954
0.0438578
0.279479
0.575201
0.27719
0.445646
0.013373
0.411775
1.13888
0.0352791
0.000970604
0.450974
0.0447069
0.399665
0.0357304
0.0709728
0.051375
0.0875793
0.330636
0.19623
0.53773
0.295795
0.126809
1.55163
0.198625
1.18885
1.233
0.588725
0.240693
0.35462
0.540582
0.0313566
0.5273
0.443702
0.0902747
0.196813
1.10987
0.0787344
0.641797
0.788724
0.199787
0.0651414
0.0118098
0.19413
1.12173
1.35928
0.143731
1.69973
0.77865
0.594214
1.18114
0.593029
0.698853
1.28404
0.102415
1.19387
0.344659
0.154985
0.437386
0.111043
0.0989443
0.353718
0.630389
0.205781
0.295192
0.00178944
0.0218886
1.10344
0.360723
1.88719
0.148069
1.06055
0.95018
0.0545435
1.6347
0.931299
0.254345
0.141488
0.173448
0.34218
0.20762
0.188687
0.0680101
0.281025
0.211291
0.335552
0.11186
0.0879917
0.0606306
0.191181
0.307277
0.249118
0.0218203
0.588599
0.0383589
0.0976837
0.597941
1.4012
0.264946
0.141531
0.235258
0.00744558
0.273528
0.483769
0.0254864
0.130948
0.332765
0.103171
0.446135
0.7058
0.142154
0.0731006
0.0117965
1.08383
0.350337
0.362621
1.3024
0.527581
1.06049
0.4793
0.605223
0.281148
0.618228
0.0264504
2.58377
0.126564
0.442069
0.376279
0.119806
0.00861528
0.0601988
0.301089
0.110084
0.207087
0.32888
0.808247
0.133523
1.34521
0.472864
0.125448
0.280211
0.673435
0.172312
0.30952
0.0482725
0.723397
1.24194
2.15413
0.886844
0.697905
0.0230076
0.964205
0.472118
0.318036
1.27485
0.170371
0.0869643
0.0651031
1.12134
0.37233
0.27461
0.496709
0.122054
0.20694
0.121797
0.435697
0.336586
1.46356
1.69083
0.6253
0.463844
0.248813
0.825102
1.04063
1.63029
0.100155
1.00492
0.604811
0.18247
1.3018
0.086484
0.396794
0.393576
0.322101
1.57313
0.0441816
0.253031
0.526527
0.374951
0.0859069
0.124884
0.556128
0.444545
0.875728
0.496757
0.861399
0.923412
1.18599
1.98502
0.823968
0.399572
0.551369
0.667261
2.272
0.199055
0.47796
0.264915
0.491098
2.04825
0.334784
2.41613
0.0376104
0.973223
0.169247
0.143561
0.595263
0.515956
0.143775
0.0404734
1.00783
0.715476
0.709977
0.195122
0.330161
0.0431624
0.00169906
0.00775067
0.369055
1.82449
0.640908
0.350759
0.404763
0.641379
1.15893
0.737432
0.251986
0.290435
1.74509
0.309188
0.0361717
1.3738
1.90055
0.276154
0.414693
0.853836
0.0563847
0.218029
1.35425
0.0237404
0.222992
0.150122
0.0606045
0.388161
0.100098
0.171693
0.642574
0.0109526
0.086129
0.353776
0.587341
0.014278
0.0834936
0.677493
0.485022
0.0157254
0.229772
0.0961853
0.11589
0.0180336
0.237945
0.158554
0.160084
0.539725
0.165036
1.29805
0.807172
0.0259836
0.05625
0.184974
0.129552
0.18393
1.49078
0.524725
0.225624
0.697096
0.183002
0.211698
0.29986
0.390058
0.309532
0.182042
1.35348
0.190133
0.260089
0.570453
0.551143
0.118498
0.23697
1.10384
1.63862
0.897797
0.404637
0.912908
0.489578
0.842438
0.950126
0.89721
0.160375
0.745858
0.530042
0.473036
0.310793
0.0476097
0.370654
0.495693
0.416282
0.0440897
0.418656
0.633766
0.25432
0.652469
0.0643363
0.142753
0.180336
0.012005
0.652215
0.817262
1.0379
0.313662
0.67922
0.418461
1.04582
0.468029
0.781715
0.202433
0.474038
0.376764
1.15338
0.177977
0.481546
0.436152
1.10633
0.0832723
0.294111
0.92994
0.177012
1.0526
0.390106
0.112165
0.206019
0.685359
0.169512
0.446214
0.947225
0.116601
1.55202
1.17903
0.000694271
0.193595
0.594907
0.00295508
0.0199195
0.265805
0.137415
0.583226
0.0638703
0.315557
0.594383
0.512231
0.311565
0.01587
0.0409664
0.0756967
0.127576
1.47943
0.0408038
0.0562297
0.601794
1.59889
0.24601
0.228891
0.306521
0.509214
1.52076
0.148781
0.578568
0.0705184
0.906689
0.676731
0.00263135
0.122873
1.15299
0.00398237
0.201528
0.180131
0.134116
0.0958991
0.155335
0.119401
0.171606
0.497413
1.88946
0.00180644
0.473463
0.0141495
1.56009
1.88817
0.00795969
0.288661
0.395442
1.76678
0.129034
0.994368
0.532569
1.57856
1.12996
0.0146642
0.723913
3.25205
0.901897
0.20938
0.189295
0.066947
0.116497
0.112232
0.0826511
0.703908
0.628625
0.349762
1.29581
0.0990693
1.55133
1.03168
0.0322836
1.10072
0.259529
0.329858
0.854718
0.32194
0.0652295
0.488894
0.094285
0.26208
0.227274
0.00827447
0.945917
0.441178
0.0800621
0.800588
0.621129
0.170637
0.364659
0.0134594
0.247772
0.363174
1.31535
0.268744
0.0648695
3.1912
0.431857
0.168587
0.278573
0.143087
0.637009
2.44933
0.564214
0.137213
0.403904
0.978122
0.579277
0.47694
0.123707
0.787261
0.0892572
0.67934
0.460883
1.18173
0.395069
0.162957
0.441543
0.124184
0.184708
0.0266875
0.401795
0.103147
1.37296
0.0942439
0.152995
0.286381
0.279853
0.988499
0.338448
0.834525
0.0654738
0.879627
0.168339
0.309288
1.08929
0.260861
0.0456636
1.34603
0.316833
0.325242
0.124209
1.96642
0.764909
0.0114078
0.0637045
0.412066
0.101506
1.82378
0.0537536
0.0731039
0.0639989
0.158088
0.957967
1.36842
0.194557
0.477149
1.23894
0.378414
1.57407
0.299473
0.25316
0.157959
0.597942
1.49571
0.00719074
1.94689
0.559275
0.149906
0.658129
0.276297
0.203302
0.0477661
0.179063
0.088201
0.0055972
0.0499015
0.256441
0.353926
0.0950206
1.02004
0.758949
0.235551
0.0874557
2.71764
0.639452
1.15324
0.899863
0.0324826
0.086883
0.8705
1.86727
0.437063
0.564082
0.822918
0.688073
0.24865
0.325578
0.0648828
0.247401
1.21295
0.171237
0.904908
1.62839
0.652929
0.190071
1.81592
0.0866244
0.364122
0.198129
0.591902
0.0968213
0.893332
0.373072
0.148578
0.460903
0.0999801
0.0233385
0.320627
1.14206
1.77611
0.173389
0.0425469
0.00655296
0.897775
0.28272
0.745551
0.201416
0.797054
0.56269
0.513383
0.211262
0.938351
1.44955
0.247493
0.79427
0.480998
0.400164
0.464179
0.926282
0.0435784
0.867932
0.812437
0.0466393
0.909419
0.55212
0.0579153
0.141621
0.536036
2.11076
0.203717
0.240638
0.2238
0.512273
1.69501
0.314834
0.720312
0.291171
0.824653
1.83167
1.54291
0.0237716
0.223138
0.250499
0.116289
0.526076
0.134639
0.480868
1.07798
1.13115
0.112206
0.303644
0.0560694
1.06961
0.0163271
1.54019
0.974233
0.0676631
0.141357
1.95857
0.429955
0.159313
0.897118
0.72211
0.640067
0.529121
1.02488
0.923927
0.508225
1.34608
0.429259
0.225986
0.346005
1.33439
0.531406
0.31964
0.272167
0.0534384
0.480592
0.204777
0.0287054
0.650517
0.171256
0.167103
0.72302
1.34386
0.372098
0.633374
0.585524
0.0684351
1.11783
1.59045
0.594371
0.367343
0.26732
0.0573599
0.472001
1.36841
0.187322
0.476255
0.209398
0.626549
0.464201
0.0662611
0.0136781
0.392202
0.277127
0.228918
0.0176358
0.323294
2.64716
0.49583
0.152774
1.43149
0.210469
0.235802
0.281467
0.822054
0.0776444
0.245366
0.059791
0.175803
0.185865
1.08518
0.638515
0.0696057
0.0927314
0.048867
1.1354
0.00324185
0.482449
0.0887767
0.12691
0.449547
0.441239
2.46271
2.17887
0.69264
2.07948
0.266679
0.328053
0.244398
0.0954997
0.100457
0.0913454
0.204676
0.808508
1.90533
4.32831
0.0395459
0.0459131
0.439512
1.36486
0.412541
0.106046
2.31516
0.0555685
0.871171
1.32961
0.320603
0.331936
0.961377
0.704865
0.425208
0.271218
0.429791
1.36313
0.71907
0.387761
2.1904
0.531156
0.409694
0.0720854
0.357906
0.879862
0.512103
1.22629
0.249022
0.0473442
0.261084
0.373041
0.744071
