6000
0.12249
0.915474
1.23242
0.405147
1.48376
0.615543
0.472568
0.757628
0.308456
2.36754
9.21034
1.22389
0.409583
0.469065
1.43819
1.34051
0.493665
0.289686
3.88241
1.41987
3.89921
0.746413
0.528316
1.03889
2.50562
0.134219
4.23604
2.21406
1.32034
1.48504
0.409598
0.791916
1.76352
0.951058
2.50438
0.567259
0.132679
0.396404
0.417142
0.524531
0.0642433
1.53467
1.03976
0.0686109
0.641377
4.3509
0.315696
3.61835
0.127356
1.5105
0.0347041
0.310384
1.17262
0.375101
2.3141
0.772266
1.40757
1.18362
0.280954
1.05065
0.51923
0.213474
1.3911
0.490827
0.105993
0.29994
0.39369
0.975022
1.10074
0.907263
0.267655
1.40814
0.0488826
1.67758
0.0183706
2.74885
0.403594
0.436951
0.969539
1.6636
1.63347
0.562481
0.643683
0.46884
0.50385
0.238174
4.11546
1.33657
0.0452359
0.415643
1.57964
2.76662
0.315597
1.40755
0.925338
1.36954
0.323695
0.987922
2.51018
0.463209
0.0105553
0.63346
1.05232
0.28907
0.257948
0.379831
0.505668
1.05833
0.504532
0.144076
0.141477
0.308993
0.769945
1.23076
0.172209
1.70452
0.690806
1.62152
3.58004
0.719017
0.117711
0.452688
0.168832
3.15398
1.04526
1.08776
0.73297
0.857014
1.04719
0.0600191
0.067431
2.93954
0.0787828
0.338266
0.726369
0.101475
1.70914
0.846481
0.118333
1.06517
0.144303
0.577819
0.278149
0.0098499
1.32679
0.985355
1.78816
1.31291
0.356486
2.08303
1.04703
0.0821534
0.816304
0.291283
0.0585835
0.397009
0.201774
3.92552
0.45756
0.103305
0.86108
0.88881
2.19814
0.309835
2.57016
2.07349
0.8727
1.0904
0.672184
0.653625
1.30603
0.103241
0.912717
0.140135
1.09489
1.48804
1.2609
2.70616
0.540765
0.270171
0.0805336
0.615708
2.094
0.661031
0.257748
1.25694
0.0208693
0.123872
0.139695
0.269883
0.467594
0.32953
0.460196
0.10336
0.515392
1.37766
1.75283
1.01389
0.432692
0.329444
0.40168
1.87564
0.225691
0.92858
0.370654
0.550668
1.14777
0.539026
0.236495
1.2869
0.187525
1.91875
2.1453
0.0209173
2.36039
1.17422
1.06233
1.17229
0.923781
0.456843
0.626828
0.350326
0.182175
0.113545
0.00116363
0.789187
0.0239127
0.142709
0.25234
0.333277
0.876671
0.68268
0.0760761
0.204493
0.321626
0.584973
0.638365
0.344528
0.389018
0.756778
0.831813
0.898519
1.07322
0.912343
0.93833
1.36544
1.25426
0.186619
0.25324
0.0396374
0.169864
0.91937
2.05774
0.0261205
0.389659
1.71885
3.31477
0.213946
0.172065
1.48181
0.0188376
1.02355
3.53011
0.743687
1.08003
0.874545
0.951009
0.908143
0.226771
0.0829372
1.16026
0.914102
0.634872
0.26679
0.987736
1.40091
0.234053
0.343306
1.45012
0.0613159
0.862778
1.04499
0.0478865
1.97807
4.33165
0.0602108
0.104752
0.673117
0.656136
1.04951
1.23942
0.650548
1.52079
0.0278692
2.68327
0.540635
3.58659
0.842223
0.43491
0.587333
0.783663
1.35926
0.0978246
0.327486
0.99584
0.323962
2.07058
0.554408
1.94834
1.76913
1.30754
3.91695
0.71548
0.0969037
0.271584
0.205379
0.530469
3.16655
0.922232
0.0212992
0.210377
1.02877
0.497178
0.257826
1.30413
0.608421
0.634614
2.67806
0.549301
0.546804
0.173476
1.30039
0.413452
0.622541
1.2319
1.41332
0.315101
1.12817
1.80711
0.675568
0.622431
1.28932
0.473947
3.52412
0.833199
1.28554
1.92501
0.334656
0.200508
0.85407
0.958031
0.0394867
1.27814
0.395826
1.67199
0.5593
3.43953
1.8129
0.563168
0.0598081
1.29286
1.3765
2.36293
1.29737
0.658723
0.193135
1.60551
0.482079
1.24275
1.19963
3.78813
0.747268
0.245168
0.349672
0.554047
0.463771
3.08152
1.33883
0.0234023
1.40783
1.52116
0.456863
1.1331
0.917181
0.201972
1.20036
1.04595
1.26911
2.06847
2.88446
1.35304
0.168142
0.174562
0.0690813
1.92033
1.51675
0.167914
2.43181
0.044099
0.0685523
0.809067
0.345743
1.53418
2.03093
1.21959
0.0368246
1.0636
0.0546467
1.62227
0.602388
0.134991
0.397175
0.0588413
0.531141
0.909924
0.305702
1.99086
0.761297
0.129674
0.04603
0.096479
1.41685
1.24911
0.518263
0.735569
0.765475
1.85894
1.73781
0.792313
1.92452
0.102249
0.813988
0.0252879
1.15388
2.4377
1.22989
2.24262
0.560195
0.821225
1.3059
0.671728
0.830198
1.46914
0.369919
2.16119
0.0356565
1.2763
1.22462
2.78852
0.181514
1.88129
1.29029
2.17911
0.533232
0.274286
1.41268
1.14249
0.208741
0.428716
1.87658
0.966184
0.496759
2.96526
1.05594
0.553821
0.207067
0.67885
0.681645
0.332283
0.913759
0.168617
2.38546
3.67377
0.558892
0.045593
0.0781361
0.272054
0.230132
0.0430834
1.29606
0.667075
0.74034
2.06782
0.824594
0.8947
0.643597
0.95288
1.32524
1.24889
0.429434
1.2118
0.225686
0.783231
0.552111
1.05728
0.30641
0.970333
2.04761
0.180918
0.688075
1.47053
1.13468
0.129303
0.809927
1.29696
0.925894
0.598473
0.031344
0.991243
1.09494
0.0820042
0.283096
1.62511
2.04238
1.65162
0.573044
0.113048
0.775516
2.89537
2.68633
2.68558
0.0725055
0.636805
0.570776
0.889491
0.909105
1.26132
2.63611
3.02444
0.570438
0.477321
0.239874
0.66417
0.5561
0.189814
1.239
0.647288
0.163243
0.490792
1.34446
1.33908
0.0997931
0.287718
0.21969
2.10579
1.38403
1.26514
0.0879644
0.299058
0.399448
1.25561
1.00414
0.854535
2.79021
2.39711
2.22082
0.102395
1.49183
0.0728643
0.0814173
0.17088
8.52045
1.04848
1.11748
0.448741
2.10804
0.424134
0.84941
0.222892
0.0148179
0.234029
3.54904
1.42973
1.9046
1.32927
1.13782
0.0769215
0.426535
2.96961
0.521689
1.42675
1.82089
0.293478
0.920898
0.104464
0.146885
3.08289
1.56215
1.77353
0.34565
1.12495
0.36603
1.0569
0.0193976
2.06682
0.582826
0.423439
2.62823
0.560519
1.11159
2.25621
0.723735
1.05865
0.251635
0.0860242
0.457353
2.28423
0.190567
0.195019
2.10584
1.98944
0.324679
0.880902
0.0319051
1.44792
0.480727
1.08577
0.311295
2.38959
0.421178
0.0117551
0.529969
0.0112337
1.38135
0.528251
6.16035
0.717123
0.870264
0.768858
0.284623
0.133065
0.0211231
0.346329
1.37212
0.330307
1.39872
0.151706
1.35611
0.657329
0.0476919
1.36398
0.568339
0.534028
0.0863271
0.03779
0.336256
0.515663
0.621385
0.336066
0.131779
0.0855619
0.268317
0.3182
0.978452
0.46572
0.750925
0.322024
0.348306
0.251193
0.349913
0.322622
0.832575
0.183994
0.854597
0.484124
2.40736
0.649726
0.856798
0.114591
1.16395
0.0232747
1.08187
0.060452
2.47867
1.06295
0.334393
0.0185467
1.84442
0.741489
0.0795798
1.08715
0.0934223
0.0375755
1.68168
2.04663
0.0554927
0.300977
0.264348
0.18168
0.203922
0.618846
0.392163
0.35316
1.12867
0.82325
1.15801
1.29222
1.52868
1.99504
0.129293
0.52192
0.0620706
0.70127
0.656616
1.82054
0.380152
0.0920476
3.83778
3.12003
2.07781
1.15634
2.54381
0.756474
0.186618
0.238171
2.86388
0.241569
2.07252
0.744014
0.31917
0.641542
0.59868
2.86946
0.787692
0.926206
0.758685
0.879116
0.855867
0.611523
1.59038
2.40176
4.55447
0.210325
2.69294
0.633029
1.60887
1.16402
0.449045
0.15392
1.13765
0.137488
3.0297
1.25054
0.353173
1.72759
0.209766
0.391272
0.182417
0.708139
0.77853
0.265491
2.34593
0.909189
0.342273
0.580865
2.64732
0.484319
2.58167
0.902605
0.826781
1.17046
0.0499114
0.316215
0.405972
0.0116088
3.91977
0.60692
1.32218
0.0409608
0.732767
2.73967
0.521474
0.932639
0.242977
0.597715
0.0182044
0.215447
0.726681
0.98892
0.178492
0.551996
0.780715
0.0819812
2.22325
0.771075
0.699163
2.34894
0.568253
0.89693
1.47779
0.948768
0.0297491
0.99258
0.00326168
1.30856
0.97008
0.304495
2.45214
1.4207
0.463677
3.08223
0.337146
0.0907117
0.666742
1.03391
0.186878
1.79817
1.32556
0.174835
2.5548
3.56499
0.525054
0.304236
1.20439
0.00189927
2.21425
0.077444
0.648547
0.247384
0.535684
0.492826
1.04821
0.0904276
0.134401
1.07088
0.138484
0.738648
0.352246
2.14407
0.954754
2.06042
1.47774
0.590595
3.1953
1.13932
0.185059
0.616118
0.918009
1.35376
0.366399
3.03755
0.0676587
0.744171
0.740882
0.242318
1.40628
0.473115
0.300207
1.0245
1.15836
0.850707
0.721981
0.424017
0.331252
0.186395
0.103609
0.205133
0.0392751
0.360538
0.623824
0.318643
0.044123
0.601854
0.234724
0.239736
1.06995
1.39567
0.612422
5.17767
0.210027
2.08859
0.285046
0.642353
0.981492
0.804887
2.92252
1.71001
0.264981
0.39174
0.676835
0.345793
0.477584
2.9629
0.920069
0.802271
0.299134
0.326401
0.666515
1.17606
0.227991
0.538501
0.062065
0.53698
0.140785
0.178938
1.17118
1.75243
0.607457
1.03849
0.735061
0.591552
2.05039
0.229005
3.64925
1.8266
1.42513
0.351268
0.380446
0.633967
0.184248
0.134025
0.13989
0.0937278
1.24433
0.405314
1.0294
0.231282
0.471552
2.07734
1.21433
2.09329
0.018066
2.4022
1.08323
1.67876
1.3429
2.54143
0.496748
1.81563
2.25169
0.777482
0.156198
0.63235
1.35114
2.52389
3.44056
0.496151
1.29456
0.822355
0.0831204
0.733755
2.39895
1.23353
1.40619
0.0231345
0.443574
0.357593
2.25742
1.05068
0.871467
0.000104921
1.44105
0.129377
1.07037
0.18389
0.130593
0.914981
0.489808
0.9546
2.09327
4.06984
2.74216
0.111724
1.04215
0.313838
0.190778
0.107651
0.373937
0.579541
0.622117
2.21023
1.13158
0.394463
0.482107
5.19299
0.99768
1.1655
0.16218
0.238004
1.32839
1.3739
1.80007
0.0297701
3.56622
4.86147
2.64517
1.67301
1.00114
0.066714
1.13366
0.992114
0.101059
0.677737
0.00159802
1.81034
0.498378
0.678964
0.616486
2.80683
2.51407
1.11398
0.111971
0.438992
1.46439
2.16853
0.218358
2.35167
1.60435
0.597186
0.140804
0.590262
2.00225
0.756727
0.175388
1.26163
0.512574
0.539585
1.16539
0.855386
0.0246382
0.0360322
1.67127
0.158597
2.46527
1.01823
1.33384
3.39892
0.670402
0.188682
3.53501
2.73964
0.472942
0.590499
0.0751928
0.54755
0.544762
0.328182
0.0663497
3.00195
1.9479
1.438
3.57861
1.83355
0.674243
0.140969
1.86893
2.08265
1.95199
0.808831
0.750825
0.661382
0.31775
0.130917
0.483469
0.13163
2.11558
1.16205
0.0225755
0.193743
0.250334
0.0653079
0.811982
0.078733
0.721401
0.937103
1.10741
1.32764
0.547608
3.91461
1.30665
2.45617
0.862276
0.0862485
1.7435
0.421119
0.450515
2.33687
3.01672
0.10967
1.3973
0.281409
0.564112
0.0858215
0.275222
1.23337
4.00746
0.610794
0.166438
2.56799
0.0857037
0.55157
0.545389
0.487179
0.704732
0.339271
0.809453
0.198338
1.21606
0.687669
0.415551
1.47201
0.507928
0.778029
0.463236
0.350696
0.79358
0.668045
2.14515
1.28821
0.2933
0.448378
4.37046
0.629966
0.560378
0.38076
0.0728303
0.793384
7.94593
0.0498638
0.711289
0.863877
0.565779
0.00627775
0.19808
0.156373
3.75246
1.23749
0.0935386
1.69405
0.392578
0.00767725
0.770945
0.672625
0.301353
2.31024
0.121545
0.770439
0.817299
1.03665
0.79181
0.0256586
1.42268
0.491762
1.24213
1.17089
0.396029
0.111005
1.85412
0.214179
0.382535
0.588329
1.86194
1.10563
1.69734
0.597206
0.374884
0.489623
1.2264
1.21219
0.199862
1.16283
0.153779
1.01974
2.40955
1.61507
0.628222
1.59078
0.347105
3.69001
0.357144
0.952032
0.275581
0.338801
2.6399
0.70429
0.956993
0.413269
0.565262
0.0800321
1.14661
0.222942
1.18662
1.07473
0.31924
0.399343
0.753202
0.382709
0.567803
0.368387
0.0956663
0.429396
0.33617
0.458703
0.285029
0.300552
2.76096
0.326689
3.80491
1.94681
0.173907
1.70996
0.0683286
0.0440374
0.0790353
0.235635
0.365995
0.276842
0.450993
0.0179218
0.750585
0.869954
0.443551
0.0461687
0.382923
2.22688
0.12048
1.1475
3.34801
0.176359
0.515798
1.71268
0.406564
1.02206
3.27345
0.557653
0.141426
0.721541
1.40225
1.38417
0.36994
0.141311
1.84182
0.922508
2.03787
2.83756
1.02744
0.490232
3.90286
1.44494
0.873037
0.0319478
0.615349
0.976676
0.157724
0.484526
0.0684794
0.52667
0.379015
0.0128101
2.60074
0.948454
4.32345
0.274098
0.428084
2.59177
0.451757
0.22222
3.67805
0.288114
0.22134
0.137765
5.65549
0.229231
5.46465
1.84591
0.664818
0.0298829
1.67314
0.0505319
0.209093
0.162924
1.78042
2.17136
0.996929
0.0338887
0.0251587
0.83818
0.0203872
0.196969
1.72926
0.176512
0.838153
1.77828
1.77909
0.140623
1.60283
0.375034
0.128121
0.0966734
1.28384
3.20941
0.397928
0.819969
0.569778
0.113585
0.900696
0.765292
0.534065
0.601082
0.101034
0.129362
0.554806
1.20458
3.28965
1.05981
4.15548
0.683675
0.734239
1.68782
0.00963705
0.213023
0.985929
0.57608
1.73639
0.443019
0.366462
1.14047
0.37731
0.475022
0.237411
2.04385
0.00203179
0.120704
0.0156854
0.839489
0.762347
0.44427
1.63329
1.74795
0.493839
0.0434328
0.430649
4.75553
0.499608
0.0471756
0.632091
0.562502
1.13293
1.11996
3.78223
0.31905
0.014476
0.78799
2.18037
1.68476
0.654318
1.51877
0.883347
0.0379847
0.571942
1.05737
1.52379
0.00107218
0.0106057
0.368215
0.0853195
0.684863
0.907835
0.118699
0.137807
0.948463
0.0443465
0.0483264
2.38983
1.26396
0.629649
0.886569
0.493593
0.724463
0.885152
0.835843
0.01769
1.20973
1.97336
0.00592781
0.406502
2.81407
0.286731
1.39979
0.877862
1.71911
1.42688
0.467327
0.627316
1.11412
2.19341
0.551886
0.650337
2.75507
5.10435
3.77022
1.04703
0.101023
2.83143
0.878043
0.0912284
0.53716
2.23427
0.6509
2.03678
0.799044
2.31938
0.347327
0.928893
0.494614
4.02407
0.673052
2.55881
0.213892
0.554112
5.16293
1.52339
0.837558
0.690222
2.11505
0.98273
0.417553
3.2167
0.29567
0.040212
0.571525
1.19298
0.181005
1.24651
2.12249
1.04737
0.100509
0.146125
2.54283
0.26585
0.731429
0.126207
1.45366
3.88586
3.01755
1.53978
0.0928802
1.33052
0.266019
1.22732
0.277868
0.57252
0.145319
0.238153
1.23319
0.11067
1.64191
6.50092
1.4062
0.0559785
4.00079
0.5319
0.094324
1.79177
1.98792
1.50547
0.361814
0.515937
0.233521
0.242522
0.594334
1.25065
1.90482
0.32749
1.1625
0.510051
4.61039
1.63191
0.340931
0.523883
0.954007
0.0344224
1.18025
2.09623
0.0985859
2.09308
0.883265
0.629917
4.22515
0.259645
0.412729
0.550972
0.971699
0.834995
1.78357
1.66529
0.216433
2.07262
1.37807
0.79214
0.769728
0.0246769
1.10859
0.343149
2.23492
1.03187
0.00468785
0.926951
0.663991
2.09018
0.826507
1.12369
0.56979
0.241473
0.939325
0.332503
0.289536
0.106246
0.0891344
0.296022
0.582536
0.985027
1.50447
0.829934
1.79149
0.0755431
2.13256
1.67017
1.09254
0.842178
0.0309473
0.180314
0.0281534
0.857708
0.913283
2.96665
1.90235
0.100034
2.52767
0.0552538
0.617041
3.76782
1.26295
1.14219
0.796264
2.0032
1.16743
0.2998
0.850375
0.139003
0.130435
0.321968
0.942407
0.698163
0.791951
0.101397
0.983513
0.309289
0.213611
0.956387
0.552301
0.673555
0.263922
1.08178
0.875941
0.491947
0.944331
0.0980197
0.290566
0.0498627
0.677254
2.10701
0.297493
1.70469
0.00929909
0.833345
1.58784
0.242993
1.07149
1.08843
0.443438
1.80356
1.1416
0.509175
0.152583
0.497486
0.474793
1.69679
1.51224
0.623657
1.4586
0.438506
0.696482
0.654668
1.81245
0.223901
0.865764
1.57542
0.346452
0.231711
0.106502
3.00788
1.5932
0.858192
0.0481151
0.744258
0.250594
0.622814
0.190496
0.206856
0.948546
0.887166
0.742648
0.431457
1.67025
2.62258
0.811598
0.238702
3.41798
0.0937122
0.641828
3.94509
1.58377
0.210374
0.929113
1.90987
2.30457
0.991718
0.999108
0.757566
1.49509
0.471784
0.369044
1.26962
0.337757
0.530824
0.622268
0.28255
2.20075
0.133714
0.810632
4.87334
0.6233
0.812862
1.01244
0.660213
0.137321
0.685734
3.4661
3.61176
0.151345
0.745559
0.919795
1.26644
0.278686
1.8428
0.257281
1.04119
0.777598
0.0396914
0.0290519
0.287698
3.06033
0.24161
0.543751
0.545049
0.0769584
2.54417
0.00776042
2.58465
0.476008
0.699355
0.710893
0.374511
0.0859222
1.576
0.366208
1.27741
2.64369
0.0519772
0.308774
1.83348
0.335966
2.53414
1.19413
0.0318966
0.986225
0.344218
0.99362
0.646697
3.02223
0.983462
2.88984
1.5072
1.47234
1.06669
3.06301
0.390326
0.526871
0.381048
0.48137
0.417327
0.61433
0.439693
0.444269
1.54029
2.60327
1.41707
0.929838
1.07879
0.659045
3.94895
0.0482334
0.544144
0.297188
0.000860315
0.603469
0.0720401
0.215409
5.44341
0.37742
1.05469
0.0970857
0.0134307
0.249356
0.302069
1.64008
0.045391
1.77831
2.34588
0.713931
0.433765
3.77727
0.464173
0.223538
1.19186
0.591119
1.85184
0.197192
2.2278
1.52115
0.402506
0.136009
0.306932
0.0880509
0.894042
3.06015
0.0804011
0.519363
0.743095
2.65436
1.29235
0.507786
0.109128
0.885522
0.143855
2.40461
0.381124
0.28414
0.0278996
0.55829
0.295313
0.84795
1.18535
0.14121
0.449119
2.76011
0.465015
0.0930369
0.145494
1.36567
1.13205
2.5511
0.133
0.0595837
0.190284
0.280667
0.00663505
0.158084
0.81194
1.43204
0.152873
0.881757
3.88413
0.434471
1.11148
0.362363
1.80283
1.11164
0.229419
0.729068
0.00051643
1.13132
2.88509
0.406045
1.77177
0.330275
0.462561
0.166872
0.114795
1.34099
0.759414
0.395107
1.10725
1.93737
0.532189
2.92464
1.32035
1.74757
0.316882
0.696727
0.752349
0.830912
0.00356349
1.53734
0.354237
0.487514
3.19426
3.47534
1.62162
0.349439
1.07091
0.352335
2.66104
0.934682
1.23787
3.13618
1.42467
0.545559
0.0506333
1.65424
2.01818
0.51073
1.82782
0.048597
0.276766
0.513387
0.917513
0.534569
0.531577
2.33439
2.39776
2.18066
0.448896
0.798615
1.07971
1.32662
1.96879
0.371363
1.01016
0.8491
3.55422
0.301498
1.2217
0.732273
2.90257
0.921289
1.27925
0.752153
0.00843909
0.273085
0.51442
4.06658
5.78064
0.12907
0.131235
0.0680542
1.32827
0.264027
0.0160621
1.60957
0.0499882
0.688855
0.439764
0.131675
0.806838
0.887627
1.23811
0.100424
1.88607
2.65694
1.50969
0.0233961
1.06238
2.88373
0.0598312
0.0957026
2.33298
0.940016
1.73367
0.347848
1.58613
0.408364
1.45807
0.315185
1.21
0.198389
0.530445
1.27635
3.06878
1.88368
1.89864
1.50633
0.687533
0.206701
0.680454
0.166746
0.37965
0.390702
1.16817
0.105556
1.08316
0.586774
0.376563
1.4765
1.15254
1.44782
3.11802
0.47149
0.256013
0.184107
0.163303
0.291377
0.278871
0.214777
0.576884
0.549857
1.68649
2.0626
0.59244
0.13034
2.00636
1.83302
0.0740988
0.442274
0.310225
1.2973
0.181951
3.49835
1.00358
0.136649
1.03392
0.328896
1.218
0.15529
0.50701
0.280952
0.983405
0.880865
1.47353
0.310048
0.792539
0.856649
0.0454895
0.53426
0.461379
1.02682
1.11448
2.19592
0.122288
0.910278
1.06251
1.23788
0.00372001
0.521082
1.19784
2.07998
0.306708
0.37857
2.21458
1.13327
0.668604
1.20784
0.486221
0.925197
1.66735
1.36203
0.0650111
2.14084
0.265557
1.39005
0.0128418
0.600801
0.703416
0.435006
0.660595
0.590875
0.85304
0.279992
0.581109
0.249667
0.402434
0.385134
0.217309
1.2988
0.0729892
0.030009
2.02805
0.417942
0.304997
0.135249
0.119204
1.06079
1.28055
0.874883
4.11183
1.34016
1.90353
0.0553964
1.30439
0.918714
0.641759
0.460233
0.665338
0.737481
2.58076
0.574391
1.97043
0.164181
1.50002
2.67582
1.78436
0.0188916
0.756726
0.171924
1.53596
0.379605
1.60525
0.690725
0.130181
0.741791
0.68859
0.120732
0.581432
0.290675
0.537641
0.960837
0.111787
0.918215
0.131794
0.361358
0.0743801
1.37125
0.869019
1.45952
2.85052
0.386706
0.171254
0.34265
2.70015
1.03983
0.702679
0.248878
5.89768
1.90454
0.900941
0.239779
0.24667
0.036195
0.600549
0.20638
0.104429
0.932186
0.244271
0.663383
0.953546
0.0510484
0.577651
1.07123
0.14732
0.292151
3.04009
0.114194
1.31182
0.474609
2.22583
0.245257
0.634035
1.49208
0.0401693
1.36574
4.27574
0.434461
0.804534
0.348343
1.08226
0.359665
0.252465
2.52789
0.422424
1.37429
0.678542
1.98656
1.04295
3.7968
1.64928
2.37937
0.727722
0.0913414
0.161888
0.0383158
1.57365
0.147431
2.03678
0.815819
1.05495
1.05588
0.0774593
1.25763
0.366873
0.624562
2.4922
0.916111
4.80682
0.973552
0.421718
3.51005
0.797337
4.48263
0.0192815
3.22275
0.38475
1.61611
2.82335
0.802801
0.289546
0.257786
0.235447
1.69181
0.499311
0.0141583
0.331952
0.959045
0.847824
1.53941
1.51364
1.11276
0.43935
1.03665
0.861545
2.21795
1.99572
1.09457
3.52988
0.530651
1.40231
6.56916
0.544893
0.821883
0.897642
1.04748
1.50739
0.626714
0.306178
1.38912
0.13248
0.514785
1.0336
0.386163
3.19346
0.534787
0.826607
0.529676
0.121999
0.351583
0.0382932
0.555592
0.321255
2.4908
1.02512
0.551997
0.787659
0.433116
2.42927
0.343601
0.319834
0.87467
0.666613
0.760122
2.1795
0.178415
0.427178
4.96349
0.785748
1.31489
0.318704
1.56582
1.30708
2.08926
1.06239
0.0255737
0.45889
0.260933
0.0224109
0.637079
2.0253
0.275165
3.9184
6.02583
0.514218
3.0768
0.0925679
3.04743
5.04951
0.254925
0.00393523
0.00942704
1.19012
0.833344
1.53652
0.43273
1.20459
0.0195147
1.62568
1.45417
5.17525
3.21945
0.115359
0.209747
0.064677
0.965529
0.225939
2.62234
0.29799
0.0173854
1.11249
2.25741
1.02228
0.346059
0.76799
0.655082
0.597697
1.94243
0.971676
0.55084
0.423122
0.575363
0.0490435
0.490772
0.756129
0.582076
0.35751
2.56599
0.693357
0.309407
1.03879
0.3369
0.145483
0.883612
2.0987
0.230302
0.369862
0.255127
1.00959
0.0382852
0.352486
1.26378
0.991262
1.5428
3.50252
1.37787
1.17748
0.764189
1.54376
0.55986
0.426489
0.582803
0.134093
0.146101
0.833035
0.748999
4.40876
0.606723
2.55772
1.48904
0.723876
1.60287
0.617714
0.0815141
1.06727
0.357856
3.97848
0.642479
1.33858
2.43637
1.40227
1.91522
0.175678
1.66271
3.81948
0.314127
1.28158
0.532517
0.209275
0.988357
1.03401
1.48342
0.180144
1.00346
0.564075
1.30543
0.449048
0.190237
0.910222
0.326353
2.28019
0.2682
1.4744
0.982439
0.720878
0.40776
0.0119621
1.8975
2.30946
1.6862
3.79326
0.6382
1.76318
0.970825
0.00599095
0.492381
0.0800985
1.24546
1.53031
1.72327
0.306622
0.281221
0.0454213
0.383268
1.84225
1.44588
0.335612
1.08951
0.557155
0.414387
1.89852
0.650872
0.985727
0.184906
0.376598
0.194659
2.25071
1.65521
4.37702
1.95465
2.33479
0.82504
2.08336
0.406958
0.0552489
0.481866
0.678943
0.338663
0.314524
0.910047
0.09468
0.325252
0.791617
0.805662
1.44417
0.773398
0.773746
0.271924
0.780849
0.112995
1.37792
2.27741
0.604275
0.636718
1.09027
1.38359
2.05559
0.549955
1.451
0.755654
1.18163
4.2254
0.342438
0.528611
0.841389
0.372142
1.09769
0.695854
0.244947
0.484852
0.587524
0.397502
1.3939
0.0904399
0.376878
0.517806
2.96679
3.69746
0.535268
0.341326
0.141797
2.61414
0.234459
1.13798
3.01621
1.14742
0.792857
4.45379
0.616062
0.0951716
1.56906
0.115212
3.84683
0.241268
2.26302
0.639552
1.72126
0.26855
0.308409
0.403441
0.982299
0.999043
0.140115
0.480886
0.383592
0.814873
0.961879
1.61921
0.328507
4.86731
1.16137
0.612255
0.64314
0.862544
4.46434
0.71877
0.0887579
0.629001
1.52658
0.268161
0.311534
1.9105
0.631376
0.041943
0.442616
3.15294
2.27187
2.10751
0.32029
0.168779
0.233034
1.27778
1.05837
1.02593
0.382264
0.410007
0.11974
1.07524
0.226378
1.70781
0.716531
1.28723
1.1581
0.25909
0.148927
0.800256
0.0634302
3.31763
2.80641
0.687152
3.51908
0.0688237
1.67318
0.179645
1.00976
0.135882
0.526741
0.0233804
0.504937
0.284758
1.83439
1.32734
0.0959072
0.0287619
0.723776
4.26259
0.303169
0.626555
1.83167
0.550296
0.0723404
2.21292
1.01318
3.95158
2.27031
0.176669
1.47348
0.0610051
1.09178
0.326803
0.442115
0.797039
1.31748
2.43591
0.0812687
1.9289
1.70744
0.525993
0.919135
0.352917
1.65136
0.965828
0.120283
1.36743
0.293703
0.539567
0.702518
2.13886
0.391453
0.262855
2.18487
0.40764
1.11389
0.872969
0.81311
0.660657
3.97805
0.41341
0.00251311
0.204374
1.04421
0.591883
2.96093
2.22073
2.80667
1.4374
0.917816
0.585966
1.45318
0.101324
0.718129
1.79211
1.72488
0.0811003
0.280765
0.294063
2.57983
0.285542
1.35817
0.500135
0.537751
1.21024
0.472092
0.778767
0.0636943
0.139249
1.24972
0.493261
0.119235
0.122772
1.57952
0.732038
0.0493531
0.417588
0.427949
0.5997
0.434841
1.17905
1.14266
0.0767999
0.606548
0.389016
0.705107
0.521064
0.741306
0.93988
2.67903
0.771035
0.210594
0.925779
1.16144
1.80182
2.16943
2.682
3.28061
3.42706
0.0739097
0.520535
0.270281
0.67555
0.377248
1.09842
0.879143
1.46192
0.333986
0.120002
0.821202
0.807056
0.256908
1.63613
0.144763
0.125559
0.185933
1.07595
0.302534
0.868233
0.261176
0.187506
0.905399
0.866895
1.52662
0.436684
1.28322
0.05198
0.372354
0.137607
1.15238
2.50632
0.0961421
0.955786
0.787237
0.138445
3.29661
0.00116646
0.899717
1.91472
2.57854
0.929554
1.50897
0.390043
0.219018
1.70749
0.802989
1.09359
0.599649
2.18455
1.36255
0.326708
0.22732
0.569187
0.659785
0.526243
0.0851929
0.780074
0.147404
0.664355
0.02572
1.44626
1.66278
0.216524
0.109828
0.13024
0.494094
1.05898
0.222058
1.57191
0.0721818
0.527747
6.24478
0.486323
1.06336
1.05434
0.0994718
0.44967
1.89779
1.02593
0.375918
0.404789
1.39391
0.114247
0.727256
0.351529
0.51382
3.08015
1.12829
0.641863
0.349153
0.321169
2.085
1.49718
0.312482
0.720285
0.658679
1.57995
0.0168041
0.0693413
2.67335
3.44827
0.749584
0.996565
1.48648
1.62117
1.60831
1.65965
0.238014
2.02172
0.338304
3.38146
0.916577
0.130981
0.377472
0.291992
3.10959
0.0864292
0.944656
0.245662
1.5613
1.87428
1.18532
2.93169
0.0742642
2.78238
1.60972
0.769774
0.475069
1.21791
1.11918
1.25024
1.92319
1.80628
0.234549
2.1704
1.56573
0.544888
0.698831
0.141608
0.188785
0.522211
3.28672
1.70887
1.33771
0.0769748
0.195171
3.81784
1.08637
1.05427
1.0909
0.334908
0.224243
0.186244
4.92077
0.540271
0.517776
1.05012
0.3679
0.558523
0.695135
0.204166
1.58005
0.431922
2.19837
1.20318
2.38304
0.261018
0.130886
2.52974
1.72393
0.282567
0.117377
0.480439
1.12341
2.06977
1.24172
1.08906
2.35617
5.81469
1.95194
0.572433
0.371861
0.540413
1.59856
1.87807
0.61387
0.191449
0.559479
1.15487
0.131173
0.160876
0.817796
0.405158
2.20431
1.35456
1.53153
0.281284
1.8446
0.0191641
0.0241613
0.239404
0.310053
0.928122
0.319594
1.06104
0.167194
1.15361
0.670463
1.19446
1.14752
0.0779043
1.00864
0.299281
0.116168
0.361776
3.16963
1.54078
1.19167
0.641918
1.48571
1.9746
2.29254
0.40005
0.67773
2.8093
0.553036
0.914365
0.273799
0.762394
1.28777
0.189352
0.332341
0.364895
0.531114
0.408515
0.611535
2.38594
1.25868
0.423333
1.42177
1.23412
0.953865
0.121599
0.42074
0.206653
1.82533
0.367615
0.114097
0.324942
1.531
0.382389
1.45994
0.879655
0.41337
0.820552
1.38572
1.78964
2.32282
3.48823
0.625667
1.97241
1.51298
0.22241
0.776036
3.54604
0.370011
3.15903
0.303757
1.4457
0.883008
1.13907
1.64438
0.0180907
0.381594
1.04618
0.099905
3.03941
0.824506
2.92141
1.68591
0.0700604
0.228013
1.23717
0.783933
1.68537
0.483567
0.151218
1.16749
0.858856
1.48001
0.159656
0.096385
0.389965
0.371819
2.61001
0.124413
0.185367
1.38418
0.442798
2.64709
0.111691
0.163222
0.0966211
2.60782
0.532367
1.22584
3.73492
1.30778
0.0642221
0.601083
0.112748
0.0404771
1.25518
0.878537
0.765003
0.166742
0.300201
0.839991
0.190913
3.77325
1.71416
1.64446
0.321995
2.77085
1.30839
1.63304
0.00274276
0.0349962
0.00838161
0.329808
1.30922
0.86695
0.193117
0.800262
0.116568
0.338659
0.256452
2.11787
0.391339
2.6203
1.47507
0.221728
0.429537
1.77885
0.550548
0.736293
0.457909
1.62112
0.97603
0.0557433
0.280414
1.62605
4.90773
1.65465
0.197821
0.860438
0.0293252
1.24517
0.480472
0.0106696
0.4637
0.225466
0.8885
1.38939
0.25096
0.301397
0.593594
1.85499
0.656815
0.846172
2.18163
0.218103
0.608932
0.15839
2.84723
0.123421
0.564901
0.977306
0.142125
1.23073
0.0391474
0.271389
1.17946
1.54263
0.46403
1.15691
3.03784
0.360967
0.665471
1.13466
6.56988
0.57484
0.107587
0.424196
0.298903
0.523732
0.117024
0.109006
1.38221
0.068303
1.02455
3.90286
1.44617
0.596414
4.4954
0.561422
0.409213
0.284227
0.133144
0.203564
0.783944
2.29364
0.226029
0.155704
0.443757
0.309129
0.245674
2.94031
1.41733
1.04505
0.487174
0.594009
1.19503
0.939422
2.53618
0.54931
0.719552
0.677532
0.280798
1.14142
0.547173
1.41221
1.31359
0.494309
1.97404
0.885809
0.128979
1.49457
0.581513
0.0121058
0.269038
0.771566
0.38452
0.194731
2.30505
0.582783
2.76875
0.735192
0.696489
0.761079
0.515843
0.311258
0.602309
0.509335
1.41582
0.692832
1.91297
0.904154
0.114866
1.64504
0.19298
1.06324
2.57631
1.44158
0.253792
0.261411
0.230597
0.274266
0.694796
0.417698
0.826721
0.286144
0.417396
0.252122
0.586787
0.576526
0.0393188
0.0083752
0.191358
0.174264
1.94043
1.67059
0.00739623
1.89613
0.611707
0.644121
0.272921
0.369137
1.65222
0.467884
0.413471
1.14534
0.605283
1.28601
0.0305286
0.417093
1.98485
1.18597
0.346822
0.927388
0.502456
0.048679
0.807331
0.342731
2.30277
0.948031
0.265114
0.0389782
0.700217
1.21467
0.811172
0.0308381
0.487142
0.130564
0.189025
1.34477
0.128396
0.18154
0.24773
3.07018
2.81524
0.548894
0.651176
0.340372
1.28608
0.465579
0.0424901
0.188355
0.544153
0.421474
0.330007
0.149119
0.406571
1.25009
0.137985
0.257922
3.7665
0.231741
0.685831
1.57381
1.09645
0.766978
0.885205
2.72503
0.5078
0.27648
1.409
0.892439
2.51489
1.5593
1.39762
0.805574
0.111518
0.808446
1.02191
0.0408609
2.38951
0.253641
0.318491
0.202825
0.537945
0.933007
1.04574
0.688216
3.09811
0.548057
0.420539
3.40909
0.18705
0.270364
0.791558
0.110022
0.0476576
0.216177
0.518689
1.52959
0.218885
0.0162098
0.277726
0.980186
0.382741
1.64135
0.208699
1.48953
0.456158
0.184688
0.323617
1.12912
0.0255073
0.327463
0.431198
4.40341
0.443264
3.07505
1.32181
0.459408
1.31863
0.0861399
0.164491
0.219279
0.421471
0.286966
1.29415
1.16658
1.45666
1.3833
1.0003
2.48432
0.899906
0.149485
1.00361
0.382069
0.0981008
0.668205
0.305343
0.533031
0.291383
0.374114
0.672702
2.52447
1.37467
0.115947
4.75724
1.02134
0.894068
0.134509
0.284721
0.4623
0.496631
1.00882
0.46773
1.2726
0.395343
0.413207
1.35051
0.203404
0.43952
0.660667
0.0710294
0.477327
0.312888
0.712868
0.918867
0.690193
1.0129
0.314242
0.142034
0.498114
1.60584
0.681673
0.739568
1.13665
1.46947
0.866664
0.163561
2.74528
0.653056
1.37139
0.156989
1.73985
0.914708
0.802464
1.25621
0.773337
0.0626529
1.20136
1.21246
0.710676
0.737389
0.203469
0.288534
0.667979
0.378607
0.378915
2.01068
0.885559
0.491213
0.0760371
0.861148
0.0787973
0.718424
0.289754
1.84159
4.41698
0.136915
0.786836
0.0595037
2.36162
1.04307
1.13894
0.0922865
1.02101
0.842297
2.20554
0.0142313
0.677545
0.446838
0.582434
1.10016
0.430233
0.581795
1.09517
0.406059
4.47151
2.24952
1.24544
1.19937
1.01202
2.92482
2.21831
0.733718
0.944685
0.523327
0.0858655
2.51449
0.281961
0.561458
1.11358
2.08913
0.46364
0.839543
2.54746
0.420058
1.0543
1.80099
0.845531
0.30736
0.469136
0.706423
0.39425
3.34462
0.170897
0.267469
0.448836
2.30084
0.460969
0.340876
1.38136
0.645033
0.33923
0.0602179
0.238072
1.0095
0.663171
1.52825
0.376164
0.186419
0.573126
2.14173
4.31557
0.648161
1.76694
0.55719
1.13003
3.46874
0.445151
0.352861
0.151575
1.83644
0.282579
0.3078
1.64741
1.93297
1.34721
1.42071
0.475455
1.31379
0.372229
1.12854
1.71809
1.15512
0.578817
1.03873
3.04208
1.2256
1.59824
1.35677
0.425975
1.58313
0.00755208
0.597436
0.583996
0.38348
0.316524
0.125229
0.313387
1.02785
2.09117
0.986716
0.46014
0.687708
1.10348
1.966
1.39549
1.21461
0.257469
0.106421
1.34752
0.116657
0.947005
0.794896
0.657466
0.277376
0.182561
0.74533
1.47127
0.759003
0.0930563
0.566889
0.922021
0.948321
0.131494
2.17463
2.11539
0.36263
3.16024
0.126105
0.301042
0.033478
0.431278
1.91957
2.42227
2.12048
0.92467
0.34776
1.35739
0.0293351
2.07069
1.08531
1.02009
0.0462797
0.1042
0.141548
0.362582
0.497973
0.438216
0.4368
4.01706
0.471861
0.125049
0.907289
0.524821
2.9597
1.7021
0.0905802
0.630842
0.302673
0.372843
1.53605
0.973018
3.03752
0.0468901
2.21801
3.74521
1.81993
1.02234
1.09428
0.45496
0.520949
0.460775
0.264604
0.612498
1.16526
2.14403
0.760025
0.131893
1.41377
0.148683
0.0111059
0.979464
1.45337
1.73337
0.510472
0.266239
0.775027
0.177628
0.31309
5.10726
0.319433
1.1876
1.17931
4.13635
0.520303
2.5016
0.933412
0.393042
0.306751
1.83589
1.4248
3.0384
1.40093
0.357064
1.13108
0.953328
1.02713
0.805178
0.136578
0.941356
0.95567
1.57355
1.46705
0.253944
0.248059
0.312786
0.284089
0.465154
0.820078
0.278001
0.127104
0.0460662
1.11574
1.66424
2.04254
0.158209
0.419296
0.267082
0.495334
0.443648
0.097483
0.0737114
0.371425
0.44405
0.560798
0.422929
0.366326
0.100718
0.364198
0.328785
0.452987
0.42825
1.36307
0.708767
1.36199
2.27341
0.786164
2.4259
0.33609
0.532494
3.09657
0.292137
1.5072
1.41983
1.74956
0.10186
1.06698
1.01422
0.448384
0.0529472
1.32781
0.187144
0.778684
0.554124
0.114079
0.000722201
0.143458
0.146181
1.32308
0.0689515
1.7015
0.288163
1.6551
0.992243
2.30233
2.04017
3.90429
0.287817
0.594582
0.00989347
0.615701
1.67953
0.141796
2.45091
4.40718
0.139614
0.0517614
1.72428
0.348366
2.83612
0.252788
0.148553
0.146467
2.11094
0.310461
1.02963
0.778341
1.5124
0.0497568
1.60288
0.681405
0.281591
1.32531
0.0227946
1.49082
0.314045
1.28897
1.45429
0.585161
0.264214
0.559392
1.89295
0.530599
0.268684
4.40736
0.1844
0.280851
0.435103
0.786034
2.5194
2.28011
0.11003
0.187321
0.014589
0.539938
0.159548
0.777216
0.0920693
0.372516
5.64433
0.787316
1.30737
0.224834
0.112619
0.100906
0.19086
0.284005
0.379438
2.09886
0.747491
4.68898
0.584286
0.0359762
2.34847
1.14708
1.20357
1.98572
1.24314
0.80775
0.562161
0.533934
0.169725
0.969316
0.499949
0.735066
0.665001
0.948191
0.323142
2.2429
2.77044
0.36691
2.25994
0.0735882
0.487625
0.116864
1.21684
0.458451
0.829936
1.89045
0.0716045
0.480213
0.389492
2.63783
0.0205251
0.596053
1.03981
0.47104
0.702207
0.338926
0.539882
0.91188
0.65666
0.245462
0.176789
0.611153
0.557144
0.264478
1.79126
0.585801
0.245812
1.44799
1.03586
1.77016
1.12649
1.19014
1.17324
0.736098
1.57034
0.823134
1.75963
0.460708
0.749317
0.710659
0.480964
0.139241
0.931284
0.279713
2.26069
0.495237
0.457268
4.65487
0.0817848
1.89672
2.648
0.201956
0.664766
0.882435
1.19028
0.452989
0.466903
0.00896214
3.07373
1.21173
1.85284
1.60227
0.564675
0.618694
3.02855
1.51535
3.4865
0.857921
0.12312
3.51669
2.08125
2.51907
0.608661
1.09218
0.68276
1.41012
0.191035
1.1471
1.74118
0.684834
0.43016
1.04354
0.633293
0.169425
0.472563
0.646832
0.142973
0.0705704
0.214874
1.36824
1.14101
0.242449
0.673462
0.572898
1.25481
1.79529
1.25632
0.0444277
0.4349
0.403739
3.66698
0.733505
2.2303
0.377701
2.17782
3.65642
3.27174
0.408612
0.760919
0.159918
1.84769
0.228237
1.25525
2.98451
0.184718
1.18966
0.26818
0.719609
3.12963
3.26512
0.103875
0.234256
4.17615
2.17801
0.391455
0.293397
0.871488
0.160766
4.06628
2.40215
0.86969
0.693805
0.0268742
1.07731
0.0202205
0.568246
0.741098
2.98209
0.115204
2.04486
0.227736
0.00892582
0.428861
0.573908
0.335454
1.45849
2.59966
0.300257
0.303333
0.69527
0.38468
0.0110837
0.294031
0.747588
1.43161
0.496932
1.24184
0.288308
1.00496
1.08766
5.09072
0.86028
2.36875
2.35222
1.16531
0.122667
0.261393
3.94025
0.241622
0.864541
0.144956
2.68261
1.08529
0.799358
0.323978
0.0682718
0.165035
2.91375
1.93557
0.0347217
0.8036
0.312237
0.704606
0.28423
0.171364
1.92186
0.80323
0.649618
0.989127
0.614364
1.08915
0.55258
0.206961
0.0504053
0.180746
0.0840217
0.605688
0.585769
2.46985
0.188449
1.27779
1.2339
0.817054
1.76303
0.199667
0.00540456
0.890275
0.00707891
0.809874
0.399435
0.825209
0.132101
1.72772
0.841667
0.395284
1.11052
3.31708
0.926043
0.591759
1.5668
0.206287
1.75583
0.427794
1.39019
0.87408
0.428843
0.275389
1.84419
2.54283
0.279315
1.79145
3.25813
0.911202
2.34916
1.54935
0.534466
0.513289
0.951792
1.14341
0.0994268
1.13336
0.000501388
0.552896
0.283239
0.956834
0.37173
2.21654
0.318829
0.383104
3.24591
1.06118
3.57249
3.26545
0.373911
0.150496
0.290477
2.77145
0.449756
1.46075
1.33045
2.6242
0.748879
0.0301119
0.790845
1.12127
0.169673
2.18737
0.0655192
2.14175
0.0291441
1.40928
1.26926
0.889024
0.456359
0.374532
0.382981
0.80499
1.26379
1.15302
0.41073
0.182446
2.38726
1.38438
0.227209
3.13261
0.160915
0.132788
2.76078
0.0912432
1.02911
0.619624
0.457044
0.924144
1.56846
0.00245991
0.346675
2.00077
0.192868
0.101474
1.62267
1.55419
1.05579
0.766158
0.20287
0.0337005
3.39958
1.97622
1.15353
0.0547029
1.19367
1.10915
0.533173
1.06221
3.43159
0.766074
0.748394
0.187758
0.107147
1.18495
0.0560622
0.374071
5.29181
0.538387
2.72815
1.79962
1.4887
0.261001
2.31082
0.091131
2.55057
0.566011
0.255027
0.395229
0.0555655
0.539211
0.0167389
4.5332
0.491555
0.871559
1.05662
0.487206
1.51467
0.64705
0.056648
0.964778
0.497383
0.401208
0.768063
0.0534541
1.67698
0.144852
0.544011
3.12679
2.03218
0.592753
0.0346195
2.24634
0.0693603
0.260005
0.006428
1.16754
1.70006
1.7196
0.268446
2.6514
0.25639
0.0659988
0.562469
0.448818
1.2226
2.87772
0.488949
1.42395
0.752231
0.98318
0.193394
0.502953
0.107944
1.32292
0.421612
1.61986
0.607625
0.202846
1.19554
0.197648
0.215093
1.27895
0.143471
0.383359
2.11634
0.257073
3.04002
0.0562155
1.37658
0.273463
0.269874
0.313634
1.11245
1.15052
0.0448296
1.67165
0.408922
0.00425989
0.586463
0.520755
0.566569
0.796565
0.154319
0.54432
3.38389
4.33455
1.19753
0.340048
1.87113
0.868643
0.125453
0.886411
0.347559
0.443443
2.16147
0.862672
2.22478
0.377092
2.07219
1.75767
1.21483
0.432278
1.46473
0.278203
1.17169
0.59083
0.166004
1.37575
1.27182
1.02414
0.715352
0.038452
5.24481
0.424762
0.638269
0.582574
3.73701
0.845973
0.604522
1.32682
1.53831
1.55268
0.349261
0.801937
1.34583
1.43605
0.226642
0.441768
1.59888
2.73294
0.0831228
0.817392
0.412762
1.60015
0.262501
0.361273
0.0783687
1.92582
0.311314
0.159241
0.150935
0.909639
0.401528
0.142475
1.72062
0.365486
0.366403
5.72728
0.325354
1.54584
2.07314
1.88972
0.262481
0.049973
0.295355
0.108474
1.26276
1.39939
2.31377
4.48107
1.28482
0.67227
0.243635
0.127371
0.00285941
4.55453
0.223302
0.766288
0.225802
0.102933
2.68873
1.11558
2.94166
3.31936
4.52426
1.45537
1.16771
1.26727
0.175574
0.420062
1.18773
0.380535
0.677013
1.70374
0.0976842
0.14923
2.82895
0.140892
1.28882
0.0638774
0.0168227
0.468837
0.458261
0.786051
0.0501533
0.148651
0.797189
2.02536
0.48823
0.423548
0.132719
2.60557
0.948353
0.396636
3.51721
0.14327
0.516506
2.53002
0.225105
1.37864
3.54448
0.80328
1.96876
0.284335
0.677286
0.163871
0.429613
1.0896
3.39185
0.700435
0.74082
1.2751
0.0974877
0.154318
0.520199
2.14292
0.417425
0.779404
3.89045
0.754861
0.561635
0.466434
0.0633373
0.692043
0.247714
1.35174
0.756493
0.380366
0.795375
0.124136
0.0483177
1.4676
0.459884
1.53438
0.899539
0.99844
0.508178
0.0649669
0.204909
3.84396
0.203883
2.49687
0.0821716
1.83102
1.09473
2.23813
0.513533
0.0676421
0.304692
0.430344
1.0755
1.14657
0.0107094
0.0323134
0.529596
0.391059
1.37361
0.990833
0.114828
0.26975
1.12742
1.42653
3.06569
0.568342
0.584446
0.768689
2.68072
0.68121
0.878587
2.20259
0.800166
0.481619
2.66882
1.23536
1.24027
1.00678
1.70203
1.94598
0.191792
0.198364
0.0675392
1.04319
0.503509
1.36662
1.46492
3.18074
0.878848
1.22949
2.41317
0.293256
1.6872
0.0739573
0.160917
0.15782
1.47089
0.0959885
0.313261
0.100961
0.00798854
1.30393
0.758094
2.75381
1.05992
0.998357
2.12942
0.791075
0.560518
1.08922
1.62362
2.72419
0.64779
0.822866
1.91218
0.987823
0.35354
0.177487
0.334406
0.18366
2.28532
0.0296313
1.22934
0.209964
0.0202621
0.126246
0.417614
1.01948
0.417585
0.377701
2.21491
0.348975
0.181599
0.0450467
0.358243
0.774959
1.00762
3.37467
1.21808
0.760553
0.320559
0.558799
0.167198
1.31886
0.139892
0.120823
1.58176
0.308953
0.0457199
0.119451
0.414056
0.20272
3.58856
0.670488
2.43967
0.918651
0.0475279
0.122871
0.298645
0.20694
1.42335
0.118613
1.80873
3.29987
0.0242611
1.89738
0.926823
1.01394
0.982035
3.5119
0.643365
0.847266
1.45986
0.325587
0.946585
1.64258
0.211744
0.289924
3.60819
0.724232
1.2168
0.169894
0.0184427
0.135103
3.39878
0.531525
0.491852
1.02672
0.0608886
1.72734
0.580448
6.91509
0.379632
0.117564
0.192421
2.34829
0.499383
1.37774
0.143821
0.538103
0.161781
0.711119
0.191457
0.74976
0.0330749
1.59492
0.595515
1.08605
1.73564
0.156891
0.539915
2.54107
2.45805
0.347713
0.21609
0.259284
1.06079
1.26111
2.31517
0.395583
0.060869
0.717837
0.578635
2.78975
0.566093
0.00404744
2.1885
0.204508
0.670352
1.35262
0.415806
0.910913
3.0033
4.25127
0.833591
0.894985
0.561548
0.783238
0.648894
0.312017
1.61763
0.0210585
0.260624
0.0227926
1.35566
0.79002
0.484321
2.94283
0.000207443
0.665802
0.76499
0.0583624
1.72324
0.191641
0.0890083
0.38364
0.111108
0.501757
2.66074
0.284868
0.263565
0.050184
0.989003
1.15014
0.00563409
0.554945
0.0424639
1.38787
2.05626
2.00272
0.924147
1.66554
3.91348
0.429052
0.734061
0.479835
0.49918
1.11938
1.78639
1.42349
1.1514
1.38323
0.439534
1.00583
0.0125952
0.447048
1.22014
1.33874
0.996402
1.45247
0.337909
0.26869
0.0580064
0.194004
1.80954
0.236555
0.733588
0.830218
2.45896
0.919755
0.595558
0.0564283
0.137437
0.218227
0.144814
2.04409
0.750778
0.117383
0.637223
0.162736
0.169153
0.715035
0.576514
2.64743
0.702542
0.0818337
0.934024
0.459944
0.543551
0.625055
0.442706
2.68401
0.317824
0.0307792
0.555191
0.520427
0.173503
0.111352
0.0643076
1.60514
0.134767
0.0299611
0.091114
1.08215
1.11581
0.182159
2.23987
0.734654
0.179113
0.175157
0.62518
0.648189
0.0742476
1.13517
1.59075
0.220684
0.344865
0.414247
0.357516
5.61496
1.48297
0.584645
0.512161
0.298394
0.062583
0.903888
0.355364
1.0936
0.676931
0.127962
1.33544
0.0580993
1.04986
1.36293
2.46276
0.0475189
3.54095
1.79858
2.02037
0.329348
0.188262
0.136108
1.27203
1.02331
0.674028
0.333451
1.10662
0.46068
0.252907
1.15707
1.43039
0.687682
0.59916
0.46609
0.571889
0.158768
0.451503
0.64149
5.0951
0.0291303
0.75632
3.10667
2.21721
0.705057
4.85047
0.673136
1.03236
2.60224
0.650623
0.577201
0.53448
0.759481
1.88452
3.83931
0.706629
0.0309501
0.236181
0.803674
1.71435
0.500232
0.511159
0.171008
1.67576
0.355132
2.73367
2.08088
0.149011
1.48674
1.54642
3.31083
1.52416
0.447626
2.43056
0.222058
1.56209
0.933279
0.582452
1.78216
1.60994
0.338835
0.394362
0.264133
0.48858
3.23302
0.179118
0.256509
0.967483
1.18418
0.106487
1.32922
0.607428
0.485921
0.691443
0.178824
0.0969118
0.4467
3.29196
0.106841
0.0839414
0.239567
0.54229
0.169244
1.62042
0.363452
0.827672
0.268001
0.230061
0.0962183
1.50238
1.49819
0.0523755
0.968182
0.171974
0.679396
0.154766
1.95791
0.991492
0.249597
0.553209
0.315679
1.44787
0.176872
1.00182
0.316628
0.504482
0.979272
0.797691
1.10491
1.71074
0.591832
0.635926
0.952199
0.392094
0.713971
1.15531
0.670318
0.588911
0.310923
0.408724
1.54731
0.169612
0.0192297
0.111892
0.199154
2.93332
0.748223
1.66792
0.781878
0.0254324
0.0541902
0.770761
0.05689
0.618574
2.03232
1.44147
1.70571
0.136115
1.74635
1.16854
0.05375
0.747787
0.424973
1.57089
0.696942
0.401805
0.280604
0.246768
0.380273
0.65197
0.276871
1.32652
0.565534
1.10445
0.341495
0.158619
0.257846
5.65863
0.492481
0.113006
2.31537
1.03138
0.0523766
1.01503
0.361582
1.17927
1.63644
0.144888
2.76987
1.22751
0.202648
4.42484
1.26532
2.52857
0.296455
1.86712
0.199475
0.450526
0.0138572
0.344662
2.48819
0.0129307
2.61955
1.90018
1.04002
0.987325
0.203949
1.74364
1.40195
0.736582
1.16963
1.27925
0.693783
1.8427
2.95087
0.092856
0.454862
0.453593
1.71245
1.00161
0.0128837
0.158739
3.09063
1.30441
1.22239
2.28003
3.40312
1.83955
0.826916
1.15931
0.977403
1.35157
1.5912
1.31347
1.79812
0.913572
2.29245
0.188974
0.031666
2.0513
0.190669
0.899044
0.284982
1.098
0.240744
3.63987
1.26883
0.819656
0.126391
0.684867
0.9798
2.16866
0.580142
0.129524
1.70002
1.21101
0.329944
0.468866
1.10581
1.92283
2.87362
0.706458
0.947581
0.356782
0.441185
0.690581
2.35027
0.815809
0.864263
0.184413
0.56491
1.24789
0.758719
1.91725
0.212259
0.289577
0.937312
0.0489412
1.38695
4.21821
0.726461
1.85265
0.375703
1.91357
0.0900187
1.87329
0.167834
1.50298
0.0100439
3.28868
0.0461505
0.0262395
0.316254
1.66482
1.16042
0.573057
0.255751
1.41472
0.011153
0.521333
0.232453
5.21234
0.544927
2.1703
0.894995
0.68618
1.36355
0.894585
1.14416
0.106552
1.24942
2.87188
1.88619
0.293342
2.19645
0.114428
0.279297
0.950101
1.19531
0.0445406
0.182293
1.45288
2.39919
0.0740813
0.0882736
0.0180562
1.37328
0.225217
0.28119
1.05202
0.680779
2.47998
0.688011
0.253766
2.22917
0.316283
0.173705
3.17443
0.179743
0.00636297
0.923738
0.0842083
0.41251
4.44639
0.00805628
1.95204
1.10991
0.993168
1.09244
0.000917538
0.534414
2.15867
0.160675
1.14861
2.09948
1.6282
0.093615
4.31878
0.217555
0.0517124
0.0414512
0.559123
0.305678
0.830689
0.461163
0.434748
1.15532
0.758334
1.73539
0.487336
0.129857
1.33316
3.33111
0.0984373
0.951543
0.0681539
0.357472
0.64005
0.270919
1.10447
0.533965
0.627308
0.907092
0.0779185
1.9324
0.413938
1.99233
2.44898
0.204058
0.385607
0.92371
2.23864
0.390623
1.59389
2.57526
0.52823
1.54878
0.480436
1.03081
1.03553
2.01035
1.86295
0.386374
0.46607
0.249942
2.69083
0.0690696
1.10996
2.31202
0.0830762
1.81669
1.68234
2.58551
0.622542
1.27213
0.124672
0.0101598
2.22626
0.00371733
0.448064
0.964819
1.06617
2.86781
3.47632
0.375999
0.308656
0.467102
0.111399
1.47093
0.266058
0.230605
0.438584
0.419237
0.879394
0.726725
4.15271
1.44217
0.863857
0.350873
1.03102
2.45231
0.00845025
0.55323
0.648028
1.06163
0.933303
0.929159
0.168818
1.39345
0.226911
3.12486
0.597393
0.0433081
0.41996
0.8499
1.27301
0.307748
0.187446
1.40828
0.925268
0.334881
2.17342
0.824666
0.133671
2.6622
3.34129
0.194871
1.78364
4.9821
1.23684
2.55231
1.23618
1.19101
0.10127
1.18249
0.560773
0.109547
2.21225
0.522637
0.238235
1.54718
1.10764
6.12623
0.328404
1.36288
1.29139
3.35344
0.453847
0.757618
0.208083
0.456982
3.02084
0.659923
0.948685
0.671144
0.799611
0.209417
0.826068
0.588611
0.642095
0.418561
0.120093
2.48077
0.930389
0.38161
1.76014
1.81141
0.41013
0.661978
0.592303
1.93744
0.86169
2.54289
0.377863
1.38423
0.790113
0.100932
0.845429
0.751781
0.0636243
0.0259269
0.166121
0.529571
0.0779448
0.30806
0.0255488
3.1988
0.0945616
0.629133
3.33047
1.22372
0.634005
0.714391
0.152416
5.4446
0.512641
0.0947403
0.222508
1.94353
0.330851
0.398238
0.0622835
2.00574
0.571378
0.358854
1.24933
0.664245
0.0759634
0.562698
0.810201
1.48937
1.52082
0.149609
0.552302
0.701635
0.746836
1.48285
4.45399
0.694471
0.950449
3.2664
2.57846
0.69186
1.13312
1.2593
0.334714
2.1174
0.47376
0.010249
0.469656
3.48063
0.787527
0.423259
2.83994
3.91131
0.964079
2.44038
1.04682
2.09568
3.15828
1.27795
0.596732
2.61536
1.25622
0.852798
0.707101
2.91113
0.621253
0.0968694
1.25111
0.0758625
1.94718
0.0390196
0.188728
0.938417
0.381908
0.294956
0.106364
1.99821
0.426169
2.69709
0.204703
0.16918
2.29137
0.422751
0.434253
0.35029
1.36156
0.0422892
2.73094
2.20463
0.414247
0.357919
1.31571
3.68207
3.08132
0.868504
0.15143
1.40353
0.0347341
1.40142
0.376782
0.353681
1.70982
1.05472
0.358161
0.854797
1.67823
0.0792359
0.390885
1.48712
0.275472
2.27194
0.00443505
0.469623
0.975419
0.200583
0.94169
1.61487
1.74089
1.03649
0.946767
5.30022
0.133214
0.234573
0.23065
2.98925
0.209464
0.236393
0.474145
0.0415254
0.982658
2.18279
0.511693
0.790504
0.0791085
0.424275
0.130805
1.31314
0.414532
0.61877
1.01254
0.0748218
1.01301
3.64603
0.559905
1.5216
3.60273
0.0215518
0.424804
2.84479
1.31914
0.490094
0.812909
4.32078
1.02826
0.403392
0.0856449
0.726129
0.152643
0.298344
0.560117
1.67369
1.57326
1.41527
0.298789
4.06979
2.51554
1.09536
0.527228
1.93785
0.818911
0.920106
1.61221
2.27426
0.0166575
1.03114
0.978499
1.10285
0.417159
0.917404
1.1476
0.685237
1.43928
0.0962894
1.98575
1.51066
0.965174
2.62102
1.06319
1.07365
0.0571396
0.550707
0.0598102
1.41977
0.85683
0.409628
2.15676
0.597002
0.553434
0.590066
0.0377211
0.186797
1.25527
0.0161762
1.16084
1.0572
1.64249
2.25394
0.729605
0.444002
2.48012
1.20581
0.16946
2.0629
0.0797691
0.917128
1.74242
0.17493
0.302734
0.0638827
0.105562
1.39003
2.53578
2.14231
0.153818
0.240403
0.631895
1.12614
1.60765
0.876558
1.23084
0.866102
0.20077
0.195125
0.43464
0.70288
2.26507
0.0537083
1.98884
2.18847
0.138088
1.31011
1.05605
0.0773649
0.283108
3.08514
0.739524
0.39313
0.305835
0.705388
1.33263
0.94542
0.228
0.780661
1.08834
1.68011
3.27386
1.15453
0.44228
0.397797
0.0916708
0.225357
0.133748
0.0542991
0.316206
0.257342
0.582497
0.296714
0.0956559
0.210754
1.51392
1.17029
0.203434
1.45026
0.894791
0.101886
0.0537896
0.171765
0.747635
0.150128
2.63504
1.11603
0.507242
0.921802
0.162595
0.139945
2.27662
0.0994453
3.20478
0.196743
1.21358
0.099658
0.218628
0.798698
0.337014
0.685508
0.0639381
3.67912
1.21788
0.79571
1.07561
0.332751
0.282208
0.828153
1.47506
0.145147
1.24074
2.46049
1.61315
0.0687405
0.707051
0.754668
2.43438
1.751
0.358829
0.530808
0.367342
2.72061
0.735009
0.0254024
0.824223
1.95246
1.09179
0.390536
1.64682
2.87567
0.600459
0.443264
3.11958
0.773401
0.818507
0.930342
0.00372109
0.55197
0.338792
1.67212
1.76399
2.84634
0.28582
0.297052
0.367221
0.728285
1.06786
1.29587
0.978806
0.946439
1.9336
0.317313
1.51991
1.44272
1.51492
0.469923
1.50055
2.41204
0.809403
1.63091
0.0215428
0.219891
0.897324
0.646087
0.85867
0.590872
0.783534
1.37681
0.252913
1.47435
0.538721
0.246654
1.75717
0.296139
2.38352
3.44527
2.57396
1.38165
1.23678
1.01722
0.906898
1.42197
0.668803
0.534261
0.474312
1.53001
1.28527
0.895582
0.753316
0.248904
0.424022
0.407944
0.0784948
1.67809
0.974991
0.636791
0.375811
0.102359
0.253078
2.49763
0.136036
1.10498
0.248785
1.53834
2.39951
0.80658
1.06065
2.15603
0.0160816
0.130362
0.218681
0.298074
0.0666127
0.0888358
1.09517
0.387324
0.239185
0.462007
0.336134
2.8711
0.11904
0.228776
2.51347
1.91505
1.4091
3.4773
1.72554
0.0670897
0.878511
0.440663
1.92625
0.394075
3.76924
0.313197
0.364876
0.211428
2.94689
0.873398
0.839131
2.74763
0.0193108
0.585405
0.72626
0.230372
0.274745
0.962724
0.252038
0.431561
3.02538
0.219424
0.344831
2.62087
0.628857
0.669919
0.0167337
2.33296
0.864705
0.356446
0.528678
0.25511
0.530974
3.00886
0.936912
0.534345
0.231656
0.462975
0.75255
0.164881
1.42404
2.12618
0.066197
0.793255
0.0197353
0.579629
0.355084
0.452249
0.61281
0.751614
1.32939
0.271024
0.00837578
0.203141
1.3495
1.53496
1.21546
0.708615
0.660498
0.928164
0.802217
1.89183
0.889378
1.69796
0.465709
0.530718
0.532755
0.7607
0.567516
0.845613
1.93793
1.44538
0.37332
0.364899
0.607863
0.462175
0.0693722
0.538248
0.853644
0.840774
1.94027
0.524395
1.2372
1.07901
1.51399
2.94815
1.19239
0.201908
1.71426
0.120479
1.08697
0.0436425
1.28958
0.819827
0.487339
0.160597
0.844491
1.40865
0.137248
0.551927
2.04206
0.117792
0.858439
1.64617
1.71693
0.186669
2.569
0.487084
0.726538
0.624319
1.31124
1.41915
0.0665213
1.04285
0.482956
1.6236
1.96826
0.0801486
0.672636
0.435089
0.490059
0.213473
1.36336
1.57551
0.890162
0.25608
0.0320346
2.06596
0.940301
1.17544
2.87957
0.150769
0.219214
0.606855
0.145238
0.028947
0.770857
1.61961
0.949828
2.63617
0.0316538
1.11855
0.277316
0.509939
1.90167
0.513677
0.714333
1.08746
1.75803
1.33382
2.21207
0.075515
0.586671
0.431105
3.52765
0.374696
0.247596
0.206105
0.415314
0.150549
0.0233475
1.94126
1.60004
1.90437
0.185085
1.69231
2.80167
1.11409
1.25447
0.230678
0.399306
0.121058
0.343378
0.956412
0.886376
0.0527954
0.379705
2.89978
0.025918
0.00808154
0.327122
0.247917
0.503329
2.45167
0.0870675
0.593445
0.618916
3.22934
1.25839
2.8655
1.44379
0.015557
0.586298
1.99447
1.63583
0.155139
0.254645
0.44085
2.08362
2.12234
0.416462
2.08759
0.191342
2.70539
0.79617
0.159763
0.967049
2.51513
0.122339
0.441799
0.143496
1.18846
0.0852486
0.512458
0.286708
0.618007
1.29893
1.11704
3.4102
1.54946
1.64845
0.256272
0.77487
2.96239
0.169149
0.59654
0.170217
0.927651
0.149299
2.65622
2.67291
0.610395
0.705318
0.170941
2.0209
0.606742
0.106846
0.162276
0.88076
0.0375948
0.135436
1.95031
0.758103
0.00187869
0.788704
0.411432
4.99808
0.771738
1.05037
1.4117
1.05713
0.51148
0.509474
0.171657
0.0031957
0.979012
2.39002
0.0108026
0.874085
0.48804
0.487702
2.32384
1.03546
0.633737
0.122246
3.72717
0.936239
3.87569
0.551187
1.21893
1.46961
0.1292
0.0404825
1.61769
0.266672
0.114295
0.281227
0.132067
0.389072
0.157678
1.29061
0.428145
0.906371
0.195169
3.08555
1.8325
1.06774
0.037583
2.72314
0.380713
0.756412
1.12358
1.56402
0.536649
2.05421
0.57514
2.83051
1.1343
0.0932072
1.35887
0.554791
0.794329
0.20274
0.27716
0.531468
1.75921
0.15448
1.34012
1.10305
0.621193
0.78513
4.89775
0.829506
1.20808
0.845622
2.53529
0.273832
2.91132
1.00943
0.110235
0.297537
0.448195
0.0220022
1.39392
0.165273
0.409511
0.864091
2.95732
1.36369
0.192371
0.244192
0.611861
2.16562
0.878064
0.265294
0.445039
0.0909084
0.705892
2.54448
0.539156
0.661648
0.866775
2.73243
0.740079
1.49758
1.49215
0.356528
0.469523
0.858171
2.28256
0.368896
0.00756603
1.14682
0.431991
1.02687
3.78508
0.448946
0.0824835
1.09987
1.20147
0.326414
1.01499
0.0289241
0.179861
1.07053
0.141214
0.549188
0.396962
1.04186
0.707478
0.075805
3.29337
3.86679
0.366048
1.97419
2.95999
0.0692508
0.719181
0.60244
0.912947
1.15709
2.14713
0.959013
0.449983
0.2256
0.481862
0.596966
0.0988067
0.272859
0.714093
1.17412
0.127378
0.114169
0.443378
0.197422
0.0819541
0.637178
1.38251
0.382472
1.25752
1.5338
0.648519
3.5247
1.92288
0.0777805
1.24028
1.10754
0.596544
0.211919
1.00474
0.375882
2.38236
0.189138
0.378631
0.907453
0.733163
0.13954
3.61206
0.325011
0.969332
0.683168
0.252736
0.625082
0.911354
2.67414
2.20086
0.417428
0.859979
1.45461
1.24227
0.393595
0.771587
0.652392
2.82804
0.259597
1.23445
0.264434
0.308313
0.1516
0.231321
2.31096
0.392985
0.963435
1.55669
0.733789
0.208691
1.08365
0.219111
0.0758822
0.181066
0.855239
3.76534
1.40548
0.0882397
0.68459
0.331877
1.2152
0.211972
0.438746
0.104191
0.0053864
0.336573
0.234882
0.375391
0.281743
1.07963
0.340181
0.587269
2.799
2.93122
1.05428
1.20275
1.30648
0.174654
0.444457
1.72316
2.65975
0.0842547
0.0551413
1.11501
1.62496
0.457962
0.468141
0.0394035
0.473636
1.24397
0.911404
0.312293
0.216782
0.907747
0.72932
0.0438814
0.838898
0.277946
0.55173
3.34805
0.2037
0.537248
1.44136
0.468879
1.6332
0.766178
0.414524
0.465291
0.00131471
0.0852671
1.16146
2.33431
1.56382
1.27403
0.0546071
0.190619
2.22565
2.13823
0.0783194
0.0910632
2.13048
1.10469
0.87939
0.674485
0.222626
0.585465
0.0731945
0.2719
0.26341
0.0566676
2.65367
2.47597
1.82859
0.118475
1.51552
0.959518
0.962165
1.00344
0.365669
0.576516
2.91258
1.54334
2.24994
0.582517
0.583427
4.21869
1.00736
0.5184
2.19404
0.928601
0.602739
0.439668
0.0841242
0.0380073
