5000
2.91966
1.99718
1.57027
0.786121
0.565761
8.38601
2.30144
0.887452
2.3521
0.52663
0.494303
4.78287
0.0412659
4.68682
0.930476
0.360136
1.81387
1.28291
1.07264
0.766788
15.1189
0.443398
1.6424
0.607232
1.43534
1.3772
0.0289637
0.582997
5.94078
0.840778
0.123183
2.25108
1.67698
2.16466
4.7625
1.67313
1.30279
6.52567
0.578636
1.15859
0.324673
3.59877
3.5294
1.01515
2.41046
0.887789
1.88616
0.0448529
1.77518
0.381002
0.425935
1.34497
2.27989
0.0469137
0.872989
4.41149
3.57938
0.417908
0.482749
2.11102
0.359405
0.0841467
1.71556
0.205009
0.464191
1.18495
1.41659
0.547805
5.03462
4.28711
0.38118
1.46068
0.918912
1.57233
0.887668
5.7201
1.45054
0.477754
6.34932
0.382247
1.74047
0.29052
0.111135
0.653954
3.78665
1.12481
4.93954
0.654484
0.691173
0.0984786
3.04319
3.24689
1.02699
1.1075
7.14551
2.21644
0.188875
0.381989
1.99281
0.222107
0.0254347
3.08268
0.144885
2.95259
3.307
0.713276
2.63132
9.85435
1.43496
5.39811
0.77326
0.921633
3.11509
0.373145
2.24969
3.70721
5.06602
1.79977
0.558041
0.495497
0.915671
0.936139
1.97999
0.974795
5.224
0.580525
0.526676
1.49726
1.60995
1.28039
4.12459
1.10112
2.37384
3.50647
0.195041
5.27623
1.99249
0.254692
1.36589
2.27313
0.399855
4.64529
0.860283
1.68484
1.50513
1.28647
2.30311
2.25584
0.638637
0.00240957
1.18971
1.42537
1.25934
3.42553
4.46366
0.552329
0.103215
1.79847
2.81316
0.802238
0.129129
1.14338
0.475381
6.11619
4.25461
4.03323
6.82751
0.906145
2.74172
2.7336
0.429636
2.63531
1.80656
1.41613
0.694336
0.300646
0.616375
0.689978
1.07074
1.42481
0.279359
0.192845
1.37797
0.747291
1.09099
0.528013
3.72378
1.57227
0.287008
0.240959
2.83321
0.796405
0.261693
0.320011
1.14504
1.04576
0.014403
5.29472
3.17665
0.653942
2.86887
2.05603
3.08383
0.036851
1.59673
3.88366
0.105682
0.820124
1.21079
1.49241
3.20635
0.916962
1.89434
2.47791
0.858311
0.36707
1.38689
0.00867697
3.12576
2.77322
0.7648
3.64069
0.538001
0.470996
1.21587
2.51411
3.50381
1.51461
2.43509
0.501446
1.27332
0.929156
3.16245
1.32113
1.51743
0.206086
0.406289
5.11301
1.61154
1.59096
1.86888
0.388894
2.23217
2.65675
1.87213
4.17687
0.210007
3.02841
0.580361
0.279857
0.159572
3.12433
0.993287
4.10585
2.00917
0.833092
7.81306
0.043545
2.23028
2.03345
0.237023
1.72886
2.95875
7.12344
2.8374
1.0796
0.184436
3.17214
0.156929
0.448335
1.58342
1.1717
0.570486
0.340974
0.830202
7.59621
8.12826
0.400381
3.44182
1.19731
0.181979
0.200482
1.11296
1.21546
2.85888
2.02219
0.067067
2.14987
0.527863
3.16807
1.45967
0.422199
5.97694
2.14723
2.74794
0.949888
2.11003
0.692306
0.526097
1.35289
2.09027
3.92395
0.103334
2.05588
0.85659
0.420235
1.07679
1.92192
5.76529
4.56901
0.617254
0.276607
0.155242
2.73369
0.893654
0.0695844
0.713293
3.71712
2.20826
2.49831
0.402402
5.56131
5.67047
6.52793
3.25714
0.30108
2.24302
0.00709553
0.234445
1.23924
0.111515
1.83909
3.58219
2.96359
2.14937
3.40846
0.0569295
0.507087
0.661273
0.646633
0.505918
0.138156
2.38415
1.37256
3.23504
0.292669
0.229454
1.37324
2.73233
1.6545
1.25152
1.1556
1.30122
3.52573
1.69903
0.705355
4.04436
9.73235
1.69057
1.28632
0.0422887
0.534318
2.17202
1.30105
0.15347
1.61878
0.313101
0.774492
3.83406
2.66326
1.28324
6.20622
0.722945
0.773511
4.62205
3.31921
0.994944
2.92749
0.139732
0.789216
4.70954
0.00525117
5.78999
0.466179
3.05876
1.34087
1.52508
2.69574
6.27992
2.70744
0.698607
0.481688
0.203269
2.30409
0.55785
4.78332
0.690044
3.68015
1.1923
0.0519837
1.04887
0.393366
0.673224
0.7032
0.617111
0.396195
1.34177
1.43915
1.48145
0.0910922
0.873905
0.349927
0.830254
0.630064
2.33693
2.48575
3.07229
1.34819
5.23271
2.36232
0.0145316
0.26896
2.29198
2.33123
0.394332
1.47093
2.84165
1.92695
0.187677
0.231693
4.54215
0.705478
2.00177
2.1638
1.26413
0.0735114
1.49726
1.57696
1.05497
7.45885
0.924183
0.148898
0.755779
1.92916
0.321035
1.13974
0.444011
0.128265
5.83669
1.20032
1.34995
2.39724
4.48938
0.485326
0.138805
0.754229
0.2816
0.0130682
1.55678
1.3675
2.46216
0.201725
3.27286
0.146484
1.55517
0.402446
0.595546
0.982197
0.142881
1.39632
1.73907
0.350645
4.01102
2.70161
0.404101
1.81592
1.17147
0.276552
1.82612
0.234998
0.0492106
0.557908
0.721156
0.315801
1.34658
3.44056
2.4596
0.0261125
0.10751
1.0881
1.40398
1.19427
1.22552
1.1727
0.226542
1.55565
0.144936
0.523836
2.54036
0.101349
0.33912
0.0716622
7.17218
0.846207
2.83223
1.135
2.20111
0.283507
0.45488
0.262779
4.87216
0.157413
0.81913
1.65611
1.25947
1.02527
0.770862
3.06812
1.11118
1.25988
0.779116
4.64279
1.68857
0.371264
1.03242
0.113111
1.85934
1.46805
3.79969
0.555241
0.0834318
0.500244
0.0218105
0.98382
3.45507
2.14776
0.63615
2.2026
0.482101
0.11123
0.268663
0.731439
0.645744
1.06195
0.353384
4.62704
0.949166
2.24702
2.39805
4.50045
2.43793
0.202147
0.806632
0.670899
0.871561
2.16891
3.10016
0.857398
4.00349
0.373132
1.72485
1.1145
0.429078
1.96149
1.72591
0.497598
0.593081
3.7773
2.79361
4.13945
1.03357
0.20924
1.03794
0.079923
4.89768
3.7446
0.00407848
0.0708059
0.630614
0.769638
0.814712
0.916188
0.652183
0.836209
0.624556
1.02753
0.627614
1.64367
0.126585
0.776512
0.271367
0.122828
1.72735
0.894979
1.49307
1.39035
4.75081
3.28778
1.62625
1.17039
3.6621
1.45113
2.05133
2.77716
0.442004
0.974613
5.65939
1.34119
8.70579
1.87525
0.408769
0.944825
2.59425
4.66851
2.12308
4.64451
3.18293
0.691636
12.5057
3.41281
0.281924
1.61607
3.42768
4.23888
0.0352249
2.20262
0.597791
1.13385
10.4795
0.447182
0.379494
3.01131
1.05899
3.04035
4.74704
0.69232
0.765078
1.5048
0.326806
1.1685
2.02433
1.38535
0.714992
1.41251
4.24804
0.217784
0.626643
0.399804
1.39505
0.330361
0.266512
0.0461266
0.454219
0.743593
1.82302
1.75176
0.170612
3.73986
1.12022
4.82063
1.23504
0.771803
1.39725
1.80391
1.12505
0.23909
1.34824
0.327612
2.51398
1.51561
2.8479
1.96953
2.81292
3.78426
2.38722
0.318441
0.376262
0.770399
10.6965
3.72986
2.45523
1.59651
0.0400446
2.69789
1.10877
0.840153
0.946407
1.24724
1.26886
3.65706
0.911442
1.811
2.21001
1.35049
0.194366
0.61253
2.85024
0.2971
0.508035
7.89077
0.581978
0.146365
1.45979
2.08098
1.85737
0.0248317
0.559861
2.15605
2.16677
3.33329
0.260766
2.03306
5.23881
3.27478
7.41897
1.00956
7.94224
0.375572
0.225754
0.155544
0.83422
1.70928
1.04345
4.36523
0.275379
0.500619
1.94568
2.52954
0.810383
1.94662
2.25238
0.117667
1.41517
0.508381
0.984485
1.0784
4.32499
1.35314
2.72821
0.320006
1.01485
0.291372
3.10847
0.435947
0.190818
1.33875
0.270463
2.89868
2.48852
0.702692
0.154204
3.89529
1.5184
7.1948
0.588251
0.903013
0.171256
0.765081
1.57573
1.92551
1.15269
0.371557
1.93503
4.15315
0.445465
2.02904
2.97297
1.38525
4.03335
0.170442
1.02296
0.234071
1.02195
2.73722
1.64075
0.21161
0.254026
0.256514
0.62861
0.307247
0.751542
1.79247
0.28375
0.329885
1.03657
3.43089
0.811797
0.140415
0.524997
3.49308
0.443915
0.827468
3.82278
0.428135
2.31964
1.08584
7.24646
0.0242611
0.0206438
1.91551
0.824087
4.68311
3.2745
1.51827
1.15952
2.37789
6.45493
0.719021
2.88538
3.43691
2.20459
2.1549
1.11386
0.0594106
2.02286
0.163458
9.14297
0.926696
0.209298
4.66017
3.44292
0.012196
1.21986
1.97223
0.481087
3.0089
0.468577
0.170416
0.427325
2.60008
2.87999
2.19247
0.73765
3.53405
1.37816
0.321368
0.130251
0.460208
2.27434
0.918815
0.0728533
1.96981
1.9523
1.95698
1.01812
1.33446
0.155292
0.413531
2.8242
3.99327
3.22728
0.229273
0.0854187
5.21976
0.187455
0.52757
2.80627
3.4636
0.800408
0.23729
2.87329
0.0965899
0.210169
0.321277
0.812765
3.25002
0.511433
3.92415
0.571946
0.180324
0.25614
0.542748
0.116409
1.37671
3.87951
1.50671
3.72601
0.413163
0.122093
0.406038
0.142362
0.11232
2.17781
2.01003
0.00124581
1.78168
2.83786
0.755785
2.14812
0.639982
2.9646
1.30032
2.60981
0.32549
0.464029
0.690802
2.1098
1.96065
6.04697
3.66764
0.667017
0.876992
4.20854
4.26691
1.95124
0.69674
0.925025
2.75965
0.190398
10.2219
1.48723
2.16097
1.48939
1.30775
0.848027
0.941748
2.49375
1.47108
0.903807
1.54216
2.78626
0.702307
1.88323
0.977803
0.577001
0.919228
0.788903
0.0775889
0.136001
0.162298
0.196458
2.99955
2.67684
0.608738
1.54115
2.97996
0.063364
0.779192
0.872314
0.0587898
0.123518
1.81681
1.3564
0.237802
9.02516
0.713804
0.151707
1.14022
1.61242
5.65959
1.67988
0.859523
0.422819
1.39962
2.77485
1.63045
0.721917
4.59682
1.86292
1.0423
3.99194
1.20342
0.867238
2.8848
2.52386
0.699971
3.70231
0.196884
0.857182
1.85094
1.53579
1.22465
0.758856
1.32468
1.1996
0.159537
1.34405
1.87639
5.82126
3.21096
1.81
0.673761
2.6931
1.07141
10.2659
5.33795
3.85863
3.34269
3.75571
4.3786
0.28135
0.0179753
0.00689945
0.637839
2.66932
0.843885
0.480728
0.505996
1.76027
0.146733
2.29106
0.659758
1.24314
0.781902
2.74415
2.25493
3.71803
2.751
1.72405
1.5524
0.572713
0.652981
1.45522
2.13243
2.18571
1.78912
1.55782
1.78397
2.52172
0.920272
0.410896
0.466115
0.792251
0.373123
1.43822
1.89957
2.81835
1.18948
0.937073
3.3769
0.599466
2.06145
5.08175
0.912931
0.0167688
3.38193
1.14749
1.49163
1.88328
1.70172
0.147104
4.37307
1.64549
3.57252
1.02034
0.646528
1.48409
3.79921
2.29961
1.72983
0.569938
1.05762
2.24909
0.586237
3.14476
3.67997
0.553317
3.32116
0.670479
2.03169
2.95467
1.67799
0.976041
2.24634
4.55267
0.352869
6.50616
0.907136
0.833349
1.23163
0.713298
4.19964
3.61445
1.67969
1.92779
2.87601
0.382988
0.432023
0.670105
0.574714
4.01139
0.285875
0.18665
1.16198
2.72391
0.717779
0.0383053
3.91541
0.0494744
1.95834
2.1675
3.63233
4.36422
0.649237
0.4199
6.29596
0.728165
4.54073
0.555396
0.20494
1.92002
3.48901
2.53443
1.42557
0.750293
5.24521
0.163953
0.428652
1.3777
0.349857
3.23896
0.432678
0.2417
3.37622
0.665181
1.40799
1.80934
0.0789024
3.04597
1.73281
3.92645
2.13606
0.0719644
2.12482
4.23409
2.62796
2.31209
7.09123
9.13477
4.65493
0.34566
1.36534
0.659901
1.00346
1.05154
0.208467
0.0200572
0.491005
1.28227
1.27313
1.45901
1.14405
1.44151
1.1073
6.09285
1.52905
1.86606
3.48332
0.16279
0.639981
2.87689
3.46931
0.243371
1.19239
1.09688
0.44234
3.7067
0.744642
0.209684
0.254995
7.63327
0.0417833
1.87471
0.97259
5.68137
0.692668
1.4747
0.702344
3.85498
3.38474
1.14974
1.91717
2.23152
0.0180221
1.03275
3.00748
2.32331
4.00542
0.253863
3.01048
0.00542538
1.56866
0.177716
0.160368
1.7878
9.01849e-005
3.32191
0.961068
0.165463
0.159884
1.22125
0.534163
1.76236
0.957742
3.52487
1.17036
2.53553
0.0853377
0.455369
2.06519
0.0814429
1.25923
0.653706
0.549914
1.09816
2.10824
0.294576
0.517032
0.346178
1.33372
2.79281
0.696942
2.08807
1.07281
0.407975
1.24205
0.491132
0.954278
3.32693
2.9147
1.32914
0.851365
3.40043
2.27218
2.13377
1.31463
0.942977
1.43889
1.16961
0.113287
0.371526
0.979014
3.32802
0.947841
0.95201
0.848764
2.20438
0.22206
1.77448
2.69913
0.0690853
3.32936
0.855458
1.81505
1.31393
0.487201
1.0293
1.77652
3.89233
0.896253
2.88011
5.04892
0.0360364
0.258189
3.42905
2.99406
0.145676
1.7511
2.76728
1.06377
1.5683
1.91661
4.44126
1.81896
3.32696
3.38618
1.31728
0.67181
0.488584
0.598235
1.06111
3.24782
3.64415
1.35039
2.00717
0.545913
4.20618
2.7128
1.01994
0.280234
0.174853
3.39116
1.6237
3.01527
0.871984
0.266212
1.69185
0.325686
2.52052
1.8108
0.0730562
1.19239
1.03399
0.692978
1.34876
1.15289
0.34602
0.649479
2.77017
0.463678
2.76643
2.33026
2.21141
0.806089
0.14003
4.78563
3.21406
1.20496
2.37736
1.8429
2.01688
4.32703
0.508816
1.18855
5.48927
2.25201
0.188293
0.63724
3.41157
0.924988
1.54275
0.280865
0.265562
0.834214
1.5751
0.349224
6.06392
0.76562
3.74797
4.61219
2.58391
0.0476051
2.0112
1.55659
2.76122
0.535654
6.47756
0.289117
4.26532
0.582812
2.23385
0.713029
0.4348
2.12305
3.39231
0.469925
2.81311
0.519162
0.170051
0.209782
5.14123
3.47711
2.22609
0.712517
10.8913
0.91985
3.25945
2.04843
0.282384
0.558133
3.68768
1.46468
5.31689
2.09169
0.0285442
0.984587
0.00320292
3.81363
6.08698
2.24112
4.18769
0.00748048
2.17927
2.31384
1.29479
1.7968
0.104596
2.93813
1.4905
0.140469
2.27414
3.56249
1.34653
1.75213
1.00503
3.31273
3.23676
3.0643
5.73262
0.94429
2.95329
0.207589
2.23042
0.101065
1.9588
0.297966
0.183087
1.10526
1.83616
0.0225048
3.12795
0.889974
0.192491
1.49729
2.14843
0.379103
3.53856
1.05957
3.08283
0.745682
1.37567
0.838534
4.68628
0.0527614
1.22742
1.15673
0.0887848
3.96945
1.19881
0.56236
2.73668
1.21225
1.31
1.44744
0.595668
0.494848
2.8191
5.49371
2.04774
0.145962
0.161905
2.47858
5.75136
1.70957
1.22592
0.827492
0.0396938
1.53327
1.21244
1.00001
5.58446
2.35712
4.53375
0.0455019
1.38298
0.16524
0.371253
0.76428
2.1365
0.67548
2.99113
4.023
2.75412
4.71761
1.22378
0.566021
2.59169
0.562264
0.244459
0.782408
3.35371
4.10362
1.42729
1.7649
0.633561
2.26601
0.770816
1.38013
2.23015
0.657409
0.602649
6.3035
1.10812
0.142225
3.80913
4.3874
0.749914
1.70919
0.225536
0.616539
0.932666
0.828138
3.19123
1.3165
3.06601
3.72427
0.306614
0.817183
0.120808
8.38423
1.49326
0.705723
0.435244
5.38151
1.59216
0.578198
1.28077
1.91864
1.01029
4.20251
1.12944
0.0674927
1.34239
0.652296
0.202272
0.928628
3.88646
0.141327
0.236565
3.55873
1.96179
1.49934
0.0291418
4.38655
1.88608
2.69022
0.949651
0.876408
1.4374
0.40276
1.77269
1.38405
2.15314
1.23014
0.596528
0.011022
1.65133
2.06701
1.05064
1.01517
3.43052
3.36441
0.769911
0.0556088
0.624647
0.0614068
2.16133
1.48022
0.0107404
7.81941
2.856
0.355771
0.463711
0.0341304
2.05372
4.72344
1.07931
1.48431
2.67357
0.872992
4.76471
0.134082
1.11059
1.5002
1.29355
11.0827
0.90233
0.460879
1.50452
0.0538427
0.633933
0.311966
1.06749
2.93391
3.44872
8.76584
0.040125
1.28899
0.464484
1.65208
1.1885
2.0973
0.902364
0.972637
0.440165
7.12839
2.02934
2.18401
4.36182
0.681353
0.994447
0.251606
1.24788
1.21803
7.2293
0.270202
2.19644
0.562958
3.61647
0.273433
1.86636
3.3654
2.67363
1.27302
0.0867389
2.14579
2.28207
2.54964
0.262604
1.30743
5.63969
1.46004
2.47401
0.38272
0.373341
0.4081
1.02557
4.59451
5.92121
1.65482
2.20664
0.690239
0.216242
1.35229
0.0347193
0.140252
3.38145
2.69139
3.80718
2.25653
0.321785
0.706715
1.16435
0.964417
0.928937
1.67668
1.65491
0.0874149
2.22782
0.025775
5.46691
2.58133
0.591904
6.28451
0.162402
8.91278
0.256893
0.813726
1.41202
3.23124
0.571937
0.0577601
2.54908
3.47538
0.79574
0.28291
1.11433
0.885663
1.32376
0.736703
8.67807
1.55092
1.01084
3.388
0.213671
0.464899
1.6164
0.223207
0.172915
0.987971
0.558572
3.75669
0.0802999
0.641137
0.803755
0.263332
0.896688
0.553415
1.32242
0.772005
2.62869
0.658786
0.416621
2.20372
0.654977
1.31971
0.388198
1.17647
1.03865
2.76379
0.970919
3.60259
2.10944
1.78967
1.17553
4.10237
0.773152
2.44279
2.99138
0.736192
3.12557
1.16154
1.95293
1.89121
1.36875
0.414917
0.136652
2.26472
5.20125
1.40639
2.69561
2.08955
2.60227
1.70895
0.519447
0.163709
0.261309
0.115207
0.0274989
3.00405
2.1543
2.66783
0.46701
2.9359
1.19882
0.724183
0.154223
0.0840942
0.285729
4.93617
0.580544
0.875006
1.26848
0.265732
2.43112
1.98249
0.302769
0.0868685
3.41081
0.741909
0.456664
0.125385
4.14162
1.13723
2.63002
0.353946
0.480123
4.64584
2.62971
1.30037
8.24041
0.645888
0.880875
0.289993
3.60242
1.14866
0.797798
1.21262
0.650365
1.45117
3.29901
0.976239
2.81361
0.462977
2.28638
0.0943847
1.57882
1.84898
0.0394702
1.36357
1.42072
2.86043
1.76184
1.55375
1.58391
0.892644
0.622704
0.403368
0.315715
3.38952
0.55269
1.39517
2.17894
3.16644
4.88797
3.99911
2.56435
0.703664
0.440188
0.288425
0.92706
0.27828
1.13476
1.22602
3.53874
2.01833
0.637798
1.27616
1.17495
0.109939
2.92085
3.69477
0.158271
2.21103
0.730731
4.12003
0.298786
1.56744
0.719096
0.577441
0.849703
0.347766
2.46832
2.27816
1.1313
0.596211
3.79594
0.0470594
2.22866
0.600208
1.88495
0.151824
1.15126
0.308918
1.21888
0.0920344
2.46892
0.291532
0.181148
0.182232
0.502187
2.44799
0.607689
1.60778
0.459642
1.74568
1.77816
1.60801
0.181441
1.51507
1.68394
0.505595
2.85873
0.917449
0.861278
0.824089
4.918
0.616827
0.684581
0.0931015
0.425151
2.46669
3.46378
1.66248
0.306062
0.0276473
0.350329
1.12585
0.232768
2.45291
0.0901384
4.46494
0.553053
0.0584842
0.651406
0.700762
3.71438
1.11511
0.615514
1.69689
1.3192
5.05363
2.03776
0.196469
4.28281
1.17016
2.61464
2.3156
0.0784248
1.42272
0.597347
1.22361
1.08827
0.910799
0.021924
1.13325
7.36696
1.03645
0.46171
1.52504
1.80708
0.709063
0.566227
0.329567
5.88997
1.81093
1.20162
2.40725
1.34203
2.26536
1.8498
2.65725
2.34125
2.44283
4.06883
8.56185
1.41814
3.44186
1.4208
0.235282
0.786038
2.61676
0.771127
1.017
1.45375
1.68485
1.56079
0.599763
2.00872
11.7588
1.41445
0.327875
2.90478
0.21567
2.86996
2.44641
1.25034
0.000435225
0.11771
4.55502
4.70578
1.02494
1.77554
1.07387
2.00046
1.95551
2.78599
2.82992
8.71207
0.212729
0.978524
0.363624
0.554545
0.581524
0.0151378
2.5099
0.232095
0.446578
2.77272
0.757707
1.18545
5.38403
2.66415
0.948751
0.992804
0.643984
5.89054
3.23254
0.589045
2.42779
1.68433
2.01584
2.34962
6.5526
4.6461
5.4849
2.73247
4.0811
4.06827
1.04415
1.43546
0.0655523
0.121282
0.249421
2.45671
0.254236
3.22432
1.28402
1.34103
0.531045
6.20986
0.944425
1.44221
0.845485
1.56764
0.166812
1.5251
3.39264
2.15003
2.17326
6.86811
3.31476
3.28029
0.666053
0.338442
2.85339
0.381651
0.227275
1.69573
0.653758
1.67724
1.90697
2.73862
1.06906
4.40379
1.90387
2.39831
1.50575
0.0249461
0.697025
0.422057
4.3692
0.962328
7.1573
2.72186
0.243991
1.40195
2.99365
0.775908
1.15844
1.06791
5.54255
5.09106
1.44678
1.27135
0.735159
0.951941
8.67062
0.0278247
2.96387
0.415764
0.791137
1.21704
0.684543
2.96814
3.83535
0.408365
0.939654
0.302551
0.712262
0.910259
6.73703
3.81541
6.19927
0.547167
1.41437
3.2514
0.792794
1.08916
5.36192
0.736574
0.380929
1.93941
3.36796
1.10179
0.253852
2.28388
1.22663
2.16094
1.17928
0.202824
0.0155603
1.9615
1.78118
0.0904104
0.726756
0.267729
3.05154
0.353408
0.209609
1.27812
1.16393
0.703772
4.15845
0.252242
1.95216
0.493675
1.15038
3.23128
0.737801
2.89621
0.276767
0.817272
1.60446
1.41878
1.51407
1.54101
0.496532
2.36963
0.747788
1.32094
2.24073
3.4764
2.48725
0.784854
1.74865
0.258916
2.37093
1.6179
2.96087
2.87348
0.938877
3.44879
0.154634
1.5405
0.440201
0.506602
3.99077
0.629141
1.91126
1.93998
1.87344
0.519131
3.69091
1.05979
6.52238
1.09606
0.131544
1.06631
2.03541
0.0391262
0.884626
1.65324
2.99509
4.22303
4.35415
5.588
0.433451
2.89204
0.775696
0.374248
0.157141
0.0691557
1.16207
0.479394
2.19378
4.79159
2.30373
0.698928
0.557964
2.23563
0.251571
0.439607
4.19954
2.72608
2.84432
2.91032
0.959869
1.3267
1.19841
0.804639
0.980947
0.678005
11.5998
0.603244
5.18876
0.0606538
4.19079
3.18951
2.79297
1.77007
0.915747
3.21452
0.428731
0.209775
3.95184
0.565822
0.955433
0.379143
0.308171
1.73125
0.669616
0.244247
1.75979
0.870836
1.34877
1.36057
0.917013
4.91318
0.80351
2.01249
1.27474
5.04574
0.439352
0.0697541
3.43068
0.127155
0.666975
0.213212
0.990508
5.13334
1.71298
2.93166
2.39402
7.8666
1.04676
0.460889
1.82644
0.421445
0.8978
1.53797
0.354957
7.31733
1.6248
6.58138
4.54052
0.210989
6.62463
0.462347
0.335277
0.62091
0.760948
0.715258
0.431138
3.00061
1.83646
0.0524782
4.70227
0.0555799
0.0578002
0.229886
0.149936
0.548423
0.391571
3.27957
0.4822
2.63335
0.878411
0.0722614
0.793617
0.908803
2.66392
4.53866
2.23748
0.181542
0.976415
2.45625
0.0464571
0.470401
0.421831
0.509269
2.00661
1.34069
2.46564
0.864014
0.371419
1.69478
3.26366
0.201811
1.47122
11.649
0.0105172
4.43821
0.443277
2.26033
0.57608
0.302761
7.89907
0.498045
1.06991
0.572713
0.659878
0.584573
1.64917
1.8597
2.65131
0.0460608
1.7607
1.5093
0.806244
14.484
1.7362
5.68993
2.26222
0.654255
3.17764
3.95898
2.01955
0.0422834
0.42004
0.0173937
1.77554
1.05433
1.88901
0.796806
1.41338
1.77593
3.20481
7.15315
0.094712
1.18844
0.983615
2.47017
0.182863
1.52178
1.51745
0.316369
6.7102
4.16
1.52002
1.19988
1.03579
2.7291
7.28254
6.12415
0.880495
6.85724
1.63942
0.212606
0.913318
0.37084
0.434684
3.3834
1.46237
0.885629
0.715796
1.58531
3.00625
1.53481
1.77166
4.52508
1.19467
0.93011
0.283996
0.247639
0.532221
0.279309
2.1823
0.313886
1.29574
6.14031
0.881671
2.2086
2.0704
1.16928
1.05323
4.85577
3.08266
0.103096
1.55273
1.51749
0.707359
1.38105
2.15413
0.598493
0.343565
0.853151
0.484741
4.24782
4.62195
2.64856
0.276335
4.2331
4.0101
3.46255
4.64719
2.29642
0.692525
1.8818
2.45627
0.128257
4.0918
0.441604
1.24391
5.07529
2.96487
10.2631
3.54977
0.100235
0.723749
0.832672
1.31154
1.10478
0.521116
2.53604
0.439213
0.0302729
0.645879
0.718881
4.68843
1.32111
1.13721
1.97872
1.06701
0.647554
0.511356
0.774697
0.237935
0.14851
0.0210625
1.31678
0.087026
0.520232
1.53331
1.7599
2.49072
1.14956
2.62636
0.512295
5.14578
0.625323
1.21697
6.05842
1.53637
3.16682
1.40407
3.45277
1.46763
0.34739
3.47665
0.151162
2.8379
0.978724
0.56135
3.74106
3.59533
1.28684
0.935174
0.664818
0.408515
1.30942
4.58045
2.15133
0.85114
1.40444
1.10737
0.626446
4.16416
0.976454
5.69447
1.28198
0.369919
0.43449
0.993823
2.70207
0.317402
0.10626
1.08663
0.0455921
0.795099
0.634533
0.179646
0.938805
1.08851
1.78088
0.0692074
5.0633
0.205132
0.53461
2.3252
2.40122
2.37282
0.719595
0.910872
1.00425
2.03318
0.679054
2.25696
0.657811
4.068
0.368652
1.53829
1.03338
0.147079
2.19052
4.78988
1.67791
0.263624
2.49735
6.28172
0.621079
1.11085
3.83367
0.721259
2.97606
0.126628
2.33147
2.85523
2.16656
0.504444
2.03928
1.99613
0.743319
5.03756
1.54725
5.05057
5.28118
0.244357
1.33458
1.7673
2.12668
0.500665
7.51492
1.55128
3.34851
0.790029
3.07428
4.29798
1.37025
2.43324
2.74461
1.89427
1.34573
0.178546
0.214122
5.9957
9.26617
0.698572
0.0191448
3.01056
0.272961
3.5073
0.433557
1.543
0.263949
0.825886
1.41755
0.801997
1.78378
0.134124
3.17013
3.65073
1.78309
2.01937
1.11884
0.0423656
5.69695
1.20565
0.0706287
2.19644
0.622761
1.5714
2.56571
0.811602
4.47934
1.15961
0.359962
0.641735
0.560676
0.568106
6.48653
1.02242
0.602585
1.39637
3.16303
1.08073
3.84303
2.15266
0.301568
1.52137
4.64527
0.821957
0.736746
0.540932
1.29209
0.785644
0.886814
0.165047
1.38603
0.599497
4.06744
1.80035
0.508196
0.230767
0.690992
4.21141
1.22256
1.17972
0.480322
0.763103
1.2627
0.975913
0.0346784
2.17165
1.24547
0.549118
7.22836
7.21574
3.40484
4.87723
0.491009
1.38389
10.4657
3.27296
0.463053
0.567329
2.04565
2.89339
3.63113
0.996135
0.399776
0.730602
0.172785
0.690345
2.74628
0.0631756
1.90556
0.424738
2.16498
3.10971
0.581561
0.546164
1.79071
0.121465
2.32042
1.11307
0.0969522
0.685325
2.90289
1.63604
0.976533
0.878546
2.97732
0.668809
4.87176
3.21319
0.262504
2.24856
3.5909
4.0319
1.92597
5.23086
2.76854
5.57352
0.24188
0.68867
0.239693
1.08611
0.89734
6.00073
1.98981
3.18806
1.18493
1.03297
4.9566
1.23288
0.395788
1.17255
0.96717
1.01621
0.882637
0.470823
0.497006
0.166978
6.75281
0.784841
1.40972
9.15002
3.00051
1.10908
5.2701
1.68277
6.45733
5.37357
3.45165
0.0318901
0.276993
0.343748
2.78652
3.38927
4.43987
1.37445
0.109177
0.203741
1.95831
1.73659
0.765363
0.659362
4.93495
1.40907
0.491168
1.98592
2.97137
2.04507
0.15215
0.574669
1.58716
6.22941
0.340946
0.30861
0.137488
5.48633
0.957412
0.0889423
0.616504
0.346257
0.245986
2.8418
5.12655
5.15534
0.916192
0.710056
1.31712
1.50478
0.143109
1.25265
2.49456
1.08089
2.02702
2.05116
0.620978
2.82479
0.053799
4.14843
3.12733
0.830614
0.966213
0.422494
0.273079
2.90506
1.87685
1.19653
0.81643
1.64037
1.97603
0.131642
0.649478
2.73584
2.68612
3.14089
1.47254
0.938137
2.49918
0.482861
1.20987
0.321995
6.32059
0.503411
0.88661
4.64285
1.91851
0.0335979
2.9115
1.5863
1.88543
1.92006
0.00981734
0.971639
2.77385
1.63112
3.72869
0.80627
0.297831
0.0468612
4.27801
0.688669
0.22565
0.461006
1.18508
0.372256
6.02599
0.0393323
0.569396
2.50376
3.70953
2.19679
0.516788
1.14262
1.21217
0.284552
1.45823
0.430662
0.679465
0.761565
0.198488
2.89336
3.14078
0.863093
3.63999
0.912343
2.19308
0.0322464
0.953054
0.222885
1.03598
2.68178
2.17667
1.20624
3.7944
0.563872
0.204502
0.00148579
3.63764
1.21708
1.30006
1.57119
5.07311
1.61661
3.89346
1.66365
1.27867
9.6826
1.23362
2.02586
0.372916
6.78402
0.26421
1.16179
3.84906
0.745654
0.796064
0.174189
0.45482
2.17499
3.12414
0.231416
1.89805
3.2078
1.99714
1.14315
0.19047
1.66011
0.849859
0.158988
3.24264
4.09483
0.251661
5.1545
5.46783
0.348349
0.47761
4.98411
2.36352
0.0486022
2.40771
1.99805
0.511647
0.887191
0.495542
2.2535
0.117148
0.0100343
1.01805
0.265409
0.274186
2.05811
0.0440643
1.05445
0.60583
0.396224
2.44718
0.711049
2.62812
0.13444
1.50854
0.586603
0.621213
0.770858
2.81692
2.22265
10.3751
0.515137
4.04298
1.79286
1.14656
7.85536
0.208575
4.39063
6.33523
0.667656
1.26948
2.38603
0.393012
1.91752
3.09877
0.118338
0.950613
2.08924
3.47162
0.556462
0.984257
0.446425
2.01284
1.60182
0.943156
1.39879
0.507649
0.557977
2.86603
0.608739
1.56802
1.49996
1.40272
0.201831
2.34966
0.140952
3.97623
1.05261
2.07147
1.72677
0.718245
5.00894
0.350564
0.554735
1.53965
3.25261
0.426213
1.51504
1.16167
0.5954
1.05878
2.57666
3.63966
8.97173
5.93127
0.170371
3.19927
0.490209
3.36524
1.46098
1.89937
0.249438
3.88293
0.554387
0.376419
1.40836
0.436567
1.87736
0.26741
0.525606
0.201152
0.102298
1.41755
0.762985
2.73804
0.570089
1.1376
1.72641
0.0638047
0.703037
0.538263
0.0825134
0.098824
3.65815
2.32327
2.75827
0.654085
2.32764
0.012897
8.71211
0.218112
0.0193095
0.729261
2.4777
3.88013
0.483451
2.16799
0.53256
1.25199
1.87226
0.777571
1.49654
1.87443
1.22025
1.37122
8.76302
3.09071
1.52659
3.0076
5.023
0.562015
0.991882
0.739149
0.285966
3.13049
1.45004
0.247787
1.10709
4.55055
1.64607
0.0714341
4.91096
0.0132383
0.304495
1.94798
0.0289985
1.63228
0.533276
1.14847
0.846242
0.00300692
0.0976388
0.890121
5.02994
0.493076
0.451722
0.430413
1.20194
0.633854
1.84197
1.40853
4.76226
1.06618
0.0581298
0.189877
1.72912
2.32043
1.23525
0.748376
0.274597
7.22633
1.83606
2.03041
4.8864
4.53554
0.835967
3.75362
1.22835
3.52452
0.0266562
0.112859
1.02196
3.32652
0.397669
1.50087
0.462755
0.227993
1.31943
5.97325
1.07454
0.198984
5.26555
0.729354
0.713454
3.94287
4.58621
4.44593
0.708514
2.97169
0.497115
3.54362
0.0910883
0.774922
1.21628
2.1904
1.62919
1.54713
1.16012
2.19887
6.53453
1.15245
0.0380269
0.751494
0.728993
0.148399
0.0982234
1.47682
0.0752939
1.3773
1.03961
3.05144
0.0127032
0.389679
1.73949
1.99534
4.31881
0.623406
3.31674
2.73199
4.41206
0.711116
0.383626
0.0464438
0.207953
2.42
2.03881
0.589747
1.13589
0.271835
3.12881
2.89482
1.46262
1.04295
0.641952
2.11948
1.51767
0.138679
0.526384
1.3533
1.19113
0.869473
2.07081
2.02897
1.59753
4.79527
0.224487
1.86764
0.141974
2.24017
0.743433
1.87074
0.72408
1.03233
1.53064
6.60541
2.02665
1.54825
4.3143
1.1294
3.24
3.14073
0.662059
0.871918
2.52926
2.17622
0.499649
2.89313
0.891026
0.167967
0.892966
0.244648
4.0473
4.0345
0.484188
5.88057
0.629005
2.567
0.537471
1.4753
2.86281
0.326533
0.778901
1.74394
1.03883
2.2825
3.721
0.623594
0.149441
0.0118875
1.7942
0.205787
2.20821
1.72785
0.381597
2.20723
4.91623
0.442553
1.00743
1.91505
4.04318
3.20087
2.56322
2.66714
2.59405
1.18895
3.51692
7.17115
0.390059
1.16813
3.77399
8.94924
1.30713
1.61919
2.1571
2.04434
3.93281
0.884442
1.43197
0.759473
0.648
0.298156
1.63446
1.12642
4.86732
0.115418
3.56149
0.474895
1.19231
0.113144
4.7566
2.11731
0.731987
2.22277
0.678363
0.620522
2.70468
1.61657
2.37247
1.01961
0.932454
0.37922
2.42507
0.00132783
0.9007
0.00931407
2.44519
1.44478
0.271738
0.0831863
0.100834
1.76517
0.494564
2.72733
0.832743
4.96858
1.63004
2.95651
4.9595
0.450146
2.53232
2.27098
1.27111
0.472834
2.11914
1.61438
0.916564
0.966999
1.2584
1.09055
0.0689862
5.46858
1.28227
1.2662
1.6124
3.51701
0.187781
10.4629
2.5616
0.272565
2.05803
2.78004
5.62636
0.206132
1.55968
4.78394
2.32666
1.22346
2.41895
0.247731
0.00323393
0.332773
3.63537
2.06791
0.189316
4.17408
1.44135
2.88701
4.41038
6.43314
1.92574
0.482722
1.22344
1.83653
0.536939
3.80492
0.349897
0.275807
2.02682
0.151526
4.48399
0.130381
0.787201
2.73999
0.501795
6.65376
0.0521297
2.61612
6.13747
1.2944
3.51629
0.282356
0.0732059
3.15557
0.930888
1.16874
3.1066
0.212245
0.912441
0.528264
1.7657
0.207204
1.27081
3.43672
1.06038
0.0814739
2.72156
1.28116
0.981631
0.030687
0.195399
5.15506
0.527292
3.43311
1.04864
8.31845
1.78425
2.29375
0.754668
3.30212
0.127506
0.813244
2.06674
1.85079
0.1082
1.32492
1.45402
2.37658
2.26159
1.72141
0.256192
2.063
1.45659
0.903484
2.49742
0.235863
0.224138
2.63587
3.2677
0.494767
0.445053
2.00633
2.08492
0.428625
0.730917
0.092519
0.0822026
0.594381
1.67631
0.523929
0.929861
2.53891
2.52644
0.492899
5.93441
0.347613
1.52171
0.629837
0.483491
7.81598
0.857925
5.30339
0.172198
0.735875
3.4966
4.69384
0.498561
0.199751
0.793041
5.02118
0.448716
0.785923
0.141514
2.45289
9.58778
0.652326
0.644108
2.68309
1.09208
3.13263
0.0977182
0.173922
5.69254
2.47941
4.74163
2.19438
1.62002
3.66661
0.0992547
2.0246
0.745093
4.12309
0.0818207
3.7416
1.22497
3.52519
4.07372
2.43773
1.71767
2.06178
4.55141
0.507844
1.8323
0.002788
0.0217782
0.235521
0.687468
1.12863
6.20609
0.619244
0.697347
0.514728
0.0492652
2.58366
1.11356
1.28934
3.21069
0.435411
0.346788
0.449254
0.560928
8.67319
0.424435
1.13419
1.97747
1.52307
2.42673
0.03802
0.585823
0.0648896
0.184761
1.50221
2.08737
0.937969
3.03467
0.251545
0.00976261
4.31194
1.10514
0.140527
0.440631
0.893033
1.26582
3.46633
0.139743
1.07847
0.620984
3.23271
1.41456
1.81571
2.74878
0.222163
1.18132
6.18816
4.97762
4.67956
0.863306
0.181267
0.182775
3.13819
0.289059
1.052
1.26845
5.84167
0.639854
6.27406
0.201184
0.708894
0.407394
0.346924
0.551358
0.88386
0.456421
0.648687
1.7791
3.13435
3.78124
0.614081
0.185318
0.535179
2.01071
0.153109
1.25075
3.66645
3.59118
0.521653
1.28694
3.95353
0.0524925
0.103541
1.27858
1.69076
0.369268
0.550806
1.61616
0.366864
6.19336
1.22778
0.305972
0.658711
2.29231
1.56235
0.887981
2.45768
1.06974
0.964204
0.492047
4.36592
2.23382
0.456099
6.2009
2.47492
0.735893
6.00256
0.593492
1.82889
1.27232
3.20894
1.15584
2.14151
1.51448
0.475235
4.60025
0.259448
0.0576627
3.77016
1.60804
0.511461
0.166403
0.153639
0.0776822
4.28076
2.15218
2.7895
2.549
2.0452
1.13282
3.39765
2.8617
0.0956494
2.77077
1.05524
0.806284
0.492199
8.38958
0.0669891
9.9263
0.667604
0.334456
4.65856
2.31298
0.606874
0.308856
0.0148365
5.8975
0.622961
4.18419
3.07001
1.97874
1.28335
1.15272
0.732371
0.174013
2.34984
1.37336
0.698216
2.55167
2.41884
3.53227
0.416315
1.02892
1.84479
0.0259331
0.941128
0.692969
1.13122
3.69007
1.02192
1.82167
0.0817589
0.701535
2.61267
0.963986
0.0856584
0.147751
1.18479
2.71181
0.837906
0.501081
4.64433
2.14915
0.460687
0.355914
0.705349
3.46824
2.04506
0.0816363
0.469404
0.0760653
1.04633
5.86024
0.0363919
0.881617
0.913967
3.22232
0.931033
0.595721
1.61718
0.12926
1.72281
0.299992
0.228786
0.0681253
0.432922
4.46078
0.0173962
1.88824
3.42191
3.54494
2.6759
0.659659
3.50255
3.88478
0.53704
1.54641
1.71873
1.28039
4.12013
0.513948
1.45005
0.358622
0.10019
5.0634
0.322436
0.944469
2.84641
2.96094
4.71438
0.649633
2.80101
1.2531
3.48664
1.47882
0.505974
1.13627
0.0536845
3.56995
0.238484
1.52031
1.92071
0.144076
3.28632
0.927055
0.215539
2.20597
1.17184
4.58078
5.03317
0.14977
3.22813
1.06857
0.779028
0.890085
2.37718
0.380189
0.12828
0.170074
0.660349
0.713076
1.27789
1.03497
1.14775
3.16715
0.145488
0.0140548
2.3019
1.5688
1.72244
3.02936
4.68992
1.40854
5.70825
4.68668
0.655184
3.50718
0.0975028
0.373162
3.34292
0.430703
1.7133
5.53548
4.11105
1.80625
1.21678
0.0805463
1.24883
5.20942
2.67878
0.884863
5.50759
2.71
1.82019
0.0402821
5.2426
2.59343
0.232545
4.48046
0.751828
0.882272
0.278061
2.27215
1.62852
0.0717733
6.87274
2.82315
3.3124
0.77944
3.87628
0.121729
0.0471798
2.94693
1.54213
2.05766
1.99915
1.84184
0.236942
5.41097
0.676668
1.01137
1.82219
3.02287
1.89252
3.03953
1.34027
3.87574
1.20892
1.81638
0.139141
0.51529
5.9816
0.561171
1.89686
5.64324
10.829
0.0108932
0.934213
6.33113
0.342225
0.0676931
0.715804
1.84115
3.01257
1.92223
6.58731
0.766447
4.5843
1.30473
2.4225
2.50553
9.94953
0.35241
1.06696
0.0807262
0.201038
0.204297
0.625424
0.318251
2.17682
4.24392
1.15966
1.01725
4.21298
4.23261
1.07883
0.235578
2.76003
3.45547
0.511072
0.776395
1.00602
0.187137
1.56035
1.39083
7.2099
3.50066
0.808614
0.249898
1.76366
5.94699
1.26871
0.385197
3.73908
1.46349
0.0780029
2.68189
4.88879
0.914618
1.20806
1.42221
0.202162
1.21384
0.198933
1.31129
0.781993
0.728162
4.11707
0.778651
0.200746
1.98928
0.393586
6.16367
1.39249
0.292475
1.56245
2.78947
2.18376
0.408193
0.229969
2.59824
2.45658
3.00288
1.88595
0.809477
0.563089
2.54124
0.118189
0.204383
0.0229761
0.334114
0.578015
0.556613
1.09715
1.61082
3.22706
2.75514
10.8311
0.0977971
2.80993
0.0433192
1.90431
0.36071
0.0323378
0.51665
1.23559
4.6519
0.0846378
8.32411
0.288459
2.01845
2.09846
2.66715
2.73677
2.03989
1.35346
0.335269
0.454886
0.353566
0.680939
2.69494
0.627836
0.112088
1.99892
4.88049
0.548406
0.144069
2.70695
0.650173
0.646273
4.09092
0.830975
1.38417
0.489819
0.136852
1.08562
3.94093
4.12795
1.79821
4.29267
6.62457
0.430341
5.52094
1.66518
0.309711
2.3675
11.5412
0.92274
0.022376
1.8201
2.26666
0.15248
0.202441
3.07008
2.75489
1.1604
0.0679781
3.98027
1.58794
6.46869
3.74104
3.26209
2.21903
0.273242
0.206622
1.97263
1.13185
0.077583
0.0370248
0.352067
3.033
0.473132
3.20859
4.48586
1.31153
1.08267
2.77992
2.24715
0.131896
1.25015
0.172524
0.201923
1.23597
2.30141
0.65733
2.666
0.764957
3.15575
2.09739
1.8392
0.470823
0.509377
1.01082
2.15789
4.09293
0.643283
0.868322
0.0900607
0.461492
13.0773
0.502169
1.73083
3.32069
1.71358
6.53117
1.84476
4.05292
1.0135
5.76947
1.25893
4.48554
0.56534
0.238505
2.44972
1.00791
0.404309
0.373578
0.000401136
2.46021
1.11709
0.539016
0.544735
2.71276
0.774971
2.80703
0.759737
4.46108
0.504832
0.962354
0.234938
1.38769
1.06413
1.11448
0.264201
0.929319
2.3977
0.106021
0.768492
0.885305
1.17126
0.19594
1.14774
2.72908
5.73425
0.0725898
0.646751
0.0221686
2.31238
2.31597
0.0107425
0.0117892
2.28556
4.20714
1.84844
0.418626
1.42034
0.423675
3.54823
0.0876682
5.93232
1.09248
3.23408
1.98684
1.88305
3.35935
0.102143
0.342555
1.58667
0.152259
0.411111
3.10679
0.984305
1.1698
0.0465745
0.637185
1.1988
0.543933
0.498772
1.6392
0.630718
0.0556474
1.85406
7.38168
2.31267
1.14141
1.26524
0.290187
0.942039
0.800504
2.17118
0.363972
4.59968
2.30963
1.72353
2.34025
0.374607
2.94017
0.59059
0.260043
3.29339
0.0224838
1.79319
1.72979
0.222608
0.302275
0.291468
1.57983
1.54307
0.959614
0.23546
3.05187
2.37016
2.00386
0.181953
3.9784
2.0021
2.17385
1.7967
2.15751
3.0784
3.59128
0.839927
0.156816
0.542187
0.375936
3.85506
5.00467
2.20698
0.472459
13.1112
1.11937
2.16465
3.86041
2.85588
5.57762
3.47438
0.0249171
0.0986913
2.14269
4.55696
0.82895
1.7058
3.32902
3.69438
1.72141
0.226631
0.668667
0.034577
2.65838
0.235035
0.728144
2.81096
0.0961626
0.716353
0.147869
1.22173
1.40922
3.5987
2.66171
0.474277
0.0927942
1.19628
0.303274
0.0701712
1.63602
0.685439
1.3516
7.24571
3.94989
0.510064
0.545175
3.03769
0.786388
3.76817
0.647814
5.0762
0.67855
1.21198
0.489689
0.284936
1.7251
0.775845
0.173314
2.92176
1.40595
4.22355
0.843159
9.14183
0.737262
1.10432
4.67218
0.520484
0.740261
0.0586729
0.0173838
1.37799
1.09028
1.84697
0.625957
2.03413
0.321978
3.23279
1.99721
1.9249
1.39671
0.643392
0.188215
1.88293
1.07433
0.00970907
0.954947
1.32418
0.510662
1.13433
0.781958
0.235647
0.76158
0.387224
0.285225
4.67594
3.59858
1.73805
1.48476
1.60275
6.07306
0.582441
0.408971
4.32964
1.06467
0.465413
0.640143
3.53905
0.157624
0.335458
2.11315
0.789709
3.9955
0.183817
1.69591
6.51732
0.389939
1.52785
3.40139
0.151278
2.77763
0.281466
4.99253
1.89846
0.345817
2.41486
0.279545
1.60883
0.530437
2.44803
0.814835
0.250963
0.576624
3.34027
0.778052
1.16413
0.662792
0.226768
1.02767
0.095143
0.64534
3.04285
0.510308
6.78682
2.42285
1.73717
0.939868
0.746384
3.53223
0.297972
0.271549
1.32299
4.43497
1.8435
2.11245
0.718652
1.22396
0.151955
1.66047
2.26006
1.41333
0.96365
0.430714
2.14217
1.05811
0.549228
2.40974
1.83073
2.16699
1.06266
3.22154
0.35007
1.14945
0.480598
0.681293
0.0750714
1.40831
9.20309
3.27831
0.721676
0.971076
2.28421
0.794182
2.84354
0.640092
1.3366
1.71119
0.762184
3.90647
1.31396
0.866404
8.15009
0.966404
0.519737
0.210516
0.0855392
0.0319704
3.80033
7.66784
1.76474
2.39022
1.61054
2.69572
4.59778
0.752986
1.28536
1.92706
1.09191
5.80142
1.22394
0.0325072
2.91973
2.92429
0.401325
4.31264
0.108784
1.9278
3.20494
0.339362
4.48359
2.5847
2.58586
0.797931
0.605116
1.03197
2.03699
2.75628
0.61857
3.55127
9.46033
0.666571
1.28564
5.23695
3.97497
0.297308
3.99918
3.21993
2.0185
3.0597
0.231933
3.9776
3.49138
4.90108
5.8146
0.853082
3.2138
0.153717
2.23494
0.537604
1.19074
1.20012
1.55389
0.292521
5.28759
0.65785
0.284462
3.31369
0.533538
0.606773
1.21378
2.95537
3.74782
2.45795
0.176666
0.411977
0.528653
0.718972
1.21984
1.51484
2.11131
0.0762653
0.47248
0.298499
0.677598
0.880218
0.883639
5.75867
0.923729
1.40144
1.59367
0.177212
3.16496
1.42423
2.06428
0.736206
4.24611
0.963909
1.76835
0.835017
0.62873
5.39897
2.48424
0.578419
0.010676
0.887097
2.1852
0.400632
2.37678
0.401987
3.48241
3.53839
0.454635
0.786746
0.0742268
6.71992
0.143377
3.01063
0.529648
0.534506
0.0124879
0.398031
0.581141
0.981817
0.0364975
0.785069
4.59059
0.210859
3.98086
0.38403
0.140287
0.293735
1.54055
0.945116
0.830513
3.08789
3.29476
0.124392
0.512583
6.29516
0.203217
0.622247
0.36653
0.979437
0.25676
0.60483
1.36003
0.0806442
0.844089
1.00282
11.8034
0.275315
2.38597
0.0833309
0.758157
0.492534
0.836771
1.61551
2.26389
2.4273
0.908884
0.465576
1.14697
7.69517
0.408006
2.3839
4.5651
0.914991
1.59357
2.13213
3.42097
1.48161
2.2492
1.54745
2.52898
0.152631
0.915973
0.190066
0.406352
0.96998
2.50555
0.0537638
1.56618
0.8337
1.48852
5.63251
1.76598
0.14997
1.46419
5.02458
0.345495
0.546406
0.644061
1.12192
1.10426
1.76592
3.86357
0.517251
2.22327
1.96948
1.80443
0.537858
0.505104
0.726356
1.84491
0.986955
2.80069
3.64539
0.103269
0.209505
1.86271
2.53256
0.527173
0.0439208
0.261132
1.83844
2.04139
0.0646299
2.55632
0.485569
3.00505
1.13667
0.0274562
0.978092
3.29942
0.0616126
1.46172
2.26222
0.594295
0.0579277
0.573197
1.63193
4.70129
0.803138
1.08387
4.6187
1.04503
0.311578
0.919276
1.74219
0.5237
2.93296
0.22019
0.364637
9.45925
0.535089
0.0900317
6.21305
0.790237
0.1316
4.79861
0.622943
2.7641
0.0763249
2.60054
2.85593
0.0704499
0.189662
3.00191
4.86444
0.534185
2.70163
0.496392
2.43274
1.54756
0.347125
3.04576
0.523019
0.0896788
3.23565
0.190394
5.98722
0.301738
4.42579
0.721354
0.923421
3.07906
7.44771
2.46496
2.57702
2.05358
1.27608
0.254194
1.22268
0.0663604
0.746552
4.13839
1.06103
0.850589
0.730492
0.950098
3.40861
0.51675
0.406396
2.43015
0.667068
2.24741
2.7824
1.91673
0.616574
1.83069
1.47533
4.06823
0.936985
0.808163
1.04242
1.27809
0.766452
5.45343
2.16682
6.63115
2.54918
0.175396
1.07078
2.63925
0.255472
3.40048
2.76819
0.534661
0.159919
2.82447
0.981331
0.899776
2.66557
0.978381
0.955596
0.156007
0.718096
0.0143281
0.525418
2.84949
2.24965
2.77396
3.05441
0.152352
0.0173808
1.27421
1.32315
1.74936
1.81273
1.68084
4.05239
4.28842
0.679532
2.71205
3.78509
2.10064
0.225481
3.2314
1.29738
1.06369
0.311957
0.851579
0.180682
0.314918
1.64837
1.88801
0.184916
3.71357
1.23699
1.22953
0.880195
0.539728
0.378244
0.802706
3.62483
1.53967
4.80625
0.489392
0.0718947
0.124893
1.72823
1.41258
0.456625
2.73504
0.274356
0.0904222
1.03246
0.575987
1.33693
0.125262
3.20724
2.86508
1.20088
0.476441
1.49115
2.27646
6.84003
0.0387093
1.55452
1.69946
3.71369
1.85954
0.450725
6.10612
2.52216
0.976429
3.10526
3.84523
0.233724
1.60277
0.0966256
1.0014
0.980758
0.60883
0.375532
3.10316
0.853232
2.22476
2.20113
0.401646
0.658368
1.25899
0.431748
0.620953
1.78284
2.97868
2.5041
2.02597
1.27998
0.0392034
0.177164
0.971508
0.139069
1.77585
1.43638
4.95378
3.04426
1.96868
0.246798
0.935652
5.83325
0.469217
2.11947
1.49361
2.39853
0.200921
0.245303
0.485225
0.784564
3.67919
0.684089
4.31405
0.536138
0.709382
0.585249
0.317027
0.247703
2.69895
1.98556
2.05466
2.42336
3.35759
1.28866
2.39742
0.817689
0.123439
5.15773
2.00216
4.1096
0.526808
1.19062
4.44023
3.09132
1.67184
2.66922
0.346755
6.05259
2.11104
0.479259
2.43795
0.292385
3.64746
1.70073
1.19847
2.00954
1.21006
0.142433
2.00885
0.855683
5.11181
4.98223
1.80488
2.67844
1.98107
2.65557
0.243628
1.54241
2.68377
4.0179
2.07307
0.779356
0.851888
3.95687
1.21758
3.68669
0.838985
1.52134
2.71757
0.612231
3.01141
1.79168
0.973684
4.3165
0.734403
2.26707
0.301655
0.523852
3.59201
0.650156
0.381706
1.36325
0.352316
2.3399
0.648993
1.73138
2.95704
3.9294
2.89201
0.617805
2.81383
1.94334
0.732278
1.31617
0.63567
1.45234
2.3776
0.490161
1.26492
1.96972
0.902642
8.53065
0.0349185
4.13704
0.340839
0.731101
0.390857
1.14265
1.89754
0.325455
5.78548
1.40151
4.15953
0.250409
2.6928
3.04024
2.48152
4.13436
1.97392
1.30479
0.0222359
0.759177
1.19446
0.982231
0.548919
1.70079
2.27027
1.86034
3.62633
1.07714
1.11738
2.14936
3.17809
1.70833
0.0472993
4.00951
0.529936
0.537611
1.37721
0.0647346
2.1741
0.722741
0.137624
0.255418
0.976461
9.3586
0.42634
1.27802
0.065023
0.640013
0.0171187
0.156319
0.0108958
1.00906
0.755718
0.598389
1.16454
0.663355
2.54672
1.28262
0.190251
2.53336
0.171054
1.77804
0.28853
0.492457
3.09907
1.50542
1.9382
10.3628
3.89527
1.41326
0.225409
0.512032
0.183953
2.58591
1.13326
0.0995552
0.721245
2.28487
0.173314
2.90456
2.22783
0.088165
0.862435
0.119246
0.769754
0.137914
1.83968
3.55678
0.274628
0.457802
0.670131
1.04789
0.165536
2.19058
0.202254
0.539166
0.64415
0.0875031
1.22788
1.76634
0.749939
2.63129
4.88309
3.76178
4.85725
2.49444
0.320955
3.40244
1.47321
0.335098
4.1525
1.69067
3.52077
0.114716
2.25229
3.1583
3.02008
2.79374
0.291999
2.95278
0.376136
0.897504
3.9917
0.499374
3.49469
0.838069
0.401988
3.59372
1.15055
2.04141
0.149651
3.02501
0.814334
0.303056
0.682262
0.484609
5.88408
1.41234
0.384439
0.302217
2.11831
0.406395
2.36745
3.88235
1.80154
0.725161
0.371501
0.475024
0.943524
1.52849
0.92454
0.14295
0.251255
1.86307
5.58453
2.56207
0.374215
3.20995
0.0838219
2.2894
5.92805
6.68253
1.84236
3.55388
0.890387
1.08503
3.50149
1.14491
3.13731
2.28751
0.0183616
1.53936
2.18318
1.61111
5.94436
1.67484
3.38856
4.25938
0.144174
2.09384
0.662605
4.31735
0.106605
1.2318
0.197685
0.151622
2.41656
0.645839
0.126344
0.514403
2.468
6.1649
4.40548
0.03783
1.40372
0.852088
0.105304
0.0625791
0.578317
0.669591
6.11967
8.92745
0.185203
0.616255
1.33209
1.44918
1.45783
1.51245
0.0758894
3.62243
1.57804
1.6862
1.35771
3.87187
0.593413
0.207902
0.680001
2.72343
0.793687
3.07229
1.3439
0.00707419
4.63062
5.90639
0.981479
0.379248
5.45507
1.04437
2.42227
0.397117
1.02091
0.64989
1.11504
5.10758
1.76921
0.902476
0.0997891
0.907571
3.17018
5.04794
1.12794
1.43026
0.338652
0.976505
0.473638
1.12631
0.963977
12.4743
1.49915
0.51102
7.29014
0.411632
2.12823
2.12406
2.42616
1.89845
0.263922
0.294877
