5200
2.50546
1.91996
1.42129
0.240331
1.58298
0.759902
0.846887
1.15876
0.327429
0.498245
6.65225
1.44264
0.115884
0.831474
0.892098
0.0835554
1.46228
6.17032
3.16964
6.97504
3.08945
3.53794
5.14662
10.6939
3.74416
0.225428
0.526962
0.549957
4.52136
1.54602
1.17132
0.334175
6.09259
3.38224
2.01788
7.585
0.561993
2.37728
9.49928
5.91555
6.33247
0.459534
0.119848
3.03979
3.67202
0.0868749
0.0287731
0.990571
1.1108
1.01371
1.97288
3.47785
2.08484
0.299675
2.22678
0.0551896
8.26797
1.96454
0.759104
0.985336
2.64289
1.89571
1.47813
0.209842
0.391053
2.78798
3.88381
0.857401
2.5538
2.82331
0.263759
4.96786
10.6132
0.333069
1.29947
3.77507
0.767467
3.55056
1.3384
0.611872
3.76851
1.81516
2.31107
2.96265
2.47203
1.63685
1.55784
0.228718
1.22938
2.49306
5.18858
2.88097
10.7378
4.57624
0.785705
2.47245
1.99022
1.8808
1.07094
0.37432
0.39286
0.150575
1.29086
0.938447
0.269455
0.830347
5.01868
1.07577
0.691498
0.791069
6.84578
6.81862
0.146627
1.2377
3.47851
2.78542
0.370639
4.33544
3.98489
0.417049
1.11498
1.11475
1.0745
2.9229
0.844535
0.252289
0.938092
1.5542
7.80672
4.61526
14.408
0.587092
3.07403
1.91184
0.201386
3.82373
4.47153
0.0204547
7.56624
0.285658
3.61032
1.13274
1.77093
1.55726
11.5245
3.07871
3.15055
2.88236
6.4734
1.01234
1.27711
12.4327
2.7232
0.360888
0.528299
1.60756
2.09207
0.558143
6.58949
2.15801
2.70204
0.189375
0.279515
5.3275
3.01729
3.08805
0.0243927
0.525368
1.81311
7.06655
4.16989
2.71538
1.36254
3.69136
4.81744
0.281305
2.54255
1.24497
1.79147
0.518586
1.79464
2.27175
9.55074
2.09742
3.55787
0.846769
4.07417
6.31424
1.26862
2.93206
1.18734
0.887104
1.79396
1.18149
4.56774
0.245529
0.481747
3.51443
0.898136
1.31663
0.425962
9.71457
6.95919
0.385308
2.33316
1.0346
3.6304
0.21156
3.56905
1.06051
1.01644
3.70392
0.210406
2.45876
0.578144
0.149991
3.04023
2.54181
2.28239
3.30688
2.3186
3.4081
0.765023
2.72237
0.74958
9.1388
2.11802
1.13004
10.0289
3.08738
3.01168
1.35476
1.23119
0.152997
3.27307
2.48827
8.17727
4.09991
2.6903
0.639704
1.51387
0.448684
0.623839
2.39521
1.13489
2.93041
6.80604
1.80915
0.0910828
0.931175
1.57893
3.98069
1.34063
10.7901
2.16947
0.270574
0.098189
0.926813
0.695093
2.19551
0.571122
1.94687
6.62527
2.96413
2.78543
0.426933
1.66212
0.880053
0.628927
0.679014
1.57138
3.46377
7.22947
2.29545
5.69874
0.111106
2.23706
0.942031
2.60702
0.371975
2.07456
0.094341
1.35405
2.26577
3.4395
6.50597
2.7089
3.10522
1.58106
1.32515
6.33422
0.256276
1.87075
1.43383
3.26104
3.30507
1.10047
3.20146
3.6038
0.022285
0.41111
1.8661
2.3498
0.574135
2.62498
2.0147
1.26022
2.38175
2.05276
4.51584
1.16074
1.76176
0.175702
2.6855
0.641773
0.625644
0.169505
3.74563
0.846619
0.231281
0.276351
4.69835
3.20435
0.382545
2.7771
3.48949
10.8395
9.30046
3.73067
3.41921
0.970637
4.43807
0.364402
2.45042
0.538529
0.0981752
0.623355
0.20744
0.837611
4.71679
2.19462
3.32855
0.66197
4.48348
1.29923
4.16644
0.807717
0.638117
0.527654
8.51858
0.71745
5.68069
2.15964
0.81055
0.016385
3.93726
1.67648
4.03015
1.30261
1.02252
8.41594
6.1583
4.76961
4.60869
0.0536309
3.09698
1.44744
0.34991
0.470217
2.84499
0.0337794
2.08027
3.40927
0.768071
3.42491
0.185018
6.49338
1.17931
2.91343
1.51981
7.09811
0.886771
6.98524
6.11967
2.10101
0.439827
1.15802
0.043133
1.66939
1.20222
1.0837
5.36209
0.312707
0.270504
2.3849
3.20374
0.0377392
4.12147
2.64775
5.13372
5.44628
0.820625
5.40933
7.43533
0.890514
2.13878
6.56448
1.58347
0.000632501
0.724664
0.704979
4.19504
1.2395
0.370925
1.65014
3.49122
4.97154
1.17897
0.693522
2.20524
1.06561
3.66821
0.337212
3.63034
9.9788
1.9805
0.00292239
2.52098
3.1061
0.460391
4.6149
2.39505
9.08394
6.73664
1.37816
1.57346
0.578803
2.11349
0.836861
0.684643
0.800751
0.809286
4.91081
4.06635
2.30435
3.35629
0.603398
0.275945
1.30294
2.55002
1.8888
2.62041
3.90848
0.583433
0.694271
1.28723
3.21896
0.985923
0.942423
1.52021
1.24675
3.69848
3.63601
5.85028
0.570672
0.364688
0.854074
3.51805
0.780342
0.783855
1.94108
0.0704561
0.128553
1.25278
1.13231
2.79316
0.531372
0.526708
4.237
2.45681
0.895984
0.900981
3.52923
2.43803
5.14274
2.66065
5.17337
4.22338
3.66336
2.34939
0.301094
0.126598
5.75886
6.10722
0.942387
0.843147
1.45444
1.71033
1.32845
7.5776
4.06308
0.815773
1.16453
1.72359
0.727961
4.26209
1.48248
0.75804
0.122813
2.99504
3.68345
2.88599
2.50954
2.3473
2.40396
5.7357
0.844974
0.570242
4.46349
7.81145
0.689857
5.82337
2.87264
0.730149
4.14264
5.95917
0.547508
2.39544
7.91793
0.116251
2.5426
1.82568
3.4047
1.32162
7.23865
0.0464431
1.05834
3.99856
3.62606
0.693529
2.42461
3.66808
6.43911
5.98455
4.75559
4.24831
2.08898
0.548829
3.45701
2.00661
0.175854
2.34805
2.26203
2.15371
1.55197
5.33715
1.21043
1.31788
0.225766
0.768149
0.347419
2.32363
0.262755
3.89087
0.974789
3.43328
1.03433
2.14736
1.23429
3.97396
0.541841
9.33728
3.25553
2.81298
2.41867
2.21167
0.607065
1.52134
1.75799
1.80272
0.126592
4.98044
2.00955
6.52398
2.29517
0.39886
1.67742
0.1103
1.30034
0.699265
4.09259
0.269484
1.5386
1.54609
2.34408
0.423192
0.785267
1.62695
4.04323
5.84997
18.5417
5.66861
0.519997
0.619959
0.799795
2.35779
0.362746
23.0259
3.29121
1.43239
0.722203
4.86282
0.330451
11.7737
2.17328
4.69089
0.155249
8.32699
5.84138
1.40972
7.20599
4.04239
3.76963
0.493926
0.320002
0.942295
4.98251
1.50753
4.79189
9.15156
3.82025
3.55476
0.704248
0.287353
6.52947
0.941408
3.71838
0.31552
3.79207
1.4077
0.550395
0.551654
10.8972
12.4234
0.657097
2.784
14.0903
0.140134
0.487154
3.05234
3.12323
0.900934
1.91031
0.857816
2.39279
0.338762
5.01563
2.29149
0.733826
0.732083
1.79526
2.39278
0.254151
2.47797
0.964449
2.16409
5.63197
1.6838
6.24128
2.15265
1.50082
0.44981
1.98373
4.24034
3.48777
0.337121
0.657136
5.15748
0.820851
9.65854
0.311343
0.0280563
2.06683
1.02805
2.37747
1.60284
4.77598
0.507311
3.71821
4.91153
1.65232
1.04094
6.68398
0.716896
0.26816
1.55354
2.10569
3.32919
1.17833
2.04292
2.80759
4.51785
2.20749
2.25118
14.8485
3.33015
0.196185
1.67471
3.24502
1.38946
0.3044
3.37884
2.4831
0.285063
0.547359
4.14856
1.68136
2.05519
0.0707134
3.29032
4.57281
2.10441
0.0948352
2.4003
1.64952
2.43455
0.100691
1.61089
0.920418
1.89915
0.734815
0.598348
1.30392
1.99341
0.569775
1.02069
3.7008
0.957748
5.98811
0.0860375
2.12863
4.71199
2.91953
0.699376
1.15673
2.00762
0.253965
1.7176
0.0245717
1.20101
0.987479
1.13352
4.75131
1.80615
0.710449
1.86368
6.13926
6.05179
2.06556
2.34215
0.172841
3.15268
3.37655
2.57915
3.25877
2.32592
0.464955
1.04134
2.81948
3.80185
4.31135
0.171462
0.167787
9.50113
0.508692
1.09079
3.3231
1.98293
1.27386
5.43644
3.74758
0.598812
4.91
0.10791
0.0661832
0.26009
2.65698
1.11414
3.46045
1.12473
0.624553
1.10312
0.458828
0.255353
6.398
2.99882
1.48563
8.60819
4.76726
1.70012
3.12311
0.172104
0.239882
3.20685
4.16134
4.04002
2.40931
2.55696
1.02663
0.948253
0.910313
1.38929
1.54069
0.133752
2.03029
0.179762
0.202112
0.829489
3.22688
12.9751
1.09937
7.62836
0.289051
0.272048
6.53095
0.103097
0.0134274
0.0707202
3.74185
2.33107
4.10471
6.1414
0.392368
0.653292
11.2699
3.69058
2.63349
1.93684
6.34378
0.527318
0.373112
0.417206
0.71675
1.14044
1.20728
1.11402
0.613695
1.1535
4.57236
0.209275
2.51207
4.29237
0.689257
4.59953
0.743486
2.20328
5.41348
0.409023
2.4059
5.55516
1.16858
2.25712
0.589539
3.09087
1.86143
3.09787
0.450266
0.290929
1.04757
0.774891
1.36113
0.691551
1.95088
0.807038
6.35735
1.20104
1.38131
2.53774
2.80892
3.35807
1.05829
2.21345
0.365318
7.3855
0.0378083
0.770446
1.65347
0.94385
0.0817016
1.21648
1.53167
0.634705
1.31859
6.38135
0.02262
1.21193
2.29561
0.952181
1.13877
0.666114
0.538929
0.564212
1.87081
2.38559
1.87251
0.0595575
2.71024
3.46178
2.25944
1.8984
6.00463
0.334995
3.34837
0.840619
0.907847
5.7883
2.11527
1.41698
2.73453
3.00497
5.19206
2.39117
6.91946
1.75131
0.789187
3.10249
0.426263
2.92191
0.587844
3.043
0.403805
4.03169
1.56661
2.52773
0.758264
0.42316
0.216326
0.467557
4.89794
2.54979
8.60656
1.73722
0.338549
2.40103
1.17587
0.720292
0.643731
1.27746
1.18484
4.85764
0.36963
9.51016
1.94055
1.20135
3.31135
2.24518
2.30473
3.44852
0.625744
2.23004
0.0441223
0.0587445
0.978925
2.04172
0.318126
0.612066
4.04351
0.777867
0.226358
5.71105
1.70316
0.113065
0.505342
8.18075
2.95973
2.42653
2.62148
0.933797
2.33725
0.378588
4.40184
2.09265
5.0538
4.63401
4.36769
4.33168
0.999277
2.80356
0.0480433
5.80692
5.39126
7.00647
2.34223
0.857496
0.2456
2.33454
10.434
0.635811
0.480168
17.7462
0.295016
3.76366
0.835265
2.04444
0.542139
2.22914
1.88743
0.948456
0.684808
0.312428
1.47775
2.75125
0.669236
0.764662
5.20916
9.48638
8.09246
3.82372
4.27783
2.49657
2.02283
3.68617
5.13215
1.91743
1.96189
0.369621
6.34361
0.268035
3.08895
3.66029
4.48297
4.49512
1.24616
1.19124
2.38921
5.42541
1.00923
1.44424
0.191006
0.767172
0.89003
0.880939
1.30835
0.64863
4.49251
1.66747
3.63096
8.06072
1.06759
1.47968
4.4923
0.733778
0.036375
3.68928
2.6188
11.304
0.818039
1.11014
1.65609
1.37567
4.19207
2.71134
0.714995
1.75571
6.82301
10.8333
1.3843
0.631688
2.74523
3.40283
0.521161
2.14409
0.216743
3.36599
0.607265
1.78414
0.241215
4.95733
0.777539
1.59154
3.60276
1.09135
0.393345
4.67043
5.84533
11.9256
1.75526
1.34778
0.12567
8.98444
5.81572
2.74072
2.54587
1.54721
2.65486
1.41173
2.55705
1.92079
0.0762514
5.39428
0.857456
5.80763
1.08127
0.891501
0.625102
0.6514
0.53313
3.38091
0.695996
0.507696
5.39953
1.13576
1.25109
1.65459
0.551252
4.2808
0.669522
3.33194
0.759143
1.83608
1.1416
0.978121
5.81066
1.063
0.82328
3.28132
2.14926
4.09999
3.55135
3.0382
2.27189
1.08375
0.270675
2.59872
1.51815
4.60169
2.07681
2.53518
1.46812
3.40219
0.20959
2.2033
7.49616
7.09687
4.12701
4.1251
1.07678
2.78263
9.19426
0.273801
1.71188
2.56116
1.63256
1.6085
5.52288
2.98058
1.07498
4.12252
0.0362669
0.142392
1.83509
0.464051
0.87674
1.99379
1.06303
1.29949
4.54758
0.53411
0.168215
2.74515
2.10807
2.48084
1.69292
0.334437
1.51836
2.4774
5.6707
2.58755
4.29282
3.81956
3.50348
0.605333
0.956622
3.42464
2.33673
3.8661
0.0640925
1.29618
2.42212
1.33376
6.62106
2.94444
0.18419
3.53959
2.03065
0.363162
1.36097
2.53727
1.91162
1.14672
0.245775
2.82309
2.43076
1.29731
0.388657
5.45803
0.572182
0.597505
7.22579
0.63952
1.72047
3.20026
1.80923
0.916616
4.46325
2.85993
0.280988
3.31353
1.65672
2.18059
1.30762
0.893058
1.99197
4.32495
0.974953
1.69095
1.25841
0.780236
3.43346
2.6654
5.37988
0.184429
0.707832
0.809014
1.93472
0.998798
1.80116
6.83132
2.47916
0.881705
0.0701634
0.368456
0.452821
1.46599
3.73948
0.0895832
2.21382
0.506306
0.73745
1.31258
0.0927516
0.333674
8.41575
5.13944
4.20163
2.68383
1.15668
1.04793
4.86125
2.34367
0.170689
0.592515
1.75551
0.802223
1.53616
2.05366
1.72364
1.37194
1.06419
1.75469
1.98696
2.542
0.120671
9.83028
1.96866
4.8341
1.11217
0.698509
8.21594
2.29882
6.8235
0.561885
0.0876104
3.86248
4.66901
1.42673
3.95017
1.31968
0.755563
3.40799
0.160632
6.76008
0.0579322
11.265
1.2973
0.279772
1.40455
0.442608
0.115357
5.7756
0.300991
1.43742
1.00002
0.052655
0.846509
2.05608
2.57598
0.365568
1.28834
0.495622
1.59543
2.17434
4.25821
2.99681
1.1466
2.191
2.26096
2.7583
9.01086
3.56948
0.100634
0.282054
0.376152
3.42322
0.494482
0.516514
0.517875
2.48459
4.43325
2.59859
0.333121
3.0989
0.479052
4.0823
2.35199
7.18798
15.3619
7.69848
0.246158
0.0289498
1.73737
2.33473
1.66352
0.378961
10.4781
3.47249
2.1821
2.60098
4.30096
2.26435
5.4032
0.59837
1.84826
2.11145
1.2226
3.03642
0.0974717
2.79128
0.130745
1.22033
1.00817
2.93374
4.91142
1.20717
5.66203
2.30425
1.57431
0.711901
5.03676
2.4358
0.603815
0.903667
1.04778
0.625949
2.70254
0.567477
0.0783456
1.91
0.968869
3.62622
1.71919
1.21562
5.80811
2.71543
1.89208
9.65505
2.45126
1.0259
0.0828588
6.10637
4.23948
2.94543
0.325199
0.0604416
1.56119
0.418616
0.790104
0.576982
4.88773
7.03902
3.93228
2.04257
2.56951
2.17852
2.28275
3.14975
0.396913
0.987988
2.7523
2.17826
5.08691
0.352144
0.619757
0.611096
2.97167
0.398987
0.611454
2.18096
1.43152
8.73068
1.91294
1.74691
2.19737
1.24477
3.04888
4.77888
0.181031
0.0414676
1.63144
2.06372
0.486532
0.758891
0.78262
1.60741
0.0832944
3.42655
5.00802
3.06629
0.880029
0.287083
0.930289
1.13279
3.193
6.28576
12.3765
0.0559756
0.350804
1.25319
0.140834
2.44736
1.60949
1.15654
3.33187
0.33015
0.622988
0.41995
4.8398
5.67211
2.43166
3.07649
1.17215
2.28241
4.06063
0.0741855
1.30777
5.85303
9.9285
0.677712
3.8951
0.93776
6.64147
1.11944
1.92808
3.26654
3.68866
2.99157
3.26825
5.17243
0.0350768
0.459681
5.07527
5.32807
0.410713
0.754306
1.71963
5.47718
2.66069
7.6901
1.72905
2.66989
0.784474
2.19535
3.50127
1.95701
0.348333
7.52234
2.78796
3.32351
0.822268
4.51089
5.78164
0.386826
1.0731
2.28928
0.935538
2.71218
0.403432
2.7621
1.45218
11.7235
1.76832
4.39304
1.20146
0.466046
1.41094
2.41323
2.91567
0.410595
2.21369
4.37202
5.70049
0.710813
1.13394
2.53147
1.21059
0.128373
0.702922
1.19828
8.47102
2.02454
5.8191
5.41805
2.81977
1.3621
0.107743
7.45784
16.0584
3.17064
4.22929
0.263904
3.35319
3.73711
1.58793
5.49247
0.301979
0.976356
5.19418
1.2969
1.74541
1.97552
4.16646
0.927179
7.1342
1.20659
1.73709
2.79349
6.46804
2.43897
0.742738
4.7398
6.56081
2.87656
2.30066
4.7854
1.99028
3.05961
0.265854
1.90004
0.173658
4.63152
0.562122
0.924013
0.691483
0.541189
1.465
0.180675
3.89535
2.73225
2.16137
0.555073
1.31883
5.10506
0.0576957
1.42871
0.936232
5.11877
7.89809
1.30593
2.17578
5.42493
8.2439
2.23247
3.04468
1.68057
5.01642
0.91292
2.2608
0.72929
1.72548
2.49242
0.800531
0.578077
2.99312
5.46618
1.15365
1.60823
6.47214
2.96148
0.664609
1.45776
8.81456
1.32063
11.5187
0.950839
0.551025
2.24782
4.2406
0.183067
3.37792
0.0856496
0.137577
6.16089
1.01429
0.340424
2.43325
3.33706
0.955456
1.25906
6.59177
2.82591
3.4655
4.92667
3.11334
0.546384
1.94826
0.547714
3.2342
1.82755
4.15999
0.219308
1.96729
2.81575
2.66514
0.774102
1.88149
1.83644
1.90333
1.27854
3.60253
9.27485
2.18052
0.616028
2.52559
0.0372098
0.898046
10.611
6.06422
9.09486
5.06515
6.57761
4.62287
0.157624
7.865
5.70578
5.27119
0.69341
0.0382701
0.975535
0.374795
5.57125
0.154148
0.00922113
5.25163
0.603257
1.11131
1.93062
2.34859
0.0374435
4.72911
0.294078
0.476286
1.46377
1.61212
2.71533
0.949377
1.62265
3.22885
2.54419
1.17633
0.464743
0.434584
3.81381
1.11515
0.251584
0.0798078
0.150083
0.84368
12.8875
0.0398065
1.69133
3.13879
0.548057
2.18129
1.12027
0.273999
2.88579
0.570696
0.759705
0.925085
0.637481
5.32679
0.35494
1.94798
0.993351
6.53135
0.679959
0.918885
1.26193
2.11997
8.82164
4.15483
1.71543
2.71416
2.65081
0.0125189
7.565
3.0595
5.27259
1.21659
5.7162
0.0353144
3.39562
3.40584
1.12635
0.412621
0.384948
1.88887
4.99659
0.954822
1.66768
1.6807
0.939833
1.75065
0.167765
4.54451
4.60569
4.26994
0.0653754
4.13803
0.00107287
0.592836
0.582997
6.34581
0.783705
4.1072
0.399874
0.883843
0.333489
5.2488
5.37063
4.41044
1.69718
2.75172
0.867528
4.83669
5.14003
0.955153
0.0218415
0.546019
2.10238
0.404968
1.49061
1.37059
0.237337
0.474106
0.984807
0.735258
1.40932
1.27461
5.71293
3.77446
1.13608
3.74556
0.514154
0.819152
3.45487
7.59922
3.88287
8.2792
0.898138
1.35187
0.156189
5.72391
0.796138
3.41659
4.39531
0.0454283
2.60376
1.35384
3.97187
0.978547
4.54673
0.794062
2.22209
0.212501
2.10916
3.92532
4.47288
1.86189
0.508555
2.28317
4.52613
3.03931
4.08124
0.6073
2.97556
0.233241
0.290815
2.68952
1.44581
0.0199493
2.17674
2.10251
1.79061
1.12289
1.059
2.98273
3.28727
1.04445
1.52533
0.260152
0.0692697
0.869193
3.61616
2.41887
0.322942
2.98148
0.511455
1.71667
5.43376
3.26829
7.64343
5.43636
3.15301
1.15694
1.3264
5.005
8.27973
1.42079
0.553679
5.7103
9.8318
3.41951
4.40272
2.22001
0.931982
0.575379
0.890208
0.364828
0.267418
10.4233
0.321699
1.06998
6.86212
0.0352555
1.08642
3.16729
1.63485
1.60146
10.2667
0.939713
7.47492
3.94153
1.39214
1.56352
1.96981
1.19102
2.98244
0.373397
4.03557
2.73572
1.26247
3.66912
1.96239
2.64184
0.222614
5.53414
11.8669
0.322895
1.36245
1.28488
0.794927
4.31791
6.4228
1.90617
0.955128
5.60496
0.894216
12.5266
7.75608
2.98265
2.101
0.395408
2.90107
1.72928
1.36284
6.86842
3.28404
1.78442
0.0465687
0.478379
0.180711
0.0374989
0.608785
1.8519
0.686776
0.471591
1.01136
0.00462987
0.254774
1.30827
5.652
2.19495
2.53502
0.115315
2.49746
3.62084
0.0391502
0.402479
0.597516
0.00782088
1.71317
0.0664249
2.85391
0.569724
0.162479
2.12617
4.13996
1.59078
0.159054
10.2029
0.453631
10.5761
1.84572
1.29616
1.80779
2.29706
0.597373
0.706091
1.49998
0.145631
0.201587
0.077724
1.6539
4.09878
0.521989
0.239995
1.33497
2.82255
1.54985
0.603995
0.746355
5.76201
0.065757
0.919131
1.9626
0.891369
2.29713
1.21867
1.69656
2.01309
2.11289
1.96374
3.86612
0.13286
5.11515
4.16322
0.533757
0.405511
2.02492
0.0885125
2.56216
5.72419
1.55208
0.798184
3.42099
1.14087
0.517713
3.37247
1.90717
1.42979
1.34897
3.05589
3.4383
5.51088
4.25363
0.253747
0.467707
2.9722
0.60305
0.767698
5.73454
1.70344
0.011193
0.209528
0.562495
0.939283
8.35091
2.472
1.29309
0.669521
3.30824
0.0975178
8.84369
0.376768
0.911424
2.39438
0.702722
1.13535
2.82305
1.94291
3.02541
0.0652463
8.27592
1.72951
0.528592
0.178345
0.581131
10.3442
3.619
0.285467
2.44717
11.5391
2.86474
1.32037
8.46772
4.09973
1.36514
5.7594
0.7942
0.779161
1.53334
0.924575
4.85051
0.751665
1.11075
0.309219
1.26674
0.215094
2.1301
0.196993
1.7746
2.39122
0.212197
2.95071
0.0811758
8.2853
3.95954
1.09773
5.01469
3.4633
0.399074
3.12221
1.04216
0.981071
0.910445
0.11023
7.65111
0.918751
3.70678
1.51908
0.723
5.0732
0.136859
1.05464
1.74756
3.48009
0.940262
1.64462
2.02235
1.08411
2.82985
0.930744
1.58812
2.25251
2.57592
10.3251
3.03263
1.63091
2.92094
0.508794
5.97064
0.864041
0.801739
0.261959
8.71607
1.93238
0.199694
0.844736
0.15826
9.0196
1.10415
2.38715
1.99524
3.33573
9.17581
7.75056
0.0736186
3.07184
0.655374
3.61657
0.751851
0.831907
1.22271
0.448103
7.82436
0.123056
0.720785
3.11786
6.76311
1.20879
2.27381
1.96761
2.51456
7.86706
1.70549
7.58435
11.8014
0.704406
5.95023
2.59842
3.24614
1.66503
1.01739
0.100851
1.78208
0.940673
1.1896
3.61575
8.57493
2.67734
1.53736
7.23363
0.408972
0.979964
0.815801
1.76128
1.51804
1.52042
0.469725
7.05929
6.23874
0.467957
0.223365
1.78004
2.11038
0.857634
3.46923
0.33838
2.46971
2.8878
1.58034
4.50651
0.124177
1.38895
0.433217
0.132771
0.912469
1.6959
0.930766
2.12543
2.90037
0.0710041
2.49541
2.93914
0.24363
2.27356
5.32194
0.741826
0.8619
0.218131
0.886777
8.58182
0.425259
14.1352
0.324305
3.45653
3.54233
0.0883696
3.12685
0.808074
8.38145
4.85774
0.651951
0.117594
0.74903
0.669548
5.1333
1.85222
0.787881
0.917267
4.93017
11.7389
1.5103
0.0877905
7.76185
1.43742
0.925739
0.748493
2.04501
5.05005
1.75981
2.07792
5.43892
2.78892
4.72828
0.783995
0.660073
0.117552
10.3962
0.835046
1.75197
1.50659
1.25192
5.21359
2.82393
1.50914
3.7116
4.17557
4.78977
5.08509
1.93061
2.12634
0.838386
2.13133
2.28083
1.91528
4.22763
0.120626
2.95716
1.04925
2.9962
0.333848
11.1312
0.567966
2.63409
6.91918
1.21328
0.599661
1.08874
4.46771
3.0926
5.73279
0.922324
1.26561
1.61079
8.1885
2.7456
2.22359
0.606527
2.41103
0.146184
2.19557
1.18123
3.36807
4.69886
0.729418
0.379518
0.558959
0.942225
1.94171
8.82416
0.91331
1.34197
0.751018
0.375644
4.14506
0.0401829
10.0892
7.95266
4.18653
2.95499
5.1128
3.67484
1.2713
1.76263
7.33084
2.62426
4.6404
1.96632
3.00104
7.14155
0.640263
1.13407
0.477505
0.611061
1.78405
3.78082
3.95695
3.92642
1.14798
1.38167
0.0909506
1.51201
0.957364
0.394695
2.2533
3.8549
7.5437
3.26562
0.251923
0.23057
3.38772
0.137308
0.569598
1.21675
2.03682
1.84914
1.18278
0.574457
1.16541
0.657469
2.25182
3.53095
1.41587
1.44464
2.3488
2.034
0.351071
7.84721
3.29799
2.61311
2.00987
5.53126
5.14655
6.40061
0.147223
0.471568
0.57883
3.15851
4.41202
0.912195
0.596093
1.56672
0.0780499
2.33918
0.694088
1.59023
0.25808
1.57517
1.06413
0.73209
1.99557
3.31353
1.68827
0.660556
1.92661
0.392783
2.38604
2.87213
0.50157
0.665784
1.70471
0.980458
1.83215
2.95712
0.756546
2.47
1.30173
4.1364
5.96966
2.91236
0.604543
0.396416
1.59881
2.11843
1.84736
2.82976
0.262077
2.90261
3.3574
0.472646
0.567167
1.14228
0.497529
10.3448
4.32328
1.00356
8.69409
12.5812
1.16784
1.50946
8.54959
0.297382
6.0495
0.542027
10.2592
1.64896
2.68859
0.938682
0.524783
0.994863
3.53245
5.71102
1.59361
0.293538
7.48951
3.10591
4.02353
1.8108
1.31215
0.962216
1.13526
0.786434
0.576885
1.02822
1.24355
3.20481
0.00205526
4.1707
2.85539
1.19605
2.60541
0.989573
4.65903
0.116608
6.71324
3.42873
2.25507
2.42692
2.65531
1.61206
1.45228
1.08162
4.31752
1.50627
0.621642
0.267173
1.74197
0.059976
1.31351
3.47524
0.543342
0.254216
0.0547697
0.563072
1.32051
1.96873
0.202305
1.63093
3.43171
2.78311
0.131592
3.83333
3.85303
0.752453
0.810426
1.29955
0.298056
6.74224
8.4973
1.67876
2.57275
1.17271
7.9381
3.33022
0.592507
1.53884
0.891311
0.998812
2.15484
2.8202
1.07038
2.90333
0.725176
4.30544
9.60732
4.19448
2.89394
1.50205
2.91221
6.22226
0.00564902
6.80822
1.61227
0.54611
0.158899
0.0121084
0.575104
4.45042
0.474509
2.08345
0.13981
0.31412
1.63802
2.01813
3.08245
0.165099
0.180872
0.0614438
0.100185
0.584463
3.21542
3.57638
0.423583
1.66937
0.949557
0.901682
0.108838
15.3186
0.982576
0.373172
1.73566
5.14902
0.0983419
0.885314
0.183472
0.786257
1.03858
1.47108
4.25542
0.850412
0.715738
0.736449
1.25354
1.53406
7.58954
2.75778
4.29366
3.94878
1.68258
3.51131
0.422491
0.855919
2.08328
1.94171
9.88069
0.323315
5.80312
1.18223
7.11903
1.66283
3.47118
1.26325
6.65238
1.73861
3.95597
1.43695
1.97592
0.0792652
1.86051
3.89778
0.274015
3.80915
1.9099
12.1534
6.22019
4.73467
3.30619
1.14473
2.4078
3.73118
1.76445
0.00996319
4.69726
2.32384
2.61585
0.084915
0.823458
2.25867
1.39549
1.05533
1.84761
1.6205
0.431218
3.44663
0.0385558
0.603569
0.0201299
3.85597
1.7121
1.25514
8.25173
1.90807
0.800034
3.78215
3.74035
1.05946
3.21143
1.02796
0.719169
2.10981
2.62943
0.0132355
3.40965
6.35201
2.02721
5.55249
1.37694
3.40544
2.83053
3.79773
3.61473
1.04961
0.824584
0.0990259
3.16975
0.376054
0.490783
3.66394
1.79136
4.6127
0.806593
3.53165
2.18282
2.85427
8.45276
1.26283
0.61958
0.844961
0.374861
0.813762
2.36199
0.324853
10.2043
0.995645
0.85056
7.79877
1.65948
0.423466
4.30415
1.37614
2.44511
3.97564
1.72001
0.504138
1.06733
0.877879
6.94371
2.95652
0.0606038
1.88088
2.18892
3.69515
2.70871
0.810043
1.9577
0.715159
1.01808
0.326833
2.73018
5.65201
2.23208
2.4946
2.88039
3.5142
6.37077
1.54316
10.4392
3.60625
5.56891
1.11799
0.921676
1.21005
4.73704
0.356465
1.41957
2.07727
9.87271
0.233909
0.550266
1.75
5.23835
0.77006
2.12904
0.119137
0.405378
3.99597
0.734468
1.58593
3.83217
0.290506
4.17591
0.838747
0.915441
1.08911
1.46589
1.36672
0.0829846
3.28664
0.548194
0.957841
1.00743
1.12681
0.408463
1.36837
1.44488
1.80422
7.79787
0.615923
0.221864
0.823482
3.09052
4.759
0.650615
0.327587
0.306388
2.09479
0.243601
1.36182
7.23877
0.162744
0.692917
1.75259
1.88719
1.98672
5.94273
8.83344
0.35289
2.15409
1.91411
0.443445
3.55864
1.89045
4.65644
1.02609
5.48942
4.45511
1.64803
1.40569
1.88796
8.70704
2.81003
0.452475
1.75701
0.759472
0.408371
5.68432
0.240648
1.28302
4.15795
1.6628
2.48459
4.29963
10.4727
0.554154
1.53206
2.61458
0.0613737
2.16605
1.34342
7.79961
3.31793
1.04941
1.2219
4.30332
1.4123
4.19335
0.778996
2.59584
2.18149
6.8027
0.095759
2.26095
2.62068
1.33456
0.162664
3.3465
15.6484
4.8553
5.42183
2.1867
2.02186
4.89474
2.34355
3.46926
0.437312
0.515283
1.52213
1.37745
3.15815
0.382104
0.346571
2.57734
1.29866
1.86655
0.145522
1.21025
2.64325
1.21046
1.81874
0.66409
3.65489
1.38782
3.8663
0.920083
8.85331
0.0440208
1.08627
0.232059
5.10705
3.54735
0.571879
2.23368
0.0666131
6.09938
3.21772
0.0792917
2.99047
1.66553
0.239351
1.65291
1.15885
1.81572
1.39145
3.87953
0.563129
3.12122
1.3907
5.55474
0.171481
0.506261
0.0322981
3.33929
0.791688
8.83879
0.499554
0.369019
1.40813
4.77597
0.501685
4.96277
0.865181
3.017
0.377835
1.61369
0.538627
2.10124
4.40301
6.20549
2.37318
0.938485
0.826346
1.99773
0.794985
0.282676
5.1691
0.521538
2.50863
1.14538
1.19118
1.02119
0.0425239
1.55003
5.56262
4.04068
1.71302
1.86467
0.127976
3.09298
2.52024
6.05764
0.142418
2.89022
2.22782
5.81158
7.34787
3.24192
3.26019
0.511076
1.36553
1.3135
3.06879
0.608516
0.280088
0.983453
0.306342
0.883233
0.71375
0.607584
0.532927
2.56725
0.426489
8.77449
1.36557
2.0511
6.08865
1.36694
5.47613
4.98737
5.84449
1.48054
0.135761
1.09074
1.75116
3.63096
8.80706
6.48029
4.03476
2.18766
0.70251
0.852345
1.70265
0.96306
0.6405
2.26679
1.80025
7.96644
2.6227
0.470778
4.06909
0.60642
0.134926
0.088418
0.0715384
0.325867
8.37235
3.11452
1.63956
6.34107
3.43391
1.33439
1.26775
0.42796
0.896357
0.13888
0.568082
0.790635
4.14196
0.0936731
0.244481
3.88844
5.05096
0.942375
0.661775
4.41221
1.89689
0.42105
0.271613
0.91032
1.53243
0.00672741
0.454416
1.23562
0.643503
0.596227
0.488078
4.20658
4.65225
8.61474
0.744933
4.13306
2.35886
7.30988
0.292485
2.64208
2.59777
0.487128
2.04588
1.52143
4.57459
1.68898
2.73921
0.684254
0.843054
12.681
2.72635
0.740577
0.132299
0.874165
1.08608
0.736153
6.07775
11.7127
4.54381
0.222291
5.81506
0.67883
1.8443
4.7483
1.69319
0.164225
2.127
0.544457
0.348234
1.15911
2.22255
1.03269
0.805923
1.71054
0.338934
5.25817
2.23799
5.10177
0.412833
1.06809
2.38148
5.34918
6.52168
1.54849
0.970124
1.68651
0.65605
0.741746
5.62613
1.09782
0.689636
3.72204
2.76692
0.458627
8.9106
0.132906
0.449441
1.61736
0.276867
7.94822
2.11975
0.981577
2.303
0.326532
5.54066
3.73193
2.59947
0.615329
8.32535
1.77513
1.18113
0.969364
0.0571242
2.84842
1.29353
0.0342078
1.30257
0.467614
0.483491
1.3643
2.46589
0.310681
0.200825
0.906326
3.88175
1.16674
4.35481
3.03686
6.47741
1.08039
1.47475
1.68987
3.18514
0.481165
1.89977
0.630537
2.63309
2.22224
1.59269
4.52492
1.19902
0.0580871
0.0147938
0.441704
7.50084
1.78681
5.13057
0.447361
3.8324
1.43624
4.80455
1.51833
1.80277
0.594973
1.9185
5.17929
4.48901
2.20727
11.164
3.5539
4.64099
0.449533
11.7681
0.687923
0.0780568
2.64219
5.79808
0.113269
1.70372
8.14777
0.657053
1.46365
0.0346998
2.75912
4.07092
2.49297
2.53866
6.61632
1.43432
2.2319
0.337516
1.99948
1.95964
0.649432
11.708
1.98707
9.18047
3.48612
1.12948
2.14371
13.0719
6.05242
6.99641
1.70776
2.88826
1.39327
4.28097
1.42118
2.93985
1.98178
5.63855
0.348578
1.21035
0.215755
2.61268
1.9443
9.25555
1.24991
2.78082
10.1516
0.827612
2.74992
0.75774
2.0444
0.14705
0.203125
2.079
0.0716231
2.81592
0.0690632
7.18583
0.498466
0.394136
1.22316
0.0516296
1.91848
4.43
6.79203
0.914953
0.212561
7.15967
0.552684
1.93377
1.18277
0.552469
1.20803
1.50952
0.510062
4.99189
0.0658993
0.685698
2.75304
0.646487
3.10753
7.76975
4.23428
0.795278
1.94817
6.85222
3.28537
5.79975
0.411938
0.712768
0.716526
0.661187
3.94554
12.6561
2.35791
1.51257
1.17751
0.305902
2.82617
0.96129
0.348497
6.01044
2.66063
4.4822
9.14397
1.58181
0.167752
3.52035
0.0944595
0.510982
5.91582
0.233359
4.49208
0.0186231
3.31209
6.08339
0.965004
0.311793
2.83942
0.0171565
7.2447
0.762947
1.20633
1.29543
2.44119
5.42774
0.306825
0.451908
0.98147
0.313663
3.71056
0.598873
0.501902
0.150358
0.077243
1.0723
0.217637
0.727287
1.42815
0.514801
4.23476
4.90127
3.99498
6.04462
0.797198
6.60349
0.902983
0.365165
0.149785
1.29647
3.84713
3.57736
3.33524
0.249476
0.596209
0.209782
3.68412
3.15926
0.737408
0.550312
3.47294
1.03704
2.53806
1.53489
7.95348
0.104703
1.11809
3.01622
2.03467
0.391352
1.24334
4.73885
7.98487
3.47315
2.90675
1.44981
0.182834
0.847912
0.830239
1.0569
1.52932
2.71627
1.43074
0.0340635
1.49046
4.94037
1.79694
0.380242
1.20334
0.0163424
1.77605
1.29955
0.27207
0.155504
2.13496
11.1973
0.940354
5.95919
0.5904
0.826075
0.701832
4.71901
4.74168
4.30037
5.37942
3.08089
13.9657
12.1347
7.02392
3.00138
2.49255
2.3232
8.37199
2.45858
3.47295
1.07601
0.872092
1.85448
1.71739
0.899776
0.269921
0.246727
1.6124
2.46352
0.454047
0.964059
3.99076
0.437422
4.07363
0.581384
0.998493
0.370036
0.996401
3.02824
2.90154
1.6435
2.80338
2.4725
2.76195
0.28906
0.420179
0.421867
3.4289
5.4218
2.06549
1.17124
3.69117
2.06078
1.81146
2.14219
2.69085
1.73847
0.986424
2.19974
0.0295116
0.667451
0.203178
5.58226
0.0329315
7.03916
4.76504
0.805715
1.64721
2.20158
0.40015
5.31838
1.29726
6.36516
1.75369
0.528503
2.20707
1.40059
6.96563
4.27085
0.373546
2.7435
5.25305
1.22644
1.7533
5.47158
1.43588
1.63049
0.590543
0.101635
2.12052
2.05438
2.51429
0.870131
0.61625
4.05065
3.73986
2.33418
0.0718083
5.41363
0.7924
1.52594
1.06968
2.24752
14.1063
1.43425
0.985265
1.01787
0.490439
5.06325
0.705572
4.29307
0.197661
2.69756
4.48816
2.53708
0.219326
2.68374
0.509795
1.27363
7.08836
1.52752
0.304678
1.26718
5.01661
1.661
1.3376
0.157573
2.54924
2.60742
0.271592
0.480071
1.54166
2.00047
2.00297
0.248413
3.3618
5.39281
0.391038
2.19531
2.58562
0.625927
1.98476
7.71513
0.635707
2.51212
7.42937
0.718918
0.899087
5.12594
0.450983
0.34731
8.37388
0.188304
1.3985
7.25299
0.999961
3.517
1.87178
3.1391
4.04813
1.38865
10.7907
2.54551
2.1908
0.0854131
1.81704
3.31887
0.0676444
2.71546
2.26263
0.614844
1.33451
5.08861
2.44839
0.203084
0.931238
3.53664
3.48273
3.16304
1.38179
1.70591
1.2064
3.03157
1.05639
0.571421
0.38922
0.34781
5.48772
2.08008
0.551301
0.223106
6.18997
5.12034
0.940798
8.01246
0.947142
0.53973
1.9536
2.61589
0.333234
1.19075
2.01741
1.96315
0.000376034
1.87592
4.98851
7.05842
2.11872
1.11159
3.48335
3.48998
4.01663
0.649958
3.17963
4.04872
0.609478
0.475721
0.919307
1.11438
3.4324
4.82696
1.30375
5.45922
0.282718
0.333675
8.87492
0.58921
8.15486
0.152822
2.40687
1.16386
2.77133
8.62638
3.41954
5.38017
0.877605
2.57233
1.16871
0.38747
0.154053
1.2791
14.7092
0.560999
0.807075
0.267584
10.8081
0.533617
1.22641
1.18859
1.84845
0.469021
0.0419247
1.7395
3.72099
0.214786
2.78572
4.19478
0.15661
2.04454
1.70618
0.90411
1.3334
1.67317
1.40485
0.834075
4.45475
0.198065
0.476492
2.22407
2.01621
7.47984
1.51644
2.1929
6.2773
1.20203
1.91871
1.95411
0.687132
11.9787
1.72896
1.08222
1.38591
1.47416
0.841264
1.27099
0.756832
0.116062
1.37873
2.75728
3.09789
0.592405
6.3059
5.81986
1.21533
2.85646
2.71873
0.0274032
0.621129
1.32573
0.558402
0.963263
0.422213
3.08173
2.59125
2.71068
3.55929
2.13928
1.08382
1.27922
1.73653
4.23398
5.75426
4.23738
0.262649
0.407523
0.12862
4.27052
3.33099
2.12868
0.0157682
2.79478
3.57586
0.940846
0.49492
2.32138
0.340971
4.4169
6.44059
2.73901
3.91381
2.98621
4.44749
4.67711
4.35385
2.0868
4.38249
0.318307
0.84989
3.44476
4.84028
1.10449
0.248465
0.151159
0.263256
4.28034
2.81152
1.34774
5.31012
3.78631
6.29277
4.03236
1.13644
0.890043
1.11661
1.13268
0.804423
0.514245
3.77164
0.481453
0.341725
0.730355
4.59657
0.228873
1.0186
1.35385
4.05309
0.0669339
0.0317029
3.85835
6.21455
2.95593
4.0879
8.39214
1.13966
0.152095
0.0627785
3.92606
4.94254
1.92315
1.24215
10.606
1.42481
1.78013
5.26894
1.29968
2.43523
3.74463
3.87626
2.01164
0.603913
4.29304
0.11258
0.168375
2.80955
0.360969
2.72879
3.69596
6.10819
5.28152
2.67427
1.14452
3.38454
1.95719
3.09634
0.524341
6.21184
0.485157
2.63718
0.511744
0.217108
11.639
0.542531
3.10056
1.29238
1.27971
1.51883
0.987903
0.836191
0.0444905
1.51804
1.51985
0.172543
4.75835
2.16365
2.5992
2.18143
3.53295
3.07958
1.36897
3.96508
11.6566
0.953058
1.23384
6.17429
9.74838
2.12892
2.91084
0.0914848
6.22447
0.674013
4.18862
0.973341
0.403455
4.01831
1.68009
0.559685
0.62098
2.48665
7.08635
2.71153
2.94108
0.253535
5.39203
1.93693
0.52801
5.87616
5.18424
0.0481935
5.5752
6.0796
0.214189
12.3701
3.12614
6.0566
1.41603
0.172239
7.02492
0.273366
5.13141
5.49802
0.750715
2.46286
1.74658
1.55124
0.69474
3.89364
0.719967
2.24529
5.51698
1.04046
3.8345
1.66539
2.3328
1.28053
3.7648
10.1614
1.33591
1.26625
0.277215
0.13367
0.0880806
4.55185
4.75366
5.35811
9.39549
8.22878
4.28793
5.20831
0.783226
1.49525
2.09092
4.69241
2.3883
1.84923
2.85531
0.596343
3.95059
12.0156
1.96237
2.28149
0.949446
3.93097
3.24124
1.66368
2.75045
1.50665
2.35361
0.518058
2.47293
3.35026
2.3954
5.03188
0.67675
4.8538
1.44744
0.441989
2.04537
7.30241
1.32333
2.93491
0.903646
0.695124
3.42066
4.08685
2.21012
5.85644
0.507615
1.4644
4.25523
0.138808
3.4114
6.33308
1.69356
1.04635
5.21884
0.150077
0.729649
0.89505
6.16719
6.84545
3.90729
1.86384
1.30749
3.92308
2.99001
2.0894
1.28858
0.392772
2.00596
0.321708
1.28537
0.746134
4.03102
2.12224
1.6984
4.34905
5.8782
0.491455
1.61618
8.26726
1.15552
1.33844
1.08355
0.648456
6.56842
1.21741
0.858887
3.23644
2.60904
6.90643
10.6026
0.280843
5.04035
4.52121
0.849446
2.46321
1.19424
0.29981
1.26647
7.90817
0.814055
0.0888603
5.70251
2.527
1.52528
6.04814
1.20919
0.811388
0.205014
0.79303
1.93388
3.18122
3.89611
3.38315
0.336988
1.47918
17.0133
1.19494
0.1419
1.26936
2.74517
2.43226
0.629115
0.636375
0.315737
0.180678
4.13685
1.65344
0.599268
0.805632
0.193249
0.660365
2.00924
10.2185
6.63246
0.27802
5.56841
0.00310813
5.34993
1.83981
1.2255
2.68199
0.380446
2.0402
2.20543
5.18151
3.07701
1.23176
1.25081
0.972261
0.651442
1.31496
1.70805
2.58879
4.02413
0.977217
3.89676
2.68729
0.999352
0.0287608
0.70392
1.47892
0.0910263
7.25751
14.8941
1.92487
3.29143
4.70425
3.68372
0.252544
5.0072
7.91739
5.58023
1.9789
0.333124
3.25348
6.48215
3.34134
5.65063
2.42771
2.61978
0.888017
4.22815
2.93556
2.62271
0.603862
2.00434
0.626905
2.74014
0.995904
1.52784
0.739346
5.64833
0.0293471
0.379691
0.547725
3.83618
6.3286
0.24936
1.7395
3.63394
2.62961
1.46393
0.188969
2.12512
3.8118
1.34051
1.75158
0.47319
0.659191
1.68716
1.45021
2.19928
3.40129
1.91829
0.671643
2.54654
0.214613
2.31579
0.791133
0.713015
1.7329
2.30132
2.52822
1.53009
1.5895
1.78899
0.118221
0.801274
4.41083
6.94548
1.41472
0.0871098
1.92308
0.401081
0.597922
0.417366
0.434283
0.207155
1.86839
6.05506
1.80702
0.274563
0.211821
1.1472
0.338388
2.76781
0.403568
1.47561
2.97712
0.847941
1.36177
3.50312
2.42046
0.505208
0.653928
0.821147
1.32509
2.92177
6.30338
1.96463
1.87704
1.27606
3.64334
1.22722
3.26448
0.0165574
7.20691
0.39371
7.12152
1.5264
0.0291678
7.48415
5.95647
1.84591
0.00507886
0.289955
1.79006
2.07308
2.98472
3.96759
1.46114
2.35373
1.82574
7.01814
1.09441
1.42415
10.6818
2.61496
6.9463
3.72671
3.55334
6.93692
4.75953
3.59262
0.517353
3.70437
3.74951
0.328206
3.63368
0.671548
0.414482
3.40733
6.83372
2.82508
7.20405
0.179026
1.59854
2.50753
2.5597
7.80611
2.71961
0.0445265
2.94993
1.34731
0.62709
2.51509
0.757501
1.16102
2.76027
1.17092
1.40502
7.99808
1.2126
1.25198
0.266239
4.92462
3.98372
2.04572
10.3313
1.17106
0.00356952
9.78438
1.45205
1.6601
0.882647
1.63129
0.1065
7.0047
5.44668
2.19247
3.06578
0.831487
1.12001
9.2539
0.318211
3.15652
0.104347
0.177558
0.82488
1.59188
7.48773
0.300251
0.0621054
1.18944
0.186886
2.18879
1.31556
5.40935
8.77295
0.289617
1.67031
2.14638
2.31956
0.838164
1.76975
2.13787
0.927781
3.32195
1.78852
1.75528
1.80282
1.19781
11.4418
0.21193
0.115555
0.467746
5.98632
6.81182
0.169334
3.02427
3.26383
4.45779
1.81745
0.137894
6.76602
2.95161
5.6252
2.96154
1.07804
0.46425
1.2872
2.2794
2.7877
0.430119
1.87104
1.1331
0.0830414
0.265773
0.111388
1.27998
1.91535
0.107202
1.5509
0.0543151
0.593488
2.71931
1.00074
0.833192
2.1481
1.76764
2.18235
1.0657
0.370275
3.14731
1.65959
2.01263
0.496551
2.24715
11.5886
6.97261
3.05616
0.798773
2.43275
1.61114
0.526921
8.9781
3.27412
1.94878
4.11052
1.58128
0.493373
0.175144
0.425991
0.383811
9.37526
3.76695
0.553727
0.4346
5.07539
10.5869
2.15184
0.392576
1.37848
2.87961
0.253941
1.08823
2.18632
1.67325
3.05396
6.1512
3.81414
4.68449
1.5299
3.92947
2.48711
0.234167
3.80402
0.037301
5.89511
8.69281
3.25178
4.33989
0.192469
1.17182
0.575732
0.49996
1.16134
0.0562386
4.91181
3.45908
0.124225
3.28898
1.36737
1.99306
0.340102
3.31057
0.536399
1.67752
1.20372
2.11132
0.0548698
4.91454
0.952324
0.0501907
0.148395
2.27244
4.60744
2.91403
3.18546
3.60422
2.80784
1.22205
1.39113
2.06707
0.106617
2.99028
0.289236
0.57685
0.41369
0.658746
0.534525
0.950804
0.095275
1.55454
0.478928
0.316335
2.36042
0.0690382
3.78584
0.636697
3.96271
3.24587
9.79049
0.750794
0.0528804
3.68634
0.3346
1.32851
0.561147
0.183883
4.60598
0.350964
1.00588
1.34661
1.59424
1.12256
6.57304
2.45095
1.94343
0.887402
6.21682
8.22025
2.87052
3.43662
0.0863373
1.83606
0.86654
0.431685
1.23266
0.188611
1.04856
2.75685
3.42349
2.64204
1.94866
1.44573
2.94348
0.223319
0.639851
0.618234
0.623678
3.71109
0.0893653
0.47861
1.08707
2.03875
0.838474
12.8849
6.10454
3.39452
4.56842
4.39158
2.88349
1.00961
0.47419
3.98232
2.59478
0.18375
0.0238672
2.93628
0.410497
0.0701918
0.973904
3.14568
1.19304
0.326575
0.385797
1.37724
5.59785
0.592722
2.30341
0.599265
0.753491
1.4682
0.118135
3.23585
2.02048
3.36948
0.968576
1.39272
2.96006
0.879225
0.92181
0.0154347
1.46998
2.93585
0.733205
0.380083
1.54832
2.91815
1.05816
10.4107
4.1135
1.02305
0.948015
0.600119
3.71092
3.58869
5.75749
12.6663
0.112307
0.915574
9.27251
0.54858
1.2802
1.41624
4.73257
2.3697
0.749781
9.23119
1.01515
13.3108
0.32874
6.0045
0.12147
0.250828
1.42345
0.944366
1.31278
4.94377
2.84937
1.52672
0.526851
2.25755
1.28145
1.59886
3.62007
3.95205
0.0483955
0.63412
1.1032
1.75704
1.07849
0.357072
8.7997
1.55119
0.189261
1.24557
7.43086
3.61567
4.46549
0.590841
2.43072
0.909379
0.165657
2.201
1.91772
1.4442
6.66348
3.01981
3.89453
1.74978
0.436553
5.83071
1.64572
1.31403
3.94144
0.879342
4.94343
1.11609
0.376888
19.5716
0.920651
2.3814
2.76604
0.572586
1.16962
7.37834
1.7374
3.21695
2.34244
4.57094
1.98874
0.07889
0.210647
0.310774
2.47858
4.73762
3.17479
2.74064
1.48471
1.9676
2.40283
12.1651
1.84288
0.80459
0.000676703
1.9892
1.3625
2.23685
3.46498
10.0742
0.477568
2.08774
2.09698
1.57569
0.510146
0.982412
1.24612
0.601956
1.6517
0.464608
1.28068
1.18612
0.635028
0.244851
0.108984
6.86379
3.31335
0.464955
1.04987
1.39478
2.55536
1.51436
8.80696
5.91644
1.63215
0.0461349
0.933664
12.1285
2.37132
1.59537
1.16861
3.00036
2.03257
5.37808
2.71265
0.671351
0.37444
4.55399
0.490256
4.79739
1.27123
0.740408
0.57877
1.26142
1.68837
2.27438
0.237094
2.92575
0.653797
2.30513
4.25138
1.02215
0.971617
0.872886
0.856199
5.76978
0.650296
1.59064
1.94441
0.996405
3.17524
1.82619
1.32829
0.96746
1.0059
1.57322
1.02798
0.992762
0.774367
4.4887
0.671957
0.73279
0.159357
5.67659
3.30686
2.01856
10.2049
1.22478
2.72162
2.13453
3.8104
1.15049
0.209967
6.20905
2.37615
0.0743958
3.78353
4.24886
0.693048
0.465022
3.11758
1.29483
0.530518
1.96983
1.39456
3.53797
6.13814
0.774391
7.65273
4.27701
2.51507
0.622959
0.0183512
6.3119
0.370057
1.49683
1.40605
5.89842
0.202636
1.90022
2.50592
2.87169
0.699895
0.0170115
9.40235
0.0984511
0.0110889
1.20751
0.949846
2.5169
2.9807
2.29004
1.11295
2.33287
2.08871
1.30975
3.65878
1.67503
4.37419
1.42676
5.87322
10.8163
6.28909
4.04016
4.03812
0.194078
1.22338
6.20694
1.39952
4.56511
0.706467
1.11674
6.93997
0.342722
0.25963
4.9769
0.896289
3.31655
5.36513
1.76668
1.19535
3.3704
6.67871
4.07426
0.103541
5.08397
1.97471
1.0464
0.293513
3.99002
0.394492
1.40069
1.01606
0.138846
11.0216
1.40719
0.757985
3.72464
2.3503
1.72971
5.10526
0.573497
0.687435
1.92748
5.1018
0.497735
0.319211
2.54519
4.28469
7.2723
1.43667
1.64444
7.2205
0.705615
0.104495
0.0547519
0.220493
4.62453
4.31049
0.102336
0.244601
1.82974
5.66114
9.65236
0.701695
0.411021
0.0385083
5.76155
3.12525
0.519412
0.0602989
1.87691
0.000344545
0.950018
1.38155
2.25755
1.18982
2.76415
0.0014032
1.40866
5.83712
2.67973
7.50526
11.1235
2.29427
3.1425
0.90947
1.68207
0.0123198
2.41813
0.585908
1.32375
1.11031
0.610813
0.568094
1.02618
0.915682
1.61444
4.42061
0.501425
1.41242
0.771978
0.116971
0.742298
2.625
2.29948
2.97395
4.13878
8.38926
2.93134
5.21109
2.25913
2.94051
6.82741
6.14087
4.60762
5.28324
0.150785
3.3002
2.35472
0.29791
0.155418
0.0704838
0.656854
1.34578
0.569377
0.574244
0.677032
0.91825
1.45333
0.888471
7.74212
1.57618
7.06705
0.0251093
8.04796
6.56527
4.79795
7.70489
0.185764
2.19053
0.891321
1.17528
3.55055
1.32514
5.0073
0.121919
9.07062
2.06317
1.98804
5.86436
0.864215
0.273898
0.207516
3.51237
5.84249
0.40715
6.45637
3.08294
0.0479296
0.412871
2.07624
7.46351
6.49301
0.52377
4.06797
3.2986
3.41356
2.47808
2.26163
1.73362
0.057827
0.884298
0.806835
6.7934
6.20525
1.63015
0.111807
0.253349
3.4985
8.11848
2.42184
3.05119
1.35606
1.61281
0.25961
3.37705
1.85652
0.115023
3.57187
5.65971
10.1215
3.72144
3.68748
5.54193
3.05116
1.12603
3.97872
3.1836
0.768617
1.46512
1.81496
8.60378
5.84673
5.74608
0.919934
0.820729
1.2326
4.34309
4.93132
0.166772
2.26863
1.76425
1.00927
2.57861
1.46929
0.32372
0.869416
4.34429
0.838616
2.85221
1.94608
1.6553
2.68735
1.52686
2.87033
1.05908
0.175365
1.96
0.975215
2.87627
13.3759
0.638759
1.92936
3.04545
0.0625215
0.28376
1.19329
0.42686
0.183884
4.68132
0.511994
1.49484
0.168533
2.73109
7.82149
0.563112
2.43564
3.99288
0.126207
1.2836
0.353664
0.243946
1.86063
0.448977
5.1012
2.65115
3.8451
4.31567
0.702109
0.724699
1.3551
3.18869
4.65716
0.229327
0.329088
8.22986
0.237839
0.690785
2.51715
0.977451
4.8171
3.66729
3.01332
3.34697
4.37681
1.73647
2.27158
1.86883
0.932437
0.925972
1.03915
0.00835856
0.260929
3.32418
1.63908
0.746932
3.78359
5.97013
9.15174
4.21564
0.390106
0.637492
6.82828
0.883645
0.536962
1.94104
6.16262
0.991953
2.35556
0.886451
1.41145
2.00565
0.50517
0.0455735
2.32793
1.76906
0.789027
6.56095
3.46893
2.41186
0.453604
4.49765
0.590691
4.32537
4.32786
3.82126
0.691079
0.353233
2.17897
4.97475
0.997652
1.05228
0.256376
0.354259
2.10414
0.700235
3.31638
2.13462
0.0648235
0.539335
1.30251
6.85902
2.80614
2.69713
5.05118
1.78301
1.11702
0.316169
2.46714
0.730628
0.600301
3.34712
0.220427
1.41907
2.69705
2.84832
0.495829
2.37246
1.48614
4.77497
0.498892
1.70754
6.57368
6.85178
1.93196
3.84567
2.6813
2.05167
2.35928
0.107213
1.89975
0.415602
0.329115
0.328257
0.165048
3.45761
2.16154
2.75097
2.32733
6.12747
0.257174
9.04407
3.94983
6.98207
2.34322
5.30059
0.280504
4.42385
5.56764
1.47052
3.04413
1.29401
7.11893
1.48836
0.201909
0.0684298
4.03163
1.23385
7.88626
0.0563539
2.40441
0.135025
2.759
1.93216
1.25823
1.87513
1.08169
0.271624
1.15792
2.05863
0.480443
1.86879
0.509929
0.360515
0.057318
7.69238
0.571424
0.432016
0.766362
0.863735
4.2798
0.0349721
1.60436
0.655776
4.64378
0.229592
3.46029
0.250137
0.656544
4.20416
4.21339
1.07537
1.74531
0.579977
4.457
2.41632
2.21077
3.16471
2.23356
3.11336
0.71613
0.677896
3.29401
1.66519
5.82052
4.21168
0.594829
3.69394
4.18949
1.36375
1.5119
6.15168
0.14855
2.18999
3.84555
1.59814
0.537688
1.61302
4.33327
0.619199
0.848237
4.52938
0.811574
10.337
10.4502
5.63534
4.97538
6.02971
0.937706
2.87035
1.15775
4.83727
1.43997
9.07449
0.722781
3.63258
1.77775
0.057871
2.20894
2.45609
1.75055
3.27658
12.0054
9.88673
5.79623
4.35333
8.08565
10.3725
3.79743
0.980917
2.31445
3.05871
0.945552
5.1425
1.46653
4.0282
3.82334
0.75476
3.50917
2.44533
1.12445
0.0511508
1.20476
5.46166
7.42549
6.09401
2.1201
1.05977
0.196705
3.22398
2.47008
2.32868
1.69881
0.710798
0.853526
0.372977
1.15885
1.71981
1.73286
1.68372
2.58428
0.0368929
0.565081
0.51068
0.720112
0.978552
4.91719
4.18506
4.61387
1.8749
2.42115
6.32869
0.392447
2.87937
2.14096
0.397508
3.31866
2.53508
0.591274
6.28454
0.996774
1.20774
0.690393
2.53544
0.238101
4.6214
1.75192
0.908946
0.101354
3.54732
0.411558
0.204049
0.860682
0.82171
0.36223
15.5075
12.5136
1.15143
0.175778
0.35153
2.51938
4.0905
1.14765
0.124783
0.884403
3.68902
0.715899
0.174466
6.0798
0.562157
1.71919
1.20775
0.823598
0.794919
3.84997
4.7882
0.975212
2.76805
2.8033
1.48349
0.0319736
2.19054
0.915782
7.22757
5.53129
5.65103
5.89321
3.57874
7.45448
4.79416
0.607362
0.0549401
0.973641
1.81124
4.75066
5.04217
1.57997
1.83054
1.71063
1.33504
9.12617
1.16233
0.540576
0.343887
6.4483
2.28575
4.21688
2.90932
4.67939
0.533901
6.67534
0.67676
