6700
9.73573
0.757001
8.23514
1.28933
0.17896
1.85475
0.298593
10.6317
11.7361
0.750656
6.26757
2.82257
7.74823
4.18031
3.38811
0.206759
4.53243
3.92199
1.37431
0.0417713
3.66021
8.43709
8.24645
1.63126
3.92015
1.97985
3.22095
3.45819
0.817947
0.867683
2.53194
2.09311
3.6041
6.00728
4.47294
3.05033
0.898067
7.65151
1.80744
1.42657
4.98374
0.395077
4.43962
3.45574
7.70716
4.24259
8.73125
2.37124
3.31957
3.00839
3.37349
4.52641
2.61147
0.428648
10.416
4.52851
1.5385
1.8946
7.61024
3.97617
0.457123
0.12922
1.27023
5.80336
8.6384
12.6084
1.4376
0.478422
4.15675
4.25656
0.778955
0.024404
1.03077
17.7019
7.49155
0.479729
2.91853
3.5406
3.23909
3.44863
1.1568
7.74809
3.35215
22.8972
0.483098
0.291166
11.4385
0.55072
5.66265
7.69088
4.44707
8.72073
2.44571
11.0637
3.04218
0.971773
29.0471
0.911299
0.867515
9.23211
2.20145
4.98584
4.11161
0.844806
8.1905
0.9403
8.2031
0.112412
5.55906
6.55822
1.57037
0.718544
2.79181
5.97458
11.2288
1.39291
1.45462
10.9299
3.43573
1.48983
1.51374
1.65569
4.91988
1.34898
1.20307
4.01376
1.32117
3.37149
0.219837
5.9686
1.43569
2.96755
1.28966
0.20141
1.54672
8.0041
5.54363
3.95366
0.0454772
0.00629546
2.25651
1.06774
2.72226
0.411147
5.08164
20.1037
4.2508
6.68579
4.9257
2.29035
5.78554
1.4096
4.66161
3.87586
0.662885
5.17311
4.31008
1.12515
8.6509
0.0118878
8.33589
3.90448
3.84375
5.64344
0.928351
0.53552
0.00553348
1.06736
1.33609
3.32819
1.51827
1.78417
8.76152
5.21536
0.492671
4.48808
1.30138
4.62659
3.0982
2.545
2.7814
16.4541
0.90036
3.15604
4.39834
0.464883
0.356458
12.168
4.14668
4.45241
1.23366
2.15956
4.52599
9.4968
2.42588
3.85645
0.544436
5.26769
2.16513
1.43766
1.32269
0.790993
3.40375
0.782096
7.89105
3.81529
7.19496
1.51915
9.01846
4.99401
2.72617
2.07691
0.707888
0.166227
0.558238
1.20449
0.126985
0.78912
0.477944
7.96449
0.585024
6.81909
1.19325
0.192929
2.03758
1.81661
6.51255
8.23678
0.668045
0.345725
4.13908
1.60839
3.07599
1.58849
2.54626
1.48988
2.53631
0.687721
8.09888
12.602
0.652674
1.57597
0.147067
5.04596
5.13669
2.63315
2.04054
7.37567
0.860034
3.39184
5.71331
0.922789
3.47996
3.7198
2.0639
3.67543
2.31393
2.78192
0.29266
5.9659
5.48225
3.8847
1.02138
2.61708
1.83184
1.66601
1.53334
3.77362
0.143352
4.37395
8.52406
5.17445
0.943742
1.43243
11.6056
2.92759
9.96747
0.561556
1.90633
2.82866
2.66856
0.37727
5.29684
0.521972
0.530136
0.886645
2.43336
5.39365
0.125944
11.2108
5.16548
7.85102
0.438805
0.972721
0.5361
0.564784
0.709091
1.28434
7.26836
8.97838
12.455
0.879776
1.48496
0.897935
2.09152
3.93084
1.01882
0.657019
7.00289
2.70006
5.2045
4.92612
12.2733
2.69375
1.05879
4.5587
0.208129
0.615724
7.16251
4.34064
6.35468
0.251291
1.90476
2.04108
0.855413
9.44542
1.03225
6.65577
9.42493
0.377835
9.00016
3.95515
1.60083
1.32561
14.6314
3.50788
3.57762
2.33986
2.07388
3.59202
0.598312
14.6436
9.11421
2.17658
1.21836
0.321855
1.89165
0.532292
0.560978
1.24302
1.12735
7.77964
3.66522
1.41739
4.46082
7.64687
2.62941
1.12337
1.1733
4.74155
1.51249
5.39855
1.83591
0.701757
2.32283
2.29962
5.23649
0.643486
2.73905
5.42506
0.682977
0.310252
1.58235
0.411303
1.47769
0.555342
4.43726
1.44051
4.34381
1.3605
5.99612
0.956667
0.531125
7.3417
2.89213
10.0625
5.91329
4.38635
1.48623
9.5279
3.39561
3.20018
2.5296
0.805261
4.53328
5.94968
1.90453
6.57327
3.41632
4.69048
1.46666
0.150933
1.83341
2.93225
1.51339
1.65783
4.18895
1.59995
6.35267
1.66014
0.257448
4.25439
0.084568
3.70321
7.51868
3.37991
1.21108
2.83205
2.72613
1.52552
0.910661
0.244545
5.34814
0.365537
6.55609
3.52496
1.96844
1.36457
10.4519
6.22063
0.401821
1.54535
11.7429
4.43566
0.38751
7.27974
4.27998
0.0994239
3.71863
2.45495
12.7115
3.52939
0.36162
6.05266
9.1245
7.34158
2.28024
6.21216
3.40419
12.9552
15.4387
6.33764
2.12305
8.04588
1.78403
2.89323
0.722469
1.28991
6.7493
2.59347
4.15415
6.3033
4.77504
0.595484
5.39863
2.41668
2.78265
3.72331
1.0324
1.3477
2.25719
7.49992
2.88758
4.07932
2.34444
0.4276
13.9168
6.4926
1.91536
0.178218
1.98324
1.1215
1.37519
3.74837
3.61757
5.25659
9.38579
2.2334
7.38614
0.627032
2.87642
7.11686
2.5497
12.5953
11.421
8.81411
1.35508
3.3306
4.90786
2.80749
2.76091
10.4353
4.10518
2.82824
3.79324
0.230495
0.458445
16.88
12.6969
0.0799216
2.60055
0.861418
1.2254
8.26979
5.98527
0.0480323
3.79532
2.33344
1.74704
3.29015
2.27628
1.85985
3.12775
2.63432
11.0742
1.4954
2.32757
3.50576
8.26012
3.9489
3.30789
0.401702
8.04542
0.417311
0.291863
4.34743
2.24288
3.75555
2.137
1.20739
0.236417
3.45638
14.7725
3.68476
0.239865
1.03933
5.82286
0.189151
1.22989
5.50079
1.82391
1.17712
4.27446
0.261572
9.01239
0.139847
2.39156
4.06674
1.76951
2.02108
3.93862
2.32181
0.168288
2.29153
3.46247
5.67364
0.216325
6.47934
1.8189
8.96392
2.79722
0.328203
13.8445
1.71027
1.21363
2.11583
0.0351543
0.258
7.05925
1.57001
0.59853
5.7707
3.54796
1.46166
2.51529
0.781532
9.81842
1.58319
2.76768
0.785894
15.5
0.781861
0.212721
2.38386
6.91857
1.50433
1.00144
2.03417
5.38017
1.41188
2.20647
8.51336
1.94112
8.44687
7.53483
9.4929
10.5256
1.30996
4.63143
10.8426
2.37293
2.7369
0.863609
4.57496
7.99533
5.79267
1.68435
0.0979986
5.75028
1.23289
0.109545
0.150605
0.169596
4.87552
2.80772
19.1891
1.46257
0.57302
0.791718
0.295188
4.14208
6.70566
1.79074
3.09199
2.25825
2.01307
1.3931
8.13076
3.40693
8.31218
0.83509
5.98161
3.41304
6.9666
8.8896
16.1989
0.427678
1.21274
4.31377
3.00751
7.24511
15.022
9.32486
5.33716
12.6295
0.29478
0.221249
1.98638
1.23295
0.966513
4.26174
4.54666
7.36426
3.65407
3.09084
0.897193
9.86295
1.48949
1.62178
0.453867
6.86981
5.62708
2.07491
0.765086
12.6408
0.424017
2.26981
13.2475
2.1615
2.14223
0.65771
1.36427
0.162163
5.4324
0.421511
12.8414
13.8513
1.12127
3.40409
6.02871
4.49095
0.959865
4.79423
2.94126
2.66693
3.31564
1.61867
1.95481
0.939259
2.12891
1.55576
3.91756
1.45557
4.76383
7.45646
1.76906
0.717989
3.23668
0.293366
3.04379
1.87447
0.191597
0.271351
1.63465
0.469323
4.64991
1.27544
4.57913
2.3509
0.940406
1.02159
0.601238
3.2623
7.44833
0.208038
6.11547
3.33526
0.998539
9.74648
0.544242
0.0863017
5.30506
1.39152
0.795659
4.22369
1.58519
0.650486
2.88387
0.276169
1.10828
1.20086
5.2846
2.12354
0.290071
4.32542
0.636172
1.46942
0.304784
0.211911
1.00074
0.478156
4.27031
0.300935
0.242612
0.400135
9.60944
9.18194
1.57818
1.4006
0.36936
2.45341
2.57151
1.15795
2.67094
0.929287
1.11312
4.61662
1.70769
0.833336
6.35001
0.208705
2.33057
3.78181
2.13698
1.02941
3.43624
1.05215
1.08822
1.07466
5.58799
16.5442
1.58611
5.56022
0.0805514
0.297943
2.01135
10.9279
0.126015
1.05446
5.0042
5.76141
1.75729
1.62782
0.0108732
3.91749
0.845559
2.24684
0.397993
5.78656
1.49816
2.04888
7.7248
2.18466
11.7507
2.20934
6.72151
6.30701
10.0365
10.7462
0.807305
4.78373
0.892929
3.59325
1.08637
1.4523
0.675072
0.191059
9.69323
2.23263
18.4891
6.05337
3.2672
11.7281
1.82758
0.0699144
0.944853
16.8682
1.03138
13.8723
0.0329251
5.97061
0.878116
4.99308
1.86996
0.861482
2.61616
1.67307
7.91799
1.45267
1.10937
5.5706
8.07889
7.34935
4.07071
2.00156
0.0823122
1.54771
4.72367
1.41147
0.952548
2.7105
0.132663
1.28296
4.23544
2.60552
0.33903
6.89723
1.86196
0.466223
0.409102
13.1402
5.7096
2.49482
0.930886
3.34214
5.83385
6.40598
6.38308
1.66862
3.25371
7.87061
4.08501
0.3078
6.27842
0.0201881
3.78342
0.20457
11.4713
16.2023
1.70851
2.32179
0.0132692
4.33494
4.73464
2.26685
10.4391
6.87361
3.89557
2.84974
0.118408
1.04788
2.28406
7.67608
3.26995
0.193379
0.897451
6.12672
6.33143
0.237792
0.0963936
0.795917
3.09313
4.07984
1.04989
10.8973
3.87229
2.4993
1.41158
3.25386
0.540342
5.00538
0.836225
4.17944
1.35708
3.08654
7.56391
2.15648
0.585491
2.88815
6.68524
1.2944
2.53371
1.74185
2.3839
9.68652
10.4475
2.08964
11.4011
0.274389
1.19639
7.03883
3.59544
16.0474
6.40733
11.3199
0.612152
13.1706
3.03582
4.9676
3.19932
7.4584
3.82733
1.47907
0.579995
3.22329
14.2716
6.28732
5.94911
7.16373
2.92111
6.31337
2.30393
9.46782
0.32656
3.71762
6.18516
2.66819
1.36641
2.16693
4.78768
0.971503
0.468051
10.6938
0.316646
0.747535
9.95745
4.10723
3.63529
6.62267
2.47188
2.03348
0.0257464
7.15116
4.71903
1.50199
2.5619
20.936
1.92668
2.47696
8.84758
5.60609
5.59033
2.1167
0.617968
9.93204
5.65293
10.6349
8.72839
0.395045
3.18334
3.79536
2.79895
4.67659
0.979378
0.165088
3.08541
4.19686
16.2731
2.65105
1.10126
8.8515
3.24331
2.47682
3.45999
1.82264
7.87976
0.0313505
0.954021
1.84979
12.6347
0.0178362
5.99473
9.39647
5.01536
0.728269
3.70355
2.09849
13.1813
0.919844
5.57378
0.856204
3.5591
3.30161
3.11927
0.677027
16.6253
5.024
2.94591
7.81513
7.0925
0.639909
4.73405
4.48203
21.6838
4.34698
6.155
1.97535
0.125342
2.69453
9.0179
2.48841
5.63684
2.3071
1.91721
7.54469
0.899369
0.991313
1.09021
3.69924
1.08641
2.10462
0.943578
5.65245
2.31632
0.529574
0.563344
9.52132
0.0645818
0.781851
0.0598471
3.57234
1.81987
2.65304
3.285
9.68856
4.67034
0.230252
0.626369
0.559332
1.17571
1.06469
4.70466
5.18521
3.55767
0.396441
7.88589
3.64589
5.17254
0.000633212
4.31979
0.484932
9.00576
0.442583
2.29041
10.1215
4.66172
5.8397
2.85381
2.16064
1.58519
0.55563
5.18205
12.8005
33.2431
8.09738
0.536558
6.72043
11.8646
2.14068
1.64605
9.25142
2.5721
3.24688
0.540636
6.27414
1.19069
0.235513
23.7736
9.81397
5.07227
10.6852
3.62857
2.19471
1.85259
1.70809
1.41431
3.57467
1.87563
0.479574
11.2688
1.96796
0.244924
1.07446
0.434984
6.89148
0.261079
12.439
0.933595
3.50326
2.80362
2.37647
4.98116
16.2044
2.83187
0.541485
9.54116
4.96342
2.56343
1.9746
0.452968
2.38785
0.256163
3.58162
1.46442
2.92439
2.30332
2.5397
4.95746
1.03581
1.78455
9.36565
1.47294
1.47142
9.74671
0.950453
3.20993
7.54202
2.74936
3.20079
3.90848
12.0366
7.43732
7.77162
5.9579
0.77371
7.70348
2.03653
5.07723
6.40386
0.00899559
5.62203
0.938856
0.318374
8.33877
0.546955
13.7693
1.69631
11.4648
2.24914
3.57811
1.31071
12.1959
1.00971
2.15779
1.62123
3.36805
7.09987
2.02137
1.7413
13.0482
0.546273
2.53347
7.06648
2.93762
0.684688
0.579505
5.90373
2.77645
3.84327
15.8908
4.20752
4.11285
0.212847
11.9852
0.579754
4.52526
10.1142
1.00772
11.5654
0.832136
4.82773
6.34796
1.38723
2.3839
10.253
14.0542
1.4478
0.00027409
0.657701
1.20104
1.43093
3.03982
3.35654
13.8224
2.22816
1.03316
5.52815
1.54775
6.37218
0.169477
1.02897
0.639622
4.38347
1.22963
11.7702
5.66385
0.330684
3.35623
1.98505
7.79458
3.25755
0.0339566
0.304375
2.47889
1.23598
3.28053
4.10178
1.98513
0.285654
1.99524
9.55282
0.959806
2.8127
1.74435
1.07
6.0089
0.828745
0.529751
6.12733
1.68891
3.54045
1.41355
1.7367
2.29742
2.9545
0.489309
0.797559
0.85622
4.09311
1.53262
3.2551
2.33304
2.07439
8.11537
0.36338
3.03665
1.63383
6.40868
0.350628
2.9851
1.4112
2.18692
2.32081
4.72739
0.41993
16.1937
5.068
8.52871
0.18908
15.752
2.60484
3.48257
0.942852
1.69467
2.29283
4.29023
6.01353
2.92121
0.0178929
0.0546029
8.12326
2.34614
0.388023
6.35402
2.71211
2.56923
1.04059
7.50797
4.73122
0.130748
2.69093
0.755887
28.5981
6.49098
0.151071
10.3373
12.8102
4.26966
0.560677
0.741008
0.657687
0.934406
1.31261
5.07469
6.30219
5.20402
0.679952
1.75772
2.88936
1.26109
6.3377
2.44577
0.306764
5.72221
0.658901
3.05774
4.99181
7.58517
7.98268
3.17268
1.90752
3.63053
5.36815
0.483304
7.23194
9.87361
0.463436
4.46683
0.547736
7.02724
0.905975
1.84795
0.37897
1.05824
8.97599
8.87684
0.711024
0.316119
0.518303
3.53894
4.55413
9.62133
2.12286
1.93739
0.953481
3.48211
1.99174
13.0676
1.07764
1.45873
10.5795
2.56114
1.49886
2.31422
0.829699
1.93188
12.9129
15.4628
10.2749
0.138756
0.0923225
2.56791
1.39505
4.18425
1.96631
7.01304
8.81979
10.2006
8.08926
3.82032
15.8433
8.10386
5.08264
0.777907
1.90453
6.50042
7.75649
4.14964
0.332647
0.70077
12.896
0.703649
0.468053
11.1701
1.41825
0.992455
15.7839
0.33969
1.82659
1.93288
3.08039
9.28979
1.73782
2.77041
9.8536
13.8623
4.80719
10.1881
6.15667
9.19185
2.8674
1.63351
10.4485
5.12087
0.197328
0.0135623
8.78479
4.03345
3.16467
0.599958
10.5561
2.40719
4.58247
9.50022
6.30465
8.12704
2.99871
1.85356
10.9198
6.3734
0.364288
0.0711329
1.10193
0.122351
1.44807
6.43309
4.59303
0.0450366
0.7512
4.6671
6.80567
17.4697
6.94607
5.3027
4.42304
3.31261
5.73509
0.335919
6.54052
7.79771
2.25905
1.4768
3.17573
0.738107
0.0774475
1.3405
7.01662
2.70044
3.26688
1.6701
4.26572
2.27979
4.88832
1.87304
1.40563
14.5481
2.4991
7.32134
7.14032
0.248782
2.602
1.79958
1.19451
15.1627
2.71309
3.26011
5.9155
6.13299
2.66642
2.50691
2.01487
8.2363
9.07767
3.86555
4.79195
3.96728
1.27165
0.465806
3.08669
0.591721
0.467859
0.966801
3.72766
2.14982
6.40416
1.15882
1.06269
1.09099
0.347508
2.87112
15.2463
1.65623
0.827401
3.05094
2.03551
0.567945
4.69578
0.886909
1.6913
0.745345
1.33846
4.52091
0.071604
0.81914
1.30409
8.82825
7.29404
1.88177
1.05298
10.975
7.30266
0.976658
0.37893
0.333521
3.08749
4.81094
4.29509
5.88223
6.36997
0.688152
2.01028
0.972257
3.60761
5.76606
15.8873
1.88852
10.4968
3.0135
4.51303
1.51674
13.8081
3.07132
1.02333
6.69612
7.72102
0.502477
0.236687
4.17678
1.72793
3.26598
4.57566
6.56531
0.428826
3.65421
5.88787
1.1108
1.31967
0.191796
8.00774
6.76946
0.442324
2.46373
10.2066
7.84288
1.42238
1.90249
2.65051
0.263672
0.691693
9.92665
8.02001
5.89886
6.7766
3.87519
0.349809
1.87209
6.34716
3.66136
6.56644
0.0995672
0.855597
3.00435
3.2774
7.79333
6.61911
3.67812
11.1002
0.572455
0.509593
2.07366
0.142174
8.74573
1.39617
11.812
12.7857
2.39073
5.16401
0.6782
0.612676
7.58268
1.38444
0.670581
0.40991
0.105301
4.50455
5.81101
2.16661
9.94252
2.24144
0.618286
0.253116
3.45236
7.69858
2.00279
0.671123
0.0919907
0.471045
0.505013
2.39447
1.75539
0.844458
4.64433
11.043
0.21754
4.07221
4.38822
11.1173
3.82217
13.9415
20.5194
3.1443
1.02374
0.674704
5.40214
1.30478
19.0185
1.2088
2.22542
3.93902
0.290223
1.18423
8.6261
16.1417
8.55342
1.53786
3.11868
0.12947
1.36712
3.16346
6.87944
0.063453
2.85341
3.54686
2.03878
1.97262
0.123539
0.640026
0.482971
3.63512
2.85626
2.41188
2.59276
0.345637
1.4486
1.62742
9.3042
1.31348
1.58187
5.7515
2.68054
8.61954
6.28682
1.67894
0.426196
4.37416
0.752141
13.1945
1.17785
10.1051
0.694138
3.23874
9.55311
1.57157
3.43359
2.83147
1.38317
1.87576
2.39377
5.4667
0.00159839
5.01658
4.02666
0.510466
4.00505
7.53395
1.70879
0.946683
0.234864
2.22864
1.90074
9.56107
1.99634
4.8762
1.72104
5.24558
2.45788
4.09735
4.88378
5.67625
4.79903
3.63232
5.86492
0.182496
3.40642
12.9475
4.90082
7.08347
4.77897
0.622904
4.52844
0.985872
1.92077
0.514208
2.49689
8.14159
2.96694
0.226919
9.85501
2.54815
2.80941
2.72594
9.78393
7.01341
0.691511
1.2606
1.36653
6.36253
6.22746
0.660655
6.12892
6.31268
7.18732
0.00809364
14.4594
3.14619
7.63245
2.83597
3.63514
3.15911
3.00485
3.18062
2.35286
6.2039
1.02508
2.9347
1.20843
1.29649
7.1247
0.100609
2.47641
4.27099
0.250686
19.8749
0.684355
12.3959
0.343067
2.02512
7.70566
5.24219
3.78819
6.85158
14.9502
6.23334
1.76265
7.23577
3.21758
1.09458
3.43717
8.61763
7.92599
11.6105
4.23281
4.06601
1.16398
2.35379
12.4388
0.743286
0.431151
1.84577
1.44274
0.743691
2.88461
3.4453
1.56361
15.0298
4.49432
6.59932
4.39715
2.37617
0.036219
2.74208
0.743412
3.10704
3.34402
0.8856
11.1092
2.80938
2.30978
4.88386
7.63918
4.88684
3.18435
2.98313
1.9838
4.49517
15.3806
3.82214
9.83342
5.24248
12.0323
12.9291
4.33858
8.05071
0.299647
0.16304
1.31033
6.79894
6.98074
1.35013
4.95828
1.00735
5.31369
9.93137
2.94972
2.83608
7.26576
0.528781
0.95553
1.80546
17.9254
5.98881
1.67778
8.69435
8.7476
0.760849
1.14208
2.44226
0.226598
4.11235
1.39967
1.5638
2.96963
2.23299
7.43549
4.28148
0.835453
0.0584476
6.37092
13.7559
3.02631
17.5938
1.62528
10.0461
0.998386
2.12465
6.6812
0.348386
8.94707
12.8808
3.83107
1.64453
4.1314
7.92547
4.1066
4.11857
4.11638
1.71894
16.7966
5.61297
7.9043
1.67633
8.44207
2.11211
6.05006
2.72074
7.68233
2.12593
13.3045
0.353108
0.295614
1.47435
2.09384
2.07284
19.4456
10.0825
3.39789
4.07923
1.47516
5.69451
1.00055
2.78418
6.81458
6.60147
2.04895
0.161145
4.03102
6.6188
1.71916
3.71259
2.33658
4.99616
0.396614
2.93381
2.57319
12.9294
5.0523
1.20484
0.577971
0.855603
3.19847
1.05172
8.04829
5.00205
0.81593
1.34239
2.71515
12.6094
2.57797
2.91783
0.743471
5.51005
0.81751
4.77661
0.586327
3.183
12.7375
0.548024
8.64715
0.862667
2.72716
2.93811
0.618547
0.00939252
2.17005
1.58287
3.36153
0.0871537
1.08399
4.33477
2.42373
4.70639
12.8399
4.99465
1.2731
3.17666
10.8942
5.68813
5.67516
3.64086
1.04499
0.423101
14.167
1.00909
2.06467
3.0099
3.32184
4.72255
7.68968
10.9547
1.63123
3.25799
6.96459
2.12596
0.214316
6.5467
10.1205
1.6188
5.84967
1.03495
3.40862
9.19872
2.12411
2.59472
1.98582
7.07049
2.03137
4.55393
4.03809
4.12116
3.01553
4.78889
5.46507
1.16097
18.0283
3.71687
3.21619
4.05166
2.01065
0.68316
5.1381
0.540045
3.8912
3.30763
3.82978
1.18234
16.5029
3.09948
11.2579
4.15752
6.37588
0.882235
3.67134
3.41951
1.98905
0.361458
0.686705
1.28319
1.59858
10.2054
2.37949
4.77481
7.7156
6.66887
1.52267
0.0827495
0.516288
0.633963
1.97159
1.87298
0.626122
1.11685
2.96981
6.32317
9.96731
0.315663
1.74207
0.186238
3.56539
2.10142
1.21154
10.5377
9.93259
12.1559
0.982373
8.67651
1.66046
11.4812
1.64663
2.69039
0.058575
1.56747
10.6485
8.66871
3.59672
0.761629
12.6431
2.76032
4.59091
0.80615
5.26001
5.84822
6.80828
18.5149
7.40784
2.71562
12.1589
6.89884
3.44719
4.70656
0.816056
5.01447
0.433645
6.00023
0.275085
18.0083
4.54687
0.570547
0.748812
1.84893
4.43754
4.70091
7.70614
0.111712
8.87142
4.65097
4.4785
0.688479
3.19803
2.06012
0.507376
0.891109
2.56947
5.69056
0.985051
4.62207
3.31486
9.09966
0.63609
0.0556725
1.43646
5.74751
2.79661
6.7929
0.810057
0.634349
5.881
3.77909
14.136
2.28619
9.26666
6.42763
0.337469
6.27641
1.10707
2.11772
4.58253
17.0055
3.56184
1.31879
1.92771
0.604831
3.10636
1.17091
0.801414
2.44004
18.4605
3.61579
4.95286
4.03154
3.83399
0.201348
0.307375
0.584879
1.38193
4.58817
2.97057
1.50299
1.72078
0.0974894
4.48927
9.37931
6.7776
1.99233
2.5542
10.4278
1.60238
4.05716
6.061
3.7837
2.85187
2.17193
9.51669
0.972735
0.749635
1.06991
2.56803
3.40627
4.58765
7.03972
1.08588
5.12884
1.67993
7.13764
0.748969
9.87978
1.44131
15.8248
1.94446
2.92983
2.28051
2.22691
0.968369
5.99526
2.10097
0.616163
2.15155
0.197881
0.976507
3.58028
0.0802125
4.5098
10.0591
3.82668
1.13071
2.88718
6.79075
3.03688
6.53679
6.49322
8.9042
3.83351
1.23694
3.0579
0.0934783
0.986525
2.98128
4.64519
0.316042
6.96988
1.45541
1.08724
0.28927
3.05014
7.10524
0.999668
3.75108
0.240844
0.426419
2.8325
2.21411
1.67644
0.842234
0.495668
6.47725
3.93046
3.88927
2.83068
4.2947
0.917327
1.71266
6.60212
10.6714
3.36928
0.196807
10.0522
1.41598
2.88717
6.40588
4.92641
1.48144
0.0502851
13.1943
0.973017
0.419506
1.89345
7.47521
3.09967
1.4843
1.46133
2.81163
0.561719
14.7816
3.25172
0.620865
1.67848
6.84933
1.27492
0.373474
0.965814
1.7189
8.68608
10.7955
0.941205
8.37681
9.4595
6.34845
4.98327
3.05147
2.27128
2.62978
0.18958
17.3109
0.845728
0.0227148
0.751642
1.02819
3.90949
3.15189
5.51002
0.658899
3.00597
5.89827
1.18152
2.11206
4.23353
4.63234
0.589103
3.85491
4.30463
2.38424
4.83152
3.29951
4.48958
1.62939
2.00772
4.62106
1.04129
0.53092
0.356755
0.382663
1.66009
9.81369
3.86076
0.135255
6.59764
1.48373
4.05312
3.91926
16.6416
6.23077
0.344958
4.66844
3.29125
2.39988
7.38374
3.17153
0.7839
0.396579
1.9466
0.204566
10.5197
2.64582
9.9673
0.30146
0.453566
4.70098
12.5716
4.15853
1.41789
0.742911
6.3067
4.17225
4.16224
6.74636
0.81758
11.1142
6.79661
0.145542
3.11008
2.32975
4.7756
7.61326
2.93052
7.07065
2.87852
0.54912
9.18305
6.2892
2.18885
0.617206
0.753666
1.2616
1.68041
0.688275
7.06379
3.58123
4.11451
3.08267
1.57913
0.0254058
2.11282
3.1164
3.91498
1.0589
0.032167
3.8239
5.72976
5.27189
0.613384
2.07455
1.29934
2.68833
3.64887
5.70124
0.106429
1.3861
0.375381
2.86343
0.823694
7.93379
2.45228
8.88477
6.07959
5.2493
4.35989
0.224461
0.665104
3.9141
7.12322
15.99
2.01128
5.64246
0.936381
7.57973
2.25149
1.08134
0.733222
11.351
7.18673
3.54608
0.186828
12.4741
5.64004
5.20478
0.115735
1.55043
2.3072
3.83954
14.6253
10.4166
8.06929
2.62699
15.9018
2.89282
1.63145
0.738713
0.58077
1.83107
1.45121
14.7824
4.08102
0.0921649
7.00361
0.0594625
27.0745
4.6084
2.40579
2.47726
3.46481
8.96712
10.8551
10.2752
0.467447
4.4923
0.193257
4.9809
4.44077
0.76938
7.67406
1.52286
3.2095
0.153659
1.98667
0.0757158
0.634779
1.50414
4.54792
3.10525
0.481953
6.55363
3.47386
7.74683
6.52166
1.90784
2.30433
7.33381
0.991691
2.59345
3.56547
3.06876
1.15689
0.688964
1.24141
1.41043
0.623402
2.5161
19.822
3.6981
1.649
0.474405
4.33496
5.13118
0.290828
3.88402
0.682843
3.65548
9.49492
5.06185
3.65518
2.02586
5.3794
2.37778
5.27365
0.534275
2.20701
0.769339
4.96295
9.51512
3.68659
0.462033
2.18534
3.55733
2.7667
0.520213
4.04443
1.69559
15.2176
4.3239
16.2257
0.240172
2.34747
0.853842
3.403
6.98397
4.26524
5.5529
1.75403
2.88283
11.5278
1.90736
0.810456
2.90715
2.66898
17.9681
6.37137
1.71544
2.19672
1.17154
0.729078
2.30618
0.957142
4.77864
5.18818
0.0205008
10.0482
11.1321
2.43338
5.92722
19.3392
2.1255
9.74917
0.485027
1.16038
0.519136
4.33829
2.4403
3.61662
0.528392
6.048
3.50308
0.832133
4.67172
7.80833
5.93069
1.43113
0.49657
0.660658
6.35592
0.537322
3.88174
2.98765
1.89657
0.0784706
2.77731
2.1708
0.723269
0.34805
3.6839
3.86637
0.019669
2.32845
4.17806
1.16811
2.18756
0.00470881
5.94173
6.98484
1.38527
3.77731
0.299649
0.196044
8.14331
2.52019
0.625307
1.51829
2.18824
4.12684
0.12489
4.16823
4.71188
0.324702
2.10443
5.34087
0.252526
1.16445
10.4406
1.39723
0.431946
1.84311
1.22997
27.9588
2.89665
0.628542
10.9373
3.45608
2.31543
0.0979771
4.4877
5.62828
4.13434
1.20721
2.64751
3.34921
4.09617
11.1511
1.98263
4.65107
6.35214
8.63536
2.63317
2.2294
1.00668
2.97856
1.29118
4.69477
8.60363
0.100845
2.24003
5.60589
3.14536
1.25666
0.874061
0.105158
0.382022
8.95095
4.82451
5.57525
5.04022
8.90246
7.05239
1.93669
2.1279
7.19673
3.18757
3.86762
32.9754
3.48864
8.04835
5.55765
1.60985
4.00242
6.19797
11.109
2.29371
5.45866
1.92959
0.0371332
1.44179
2.14045
5.82739
2.61051
0.0130643
6.50824
1.4976
6.39446
0.0897304
7.03015
1.48246
14.4915
0.674783
0.0847834
2.69042
0.348547
2.88973
0.142769
1.42619
3.75233
0.461703
0.820491
9.30325
8.73908
0.666466
2.51933
1.04233
2.52119
2.02777
3.40171
2.7969
2.19604
3.70845
3.21545
1.08507
0.643277
5.51747
0.171972
1.26004
3.3382
3.6333
2.24843
8.80712
0.184435
1.74354
0.184806
7.45707
5.59278
12.1952
0.386711
6.23752
0.231313
1.73824
4.02737
0.940428
1.40684
3.23852
2.76287
0.234968
7.31371
4.61191
0.453046
5.44191
1.77441
3.83104
1.35997
0.845464
0.452148
1.85908
2.8654
1.1112
3.24493
2.57617
3.17759
4.873
1.86007
0.527646
0.128631
8.37626
3.92935
8.34252
0.352541
8.78911
4.24242
4.10292
0.458853
2.8693
1.12563
2.15382
3.73945
9.297
1.53438
3.51318
7.41057
1.34774
3.17506
8.87383
6.22501
16.7879
0.933363
6.68994
15.852
3.33764
3.43437
9.30829
12.4383
0.281085
2.81723
5.83122
1.03009
6.31714
4.83278
0.596417
0.506015
0.703468
2.54947
2.25843
6.69172
1.98576
4.49933
4.26034
4.27068
3.78248
2.8799
11.6302
0.839098
2.31476
2.41854
5.97779
13.8652
0.308382
0.228769
1.19337
2.08522
10.7129
3.71002
0.772201
3.93938
3.96394
0.223441
0.440501
3.68261
2.4863
0.0204071
2.99498
14.3938
0.217284
3.86316
8.13762
1.69067
2.28877
0.149498
3.2845
16.3237
0.405633
6.40503
18.9329
0.569679
0.0358655
0.0991321
2.10585
1.14276
3.86828
0.200878
0.870233
0.394029
4.56668
5.89634
2.01446
6.95175
10.999
1.4788
1.70856
3.55389
3.33112
4.45608
1.56858
0.426479
5.32334
4.14748
7.88817
10.7247
0.00959783
1.3104
0.0451069
2.48938
11.3865
2.93096
5.20105
5.75375
5.22445
2.526
0.660003
2.47997
4.66944
8.14887
2.89841
5.09405
3.75642
7.40807
4.07682
4.27413
3.6299
4.38483
0.778656
13.9811
0.301033
2.33379
0.819744
1.69902
2.10881
3.76599
3.08167
1.99437
4.49579
7.00059
6.76125
5.52674
7.1563
1.46264
1.63312
7.06758
1.48153
1.2556
12.3195
2.55342
0.929973
2.99632
3.85879
8.25032
2.05712
3.36796
4.41714
1.74605
7.76313
4.26683
0.173477
1.58878
1.3576
0.393797
6.38808
3.66598
3.4647
4.79036
3.87611
3.15795
1.51711
0.10765
1.3501
4.12864
5.25884
2.34887
2.50547
0.641576
4.33708
5.31208
0.526152
3.03148
0.753085
1.15056
1.0572
3.03755
0.531461
0.306813
11.9327
0.116593
6.90884
0.218824
5.47213
6.63946
9.18805
9.59534
2.98817
2.21523
0.25756
0.402974
4.83505
17.1075
3.83777
0.581628
2.67161
4.31147
1.07891
1.95584
8.72384
10.9569
10.5026
1.47527
0.344614
1.80214
0.481265
1.10529
5.54951
6.3278
10.2572
1.57254
1.63994
7.85917
9.6566
5.19184
0.899188
3.80771
3.23434
4.63895
7.67162
6.56518
21.0114
0.229639
4.9936
27.526
5.48307
2.79064
1.59927
8.53519
1.28289
2.20861
0.20801
4.43991
14.6835
0.855826
1.45821
2.16893
3.67027
5.95896
0.766493
7.32722
6.29639
4.54221
7.3491
2.55551
7.53624
6.56733
5.54285
6.42572
2.56491
4.39854
2.02587
5.65322
1.0241
1.60768
3.03094
0.467412
3.12404
1.72386
2.36458
0.386566
1.0848
1.2919
7.96097
0.492835
1.33804
2.12524
1.28653
2.93438
3.86865
4.16932
1.49427
0.72386
0.661864
0.370435
3.44273
5.73159
3.41871
12.2867
0.408424
1.98084
0.430952
3.8724
4.07353
4.44466
3.22191
1.94482
2.38226
0.53569
3.93606
2.19261
1.30988
2.31553
1.18003
5.50577
4.17668
0.964819
0.269469
11.7523
6.10364
5.91554
7.00702
2.77738
3.2592
0.285488
5.41119
0.523639
1.27011
1.99632
4.32165
5.79233
0.026778
0.596703
0.663875
1.14656
3.69063
8.26523
1.70706
2.52893
4.56316
0.206612
0.378539
3.50734
4.1171
2.25292
4.09122
2.40834
1.65942
0.256758
11.0512
1.07436
5.80157
0.524062
7.04245
0.941871
0.369697
5.53891
4.2888
5.21033
1.88222
2.15667
3.63291
5.98706
4.76846
5.61009
8.71039
3.09802
0.505555
2.44657
8.43725
12.2494
6.56857
5.68563
1.05098
2.50759
9.96105
9.11854
1.32528
20.9154
10.092
5.74542
2.15425
4.30153
0.0159522
8.96331
1.04407
0.518266
2.41123
19.3378
1.82241
1.21091
14.841
4.98234
2.05537
0.770672
1.59546
0.635563
0.526788
8.32195
1.53781
2.03151
0.0884261
2.52223
4.92104
4.99632
1.32285
4.09293
0.173882
12.3506
2.34796
1.57749
1.70881
1.30774
13.0737
0.972826
2.53181
0.486092
0.961524
0.797848
0.833785
1.58091
0.105537
4.12061
4.88517
2.61903
3.81164
10.4568
1.31229
5.22015
3.45369
0.945611
2.7817
3.95261
1.82855
3.63434
0.877091
1.1778
5.86857
3.49907
0.769344
5.20448
4.64171
2.67506
0.362423
7.92201
4.0392
1.72841
7.98227
1.50112
12.4607
1.20293
0.878504
0.0916974
9.49612
0.83486
19.925
3.78002
2.70989
5.55491
2.49394
0.953721
1.88972
0.326603
5.95364
0.57883
1.52705
3.57487
5.14009
2.28556
2.22319
1.24339
2.12852
1.89511
0.886756
7.08995
1.56798
1.97169
4.01846
2.8931
9.06772
1.39787
20.5601
3.21024
2.23158
2.39365
2.60902
5.40327
2.87508
0.329319
1.35525
0.231833
2.13103
3.29467
5.65496
22.6201
0.779581
0.736442
0.886729
5.33199
1.08994
5.18129
0.368169
9.1233
1.58642
3.72912
7.2586
1.00558
11.0781
1.59252
7.13898
0.485032
1.25676
2.78638
2.17661
1.68876
0.76149
2.57631
7.67141
4.55217
1.23938
0.205263
4.9343
13.3678
3.45007
6.49556
7.1097
2.00024
4.33525
0.613322
0.794747
2.8576
0.981068
3.61827
10.6178
7.30228
12.7941
8.89388
10.7362
1.56899
1.18189
3.26516
0.619431
0.813322
1.68754
6.49474
0.640373
1.74665
2.74421
4.34406
4.18695
1.91371
5.20688
2.24267
0.38128
0.244232
2.77162
2.49306
1.13949
1.34481
5.80721
4.57601
1.30854
1.90362
2.22874
3.81229
16.051
0.302121
4.59252
1.60441
1.76469
1.78315
0.584035
1.04115
4.30401
3.26972
3.88768
13.442
2.7729
0.661101
1.86053
1.644
0.776626
11.8561
3.43793
1.09421
1.99327
8.29769
3.23797
2.56535
4.01761
0.93301
4.05639
3.7406
6.55268
6.59868
0.675417
1.25673
2.04838
3.49101
0.145554
3.53381
6.01114
1.31165
6.51866
9.70317
0.540467
0.747211
6.20152
0.451343
1.72255
7.60723
5.36397
3.01331
1.51393
8.27294
2.38132
12.1999
0.106251
3.29916
0.164044
1.59234
1.65528
3.19833
15.1544
4.832
0.727179
6.14465
0.185341
18.2172
0.693657
7.74369
9.11155
1.28591
3.92242
12.2861
24.7962
7.83837
3.95058
0.853891
5.38924
0.940903
8.2921
3.66516
0.880883
0.179545
5.13333
3.39341
3.62578
4.65147
1.56773
4.60396
3.23437
5.38653
1.18382
3.57246
3.42425
7.75245
0.914026
1.50577
1.99101
0.406814
1.32535
0.896589
8.76405
9.9849
0.784977
6.71517
7.01477
0.616848
8.62027
0.638077
0.57083
0.91149
7.13534
3.19711
4.48422
26.3354
5.78078
3.58909
0.486594
0.342156
8.53523
1.37374
1.3473
0.998743
3.47008
0.872297
0.271584
1.16346
6.74727
9.03914
6.54267
3.93087
1.23025
7.94106
4.29049
0.640081
1.4722
0.798908
7.18305
0.0858714
13.4023
4.54717
3.00137
4.16232
10.3848
11.6268
2.02123
0.0087129
3.37182
4.23047
1.03994
5.3012
17.8399
4.37055
0.408686
1.94988
2.76923
2.30366
1.19793
3.81672
0.673356
12.3866
1.52542
8.85389
4.22662
3.80947
2.18207
4.09338
5.11515
1.76476
3.304
11.2002
0.113978
0.643061
14.9586
3.96091
1.65489
2.63357
1.45787
2.17902
0.995241
0.483842
7.29673
0.888193
4.38716
2.35047
0.927642
5.72317
0.512272
1.48609
2.71388
1.17613
3.24827
4.96308
0.28389
2.70395
0.184561
7.91471
2.02705
5.462
12.7551
0.775132
5.97893
0.176753
2.79279
7.41766
12.7392
2.19257
0.79931
0.987119
2.58463
0.853618
6.69364
9.37534
0.992564
1.66942
5.77977
3.59163
2.59639
0.239533
9.80259
3.70297
2.31573
5.41421
2.05048
8.25593
2.01087
4.77616
3.35292
1.9271
3.31843
2.29397
1.79808
1.09951
1.37889
4.00572
8.49767
2.95818
2.67555
0.626056
0.0284991
1.54594
4.15096
0.211935
1.52622
0.830557
1.4851
3.86286
1.99015
9.51386
0.474933
4.0242
1.71324
2.13779
1.00232
1.2599
0.592985
4.692
1.34322
14.8001
2.62011
14.3109
2.19533
8.21632
0.715452
4.1203
1.03249
3.64206
1.23679
0.207582
13.1254
2.25365
2.03206
2.16515
1.79888
1.94846
7.63178
0.405041
3.20167
1.33955
12.177
2.39529
1.18776
9.20118
2.36284
0.159378
2.77351
2.29501
6.48236
8.5195
2.41007
1.55843
1.13148
10.7258
1.66469
4.30929
0.494504
2.61427
1.01688
6.53054
4.54032
1.3562
9.18998
5.14606
1.87258
0.394834
5.45096
0.458084
3.98159
3.02779
8.94793
1.68113
0.54743
4.9023
4.20691
5.59114
1.18311
1.92986
4.99074
3.19217
1.61903
2.13699
1.17195
2.27743
0.486371
1.15257
3.14727
9.79174
4.36612
7.36901
5.67378
0.832875
1.00393
3.08014
2.13145
3.48308
0.430633
2.15871
3.64248
14.8946
0.821438
0.618072
1.37534
0.207619
0.470623
3.14199
6.63762
2.26329
2.1475
0.451768
11.7205
4.36361
1.5065
2.72897
1.75903
0.209172
1.44412
0.977045
1.79608
8.08564
3.66539
3.4601
3.32901
6.73201
0.0253113
0.0639049
1.9055
1.64967
14.4009
8.33083
15.2263
2.59571
3.25014
0.926876
0.939091
7.7279
1.4676
6.24443
0.661079
1.38431
5.6197
6.5364
2.64776
0.512372
4.55054
0.323851
0.479433
2.13489
0.330439
3.88783
0.940538
4.34913
7.30143
1.93749
2.53744
4.47996
0.715629
1.23463
2.04903
1.00945
3.5733
0.0827373
0.29415
3.61285
4.71341
0.207719
2.842
0.240521
7.01627
1.07026
3.56045
8.8415
12.338
0.114826
3.75755
4.78547
2.12309
12.9665
7.21986
3.5049
1.86846
1.02708
0.00873683
4.4336
1.04669
3.66894
3.161
0.556843
0.69435
1.445
6.22778
2.30569
0.290803
2.95622
3.39074
6.29244
1.08934
6.48095
4.90431
0.556066
1.54452
3.43145
4.70775
5.19006
0.680535
2.18386
22.0155
3.46964
2.24353
0.650391
0.781349
1.32832
0.641235
2.31301
1.562
1.99399
4.86858
8.50026
6.82315
1.77127
0.60144
1.36062
0.572326
4.23139
3.37669
2.34986
6.11631
1.58538
4.67481
8.78815
0.923434
5.27134
3.00982
2.00086
1.00122
4.85026
0.128728
1.26573
26.1445
3.9598
3.5895
6.96943
15.2281
4.12095
0.949191
1.85769
7.1481
3.0849
4.47236
5.15844
5.06894
23.8924
0.908714
3.13976
3.00944
4.2755
3.38523
7.88122
8.04105
4.15432
0.204718
3.02848
1.20282
7.3541
6.79659
0.0785457
6.64964
0.108618
1.12965
0.708406
8.01852
10.6041
6.35055
2.87348
6.50631
5.15826
2.90243
9.37784
1.03078
0.0679353
0.150471
2.74239
6.62297
4.86349
3.13935
5.52893
0.660251
1.69821
0.754929
4.40905
0.357213
7.68687
0.905841
10.1482
3.50489
1.752
0.0323168
1.09769
2.80231
4.85547
3.13179
1.09094
10.9977
11.5339
6.85481
2.20177
2.76427
0.0245231
5.16135
0.339471
2.9521
1.42075
3.54926
3.15096
15.8643
3.18074
4.45525
0.760005
1.50776
0.536801
4.91347
2.09023
2.09495
0.768596
0.571422
1.7749
10.2046
0.815012
0.594383
5.60226
6.2498
8.51702
0.959963
0.096829
13.5826
4.1493
3.41667
1.53565
0.95756
0.321105
2.53549
1.63501
0.466854
2.44589
1.65893
4.55154
2.17154
12.3585
13.2986
0.895058
5.49004
10.7261
2.15472
6.68912
1.62109
0.809176
0.528297
2.2555
6.66698
6.77142
3.89849
0.57843
7.96645
1.22002
1.06791
0.185871
0.498316
3.95203
2.40435
0.633235
6.01642
0.955227
1.79692
0.526372
1.67472
2.27777
9.93192
5.04531
12.4676
3.14497
2.93353
9.33704
4.84266
3.00901
6.44672
0.53965
0.754822
1.38981
0.45211
1.03852
0.567354
3.04456
8.82649
0.0910366
0.858619
5.97931
2.06816
1.22925
6.06017
7.38927
0.961669
4.3177
0.606803
4.35862
1.22567
4.84095
1.99844
0.235876
2.29095
0.843989
0.372634
25.039
8.15797
2.77193
0.475369
1.20337
3.31265
7.30489
5.18142
1.04805
18.4807
2.27628
1.89378
5.16542
6.10817
9.29264
3.00401
9.03384
2.61561
0.619433
0.844634
1.3386
0.465938
0.12387
2.72151
2.85551
9.6191
3.33823
4.179
4.01242
0.975226
1.88917
4.02112
3.73583
10.531
8.98282
10.6354
0.0991294
2.03254
3.88883
6.33458
5.93819
2.40925
2.22599
0.0258047
0.315597
0.412011
19.7538
3.34952
0.911635
1.54268
1.5784
10.7955
0.944375
2.04233
1.7507
2.67378
1.6239
0.206889
0.876658
6.26174
1.9772
5.74588
8.18378
3.27459
4.18262
19.5383
9.2357
10.1659
2.31744
5.83938
0.900531
0.504528
4.25255
1.73572
5.89813
0.515119
7.09478
5.92829
0.0656909
5.751
15.8783
4.27961
2.77393
1.48675
1.98295
2.63256
0.492054
1.93178
4.76834
3.70608
3.89849
0.608387
1.92636
4.0564
3.87738
3.45456
5.68288
2.31564
2.89588
3.33837
9.18733
3.68167
8.49399
4.43117
7.98266
3.10619
10.0614
2.14433
1.46522
7.93242
4.3693
1.59622
1.36708
2.27966
2.1143
0.962646
8.76457
0.719139
3.56657
2.23539
3.81264
3.17233
4.86028
3.16059
1.73178
0.176926
0.877369
0.849792
6.83377
2.37816
3.85042
2.51911
5.4619
7.82178
6.10193
0.916133
1.77944
0.677968
1.53913
0.774078
0.549518
1.76197
26.3182
4.3605
9.64047
4.2385
10.7289
0.972469
1.38484
1.58512
12.4688
5.92682
3.75145
4.38612
16.7986
8.5408
0.242705
2.49977
1.62962
0.200837
0.135639
1.83398
0.110423
3.90181
1.99667
3.21058
0.322757
8.29847
13.7069
8.56619
4.03266
1.57633
0.249598
4.78744
9.36291
0.88274
1.44555
2.10851
7.95933
0.767077
8.06514
0.693462
0.735531
0.0578827
2.44431
5.45927
0.132832
12.8229
6.71589
1.98081
0.0831093
3.68351
13.3583
0.699794
2.93763
0.761959
0.433524
1.53324
1.54121
0.501932
0.151229
3.30789
0.437792
2.05945
2.16098
0.646333
4.49717
4.9355
2.32821
0.313865
1.84953
1.25127
4.24207
0.553831
0.621866
11.5335
5.12049
3.62108
4.80587
1.1797
5.27688
5.51989
3.71927
2.99119
2.1862
4.65911
1.75768
2.05733
0.411518
0.535847
0.912575
2.48159
1.74397
0.90642
7.93101
7.51905
6.66187
5.70466
2.62265
2.93139
3.5708
5.15825
2.81391
7.74628
2.535
1.12446
4.64701
2.44035
4.80658
0.672636
2.0272
0.575549
1.94638
2.56737
0.49298
6.86099
0.3972
5.52247
1.61328
1.24032
11.0197
7.45777
0.930039
5.49044
1.78532
15.4235
2.37658
13.9311
4.27575
10.1137
0.319173
14.8401
3.81732
0.529671
2.69243
1.98033
6.14131
0.0922112
0.0663951
4.47138
1.94655
10.092
5.87657
1.56297
0.659728
2.62425
0.0221496
6.63736
1.02085
5.3906
4.84972
1.81635
0.391489
0.0143192
0.240131
1.32779
3.35405
2.28449
8.26395
4.40586
3.8964
6.96204
3.05843
0.243768
4.37228
3.06759
12.5662
4.4564
5.81251
8.5865
4.01787
3.77448
2.32149
1.4367
2.63733
2.5939
3.43338
0.596412
0.422446
2.7403
2.02645
0.994115
2.21062
10.3782
7.5949
20.3781
13.8482
7.49746
10.5689
1.38506
16.6949
1.21233
1.8827
4.53614
4.16154
5.97748
4.51528
1.87332
0.172022
2.55901
3.73559
3.0032
1.35761
0.507174
2.41896
5.37148
5.90085
5.27992
0.757262
6.09856
0.519832
1.04402
12.2031
4.27411
3.30971
2.37674
1.66703
0.650278
5.90797
3.41707
0.140787
1.22818
2.56291
1.06934
3.96356
2.46818
0.0682338
1.25826
0.381167
3.94593
9.37288
1.03071
6.40104
3.74641
1.86276
0.92805
0.517707
1.95249
1.03672
1.50892
2.36067
16.3202
7.66473
3.22225
0.0805798
0.83665
0.403237
4.82717
0.415155
9.42933
7.32723
6.39598
1.48342
5.38543
0.21931
4.55149
1.71579
1.88577
5.39335
4.7539
0.65989
0.23574
9.08127
0.814924
7.26607
1.63066
11.6097
2.46701
1.7954
0.204736
3.72984
0.08451
1.8168
1.35384
7.08969
0.598441
2.33933
0.622777
0.999309
2.2867
0.522462
10.6707
1.76308
0.0377783
17.6411
5.81715
2.33262
2.19471
1.89208
1.21744
1.0249
10.3319
1.20676
0.380507
0.445843
4.70696
4.86357
4.11952
0.288919
0.699229
2.98458
1.24438
2.33971
0.191009
4.97748
3.01599
3.77164
6.20401
1.55016
4.52105
0.890003
5.63733
11.6019
4.35473
5.6973
0.186266
4.83628
3.03823
2.46494
4.25766
5.97779
13.6439
0.968901
3.04724
0.623681
2.52514
1.0329
10.3789
0.304366
2.22203
2.41689
29.3988
0.876415
14.39
3.8184
8.13933
1.34243
3.88852
1.45758
3.50794
4.76362
3.42631
3.09143
1.65593
1.72916
9.34142
2.64352
10.221
3.20826
4.82776
7.297
1.9228
1.9795
4.45501
7.46661
12.7178
4.63791
2.65324
14.8419
6.54981
2.49284
5.48625
9.09762
1.23234
1.63701
4.73669
0.27083
1.37381
2.73974
0.872476
4.43895
4.21214
2.14948
12.5603
3.65063
5.1814
0.963595
0.0966358
0.764559
0.553239
15.5371
2.08653
0.904751
1.25847
5.26154
2.72718
3.24867
2.42645
10.0589
3.44786
8.09928
0.806356
2.31107
5.6905
0.69693
2.13232
5.50833
1.83047
4.86191
3.45377
1.71617
2.25932
12.1301
0.0320811
1.19269
1.42965
5.8553
4.85996
0.636051
8.21997
0.543247
1.85465
6.44079
0.64385
6.36638
0.362438
9.9183
10.6088
0.815962
1.99149
1.56816
9.41013
0.817415
1.86048
0.833824
2.4594
0.380613
2.85144
3.09951
0.0308518
0.570013
1.02921
10.9377
4.94528
1.92529
7.78777
2.59695
1.30677
0.0850989
6.1932
4.55122
18.0238
2.04289
5.76248
2.18511
0.193711
3.04402
7.14259
4.35665
2.52419
0.377837
9.33584
0.967953
2.08343
2.45606
2.72406
10.9778
3.5422
1.61524
5.7398
6.43211
7.72907
0.0875007
4.36261
9.04692
0.968216
1.27158
9.32176
2.53523
5.60027
5.15074
6.44575
1.53454
0.208066
8.88507
9.9586
0.175676
0.753615
0.39049
0.880213
6.14803
0.433164
13.2244
8.0731
3.79158
1.74324
1.11433
2.85463
0.410636
6.06226
5.86998
11.7585
0.693327
4.69234
5.31876
3.23874
10.1596
1.79923
1.57182
1.31415
1.77443
4.28001
0.307307
8.21758
7.31708
12.6764
2.13087
0.682314
5.16984
8.89967
3.27814
0.973732
2.41695
0.553249
0.056613
0.88302
1.12294
8.46325
0.702752
12.0452
4.02533
0.305142
2.37045
5.15445
0.411106
3.29469
6.40938
4.45122
3.87782
1.29827
1.10519
2.15339
3.20164
1.00159
8.80493
0.110514
21.6126
1.59359
7.69615
9.47913
3.01466
17.3276
0.475899
1.08674
2.58525
3.40345
3.97423
0.351917
2.66661
8.05785
0.318801
3.04642
3.13129
1.34255
15.1441
5.16085
2.86795
2.50044
7.71911
11.8989
6.66667
3.37021
5.31849
1.17926
1.65732
1.06871
3.78071
3.89677
2.11758
1.53464
1.68602
3.79164
2.38033
4.35558
12.8861
2.72267
12.8055
7.48107
1.65577
9.4643
4.68421
0.621499
3.92096
4.31671
5.05794
13.2758
5.50914
0.99659
3.03329
5.35431
8.831
0.461522
2.85185
1.89016
1.07485
1.70004
0.915039
4.83996
0.663717
4.62738
3.59919
2.04341
0.297306
9.55783
0.626795
4.33717
7.83775
1.20589
1.95693
4.73017
4.51072
0.761147
1.33241
2.67701
1.31658
4.83131
1.44767
3.77208
2.90188
6.10201
1.33448
4.90905
13.9226
3.26472
1.60274
4.1483
0.348783
2.19598
2.34692
9.06148
3.40274
1.79892
2.67092
0.696475
6.61234
0.699177
1.66925
1.37522
4.99732
2.69352
5.27824
1.32688
7.04128
1.84366
5.07848
1.26782
1.94764
5.14184
2.55834
0.453808
3.65875
2.16471
1.35621
10.748
4.6185
7.50112
1.3223
26.6009
1.18348
3.0738
0.279224
0.984774
5.98098
15.0912
4.18151
1.66264
16.8283
5.50698
10.6738
1.34038
2.34346
6.94689
1.66983
9.14527
5.28891
1.12268
0.199882
0.963885
15.5403
4.49375
0.112777
1.11486
0.996941
4.57231
1.56318
5.63955
1.02914
4.67588
1.37821
3.86311
6.13914
0.22008
5.40811
5.93221
5.64918
0.390621
4.78047
0.210242
3.37327
1.30328
2.37996
6.12994
5.04275
9.2786
5.34575
2.42998
18.4161
5.35536
0.230721
0.0130772
7.7944
2.38544
2.74841
3.12961
0.215873
0.0156835
5.86697
0.151802
8.59461
3.76004
6.08921
3.33022
0.0800449
17.0075
4.92059
0.693359
6.45379
0.207589
18.0941
4.00177
6.25187
4.92678
5.74714
0.562687
2.84508
2.17415
1.71136
1.20886
3.78662
1.19067
0.0142966
13.2449
0.0708239
13.435
2.57942
5.17702
0.729281
0.637808
0.73171
4.21636
3.68136
1.86192
0.0014571
0.517108
0.77624
3.79804
7.93018
1.8511
2.20825
0.861983
0.776588
6.75138
0.392541
0.0558905
0.9164
1.15081
0.0934646
0.709164
3.02873
5.58321
0.0530465
2.15544
3.53335
14.779
1.36213
4.28692
0.0700801
9.00533
9.74577
8.09581
1.17029
1.10286
0.0176201
8.23649
0.00629036
2.10881
3.76607
4.41914
0.641708
0.573894
1.77902
0.140425
6.35637
2.86771
16.9504
1.2583
0.956275
7.06311
0.423105
17.8992
2.9803
5.34461
0.88432
3.94041
1.18442
2.5313
17.2601
1.75603
11.4371
6.18294
2.78884
3.37003
2.17727
11.3701
2.85142
2.76214
2.85669
1.67202
12.9291
4.41063
1.32517
4.12993
4.30575
0.175294
4.02925
0.407185
4.69982
2.37697
8.1872
2.14599
1.95441
0.872325
0.711587
0.231861
2.95827
4.41853
1.41838
3.68671
1.4936
1.01583
1.96404
17.9415
3.10398
4.12062
5.07822
12.8761
6.72437
0.124962
11.3573
1.92114
0.344312
0.869689
1.16279
4.9189
0.347001
3.29272
0.699256
3.87618
4.36042
6.45548
2.5029
1.99068
1.14768
0.569162
0.530594
8.60167
0.287056
8.33816
6.64912
3.78167
0.859265
13.5118
3.62575
4.04206
5.1839
0.376776
7.51446
7.88835
0.152663
1.82509
2.0259
7.34909
2.5235
3.23465
1.24949
0.70448
0.161433
6.38758
0.739663
2.41105
3.4511
3.89492
2.561
0.0305146
5.19411
6.51801
1.87306
1.71577
1.59685
0.269347
2.4999
4.02973
7.29357
0.21994
0.827239
15.3505
9.10633
0.098984
6.48598
8.74446
4.73516
0.453567
4.744
2.50786
2.86862
7.55695
23.6206
0.86326
2.77622
0.546276
2.59984
3.92611
5.97995
0.0437207
4.85754
0.556526
0.00910906
1.04777
0.316028
5.84392
3.98429
5.0989
1.46895
5.05489
1.66556
0.271577
1.02171
3.06868
0.332165
1.40859
4.94884
5.25822
5.49602
1.37038
1.38384
1.76146
4.00834
10.3707
2.89159
7.07475
2.39396
0.798336
8.03884
2.02664
4.74992
0.2404
1.69558
12.0472
0.159983
11.5854
7.41042
0.852128
5.6041
4.71558
7.64319
0.876563
2.55636
5.15454
0.901865
3.5881
2.1557
1.00371
6.81884
0.255378
2.76734
2.49
1.6901
7.67853
0.285937
2.75658
6.56341
3.21667
3.06519
1.28894
8.15974
2.50279
0.609402
0.170675
0.202304
8.87667
0.363255
0.225595
4.31785
1.67721
1.50304
2.79111
1.58003
3.05695
0.736701
0.444139
1.34766
1.49822
3.44027
2.06306
2.73865
9.44844
2.21423
4.1281
10.1463
11.5205
4.39418
1.40038
2.22263
9.77252
4.37818
7.17695
5.76826
0.75518
3.09386
0.243147
0.955845
2.08199
8.29749
2.39137
0.939659
5.45645
0.0121306
8.91931
2.46164
0.757793
3.93782
0.828332
4.97008
3.24243
6.55408
11.6213
0.638354
0.530801
4.18198
0.190511
5.05497
2.31633
0.651011
1.96635
10.0283
0.502286
1.71999
8.19944
0.20071
2.98399
0.37681
15.1312
2.71478
0.771817
1.40932
7.80212
0.275639
0.703212
3.38223
2.44531
0.0752703
1.48469
2.17831
2.68567
9.3277
9.07422
0.514702
1.37563
10.1361
3.29776
2.42488
1.54774
5.77894
5.79353
0.882168
1.8722
0.348394
10.4773
3.38499
2.26351
13.0152
6.21006
4.91128
5.11105
3.26585
2.25183
0.192983
3.83892
16.1647
3.55722
1.52016
6.34675
1.14898
1.02304
8.76446
0.468704
1.87294
0.0735717
1.45261
0.213246
3.12182
0.33137
1.0013
10.9928
3.87086
0.781963
2.07096
1.31508
0.765888
5.42528
2.06005
11.3342
4.66021
6.185
1.71191
5.62828
4.17654
0.0161945
9.53763
1.68172
5.89321
1.9249
7.11409
2.81966
6.86051
5.28281
2.12926
0.837383
3.59546
0.0644849
6.00374
1.77123
0.0884819
4.77518
1.53126
4.05907
4.62456
7.86976
0.594684
7.43557
4.98882
1.08895
3.35638
4.44943
0.640933
1.7846
0.211592
12.1678
3.69159
2.57849
4.31914
0.830398
5.84983
1.97557
3.57737
0.0699043
0.739908
1.47747
2.74592
1.36165
0.946791
2.14936
4.46457
0.0585897
1.94642
3.4952
1.94479
1.76878
2.19041
10.8758
4.57896
1.00287
0.381529
0.0385025
0.0078288
7.9359
4.49276
4.53771
5.72331
1.21612
0.615954
4.33815
1.15522
8.76463
0.855548
1.80873
5.38184
0.526367
1.55145
1.77416
10.0485
0.0330379
1.1247
2.48575
5.47119
6.64393
2.56341
1.73353
6.56954
3.12121
9.29703
1.62762
2.38635
3.54163
1.65122
1.30812
0.526594
0.700154
6.19678
8.37275
6.56308
1.34839
2.89535
2.71482
1.17251
0.889674
4.15889
7.11649
0.941952
1.77785
8.46131
0.784685
6.53045
3.72536
3.83762
8.55167
2.39531
1.39185
0.66301
0.745334
1.11692
5.70476
3.47791
20.4246
0.693633
5.8699
8.38962
2.99205
0.580391
18.3269
11.4992
3.8242
1.17119
0.26037
0.712296
3.20045
16.4032
4.63023
1.73107
0.468483
3.15474
0.844196
6.29673
15.7705
18.4861
4.29391
0.274469
3.40564
3.35503
0.974179
10.5107
5.89243
4.00947
4.37196
0.318407
0.00974791
9.5627
0.0751998
0.0771938
1.09545
1.72284
4.39769
0.937592
8.32003
1.50348
5.82829
1.77915
1.89155
7.98421
2.19084
13.5703
9.65688
7.1013
2.17426
3.73065
1.88328
0.835439
13.7071
9.73135
3.26526
1.64204
5.09819
2.64651
2.15098
4.06732
1.08284
15.8468
0.666278
6.39563
0.0529486
0.0431425
1.4266
6.32628
3.76713
2.13901
1.05525
1.17766
1.69884
9.85355
11.94
3.5687
0.466911
4.45306
0.702482
22.3722
2.16059
0.912417
10.9755
13.3913
0.223175
0.191864
0.587378
1.79143
2.10927
5.50209
5.3897
5.00204
0.749307
0.394687
0.81069
1.53981
0.568123
1.65754
7.36897
5.30517
2.15234
16.6602
0.0309567
3.37687
5.86552
3.94301
1.58416
0.986969
16.267
0.198619
0.725536
0.115367
6.82068
2.57405
7.84535
5.6701
2.35747
3.07403
2.90166
1.6228
12.9531
3.97238
0.948687
4.83557
4.10464
4.7613
3.81489
0.831378
0.47701
1.92521
4.26395
8.49083
0.355968
0.272261
9.56348
1.54386
4.76609
5.31285
14.6198
1.54067
3.49138
4.71467
4.63737
5.9628
6.75158
1.12867
0.224633
7.33969
0.736099
0.00483372
1.41427
2.69096
1.14222
9.82275
8.73109
1.86117
0.047929
0.812865
5.99474
9.87937
0.685551
0.848006
5.57011
1.76258
4.30743
2.43756
1.64479
1.8916
0.033334
2.6105
14.3048
4.87828
10.9863
8.05453
0.970178
5.4263
2.83372
11.6268
2.06994
5.19214
3.18807
3.40661
1.4311
0.0938834
8.51668
0.186062
8.50352
2.42269
1.46701
0.219026
3.18928
8.18097
0.14101
0.721677
2.7681
0.303584
1.90689
15.2635
10.9256
2.0403
1.08111
2.4204
0.146289
3.3181
7.11937
1.17695
0.437643
7.31368
4.4123
3.79823
0.765013
4.8751
16.7119
1.76311
0.379152
10.6431
1.44927
1.45728
4.74012
2.618
1.79993
0.849362
1.78164
0.293196
8.19961
0.615355
2.82827
4.35291
0.816894
3.52258
1.10356
1.06018
0.664234
2.99786
4.7683
3.2526
6.31327
1.72297
36.8414
0.611852
8.53239
8.36351
0.0524812
0.300695
0.535127
3.26426
2.64501
0.645843
10.306
23.5172
21.0385
4.19699
0.736079
10.7364
1.87235
2.53978
8.97281
2.56902
5.52373
4.34951
1.86143
4.96685
4.06835
6.44688
1.20192
0.20403
6.16308
4.44097
2.40095
1.54816
16.7851
0.118724
2.90328
3.88463
0.498195
0.798837
3.56849
5.55601
3.8155
0.824133
1.79213
1.3534
3.04308
17.7852
19.8102
1.16762
7.96138
1.73635
2.68844
7.52514
4.97872
0.135663
2.50166
3.61566
2.65804
1.8415
17.7517
1.6118
0.518086
6.21271
0.267087
3.52936
0.15497
4.71604
2.43884
1.17632
0.594355
4.1992
2.13708
2.51736
6.71664
15.7696
9.97918
0.88399
2.89685
3.17685
1.37665
12.9923
0.296517
7.1597
4.64066
0.450684
8.35714
4.84269
3.32255
16.0709
3.41674
2.34485
0.233793
0.801517
6.6687
0.784318
3.09352
2.01458
0.520134
1.68339
1.77506
1.79202
15.7293
3.86065
7.88003
0.713951
1.83081
3.71055
0.205139
0.953201
4.26651
3.4219
4.25623
4.71934
4.96293
8.51586
4.03328
1.28746
1.76326
2.70243
6.36634
0.213776
4.2077
9.61342
2.1078
0.393783
5.4453
0.0592893
1.32315
3.29414
6.06117
5.76888
6.23913
2.56902
5.7941
5.72045
1.96188
2.16334
9.94528
2.01532
0.0248253
17.3008
3.96556
3.57528
2.19397
3.43116
0.79971
3.6264
5.26773
2.48004
7.85481
1.65918
1.90999
0.215852
9.99515
5.12222
3.903
1.27673
4.05338
0.0474096
0.110473
7.06582
0.188374
0.655736
1.16566
4.83314
3.67318
4.33129
2.77929
3.27176
2.00237
0.309956
0.772648
0.781747
4.26968
0.704449
10.5675
8.48386
3.42728
1.20488
1.19236
1.17773
3.2504
4.52701
1.34996
1.02489
9.29138
0.0404285
0.0591481
4.7747
5.02501
5.21677
5.07748
0.358276
11.1412
7.00823
1.93412
5.65382
7.28107
3.27543
0.900326
2.25095
10.7255
1.11292
0.16731
2.74031
2.08296
1.31882
2.60287
1.24496
1.09174
2.53794
5.99911
0.0826154
3.3658
5.72521
0.730162
1.0514
6.81485
0.0651158
1.94614
7.63728
2.91858
4.65894
0.561634
4.34113
2.70778
1.11114
1.92881
18.6254
1.50766
6.90354
0.392004
13.4486
2.40432
0.282301
1.24989
2.06741
2.05606
10.012
3.03086
11.3177
3.57101
0.304794
0.386279
0.604082
7.24575
2.16989
11.6991
7.8327
1.25235
12.9991
0.805574
5.60306
3.84574
12.0992
5.06825
0.78144
3.61098
2.83248
1.90232
0.141847
3.28551
7.72439
0.760123
5.14528
2.54786
8.09436
2.37794
0.460476
3.59994
4.60244
3.03683
4.71545
4.60773
3.23269
3.70071
4.4519
3.26759
4.34655
0.796423
1.31952
3.73737
2.51395
0.773035
2.90454
0.866495
2.40473
0.137695
5.03574
3.14378
1.10665
0.27991
9.42666
5.98707
4.92246
2.44173
7.54824
2.47596
3.89918
1.05976
6.41863
2.69363
14.8642
0.349728
0.254341
2.11554
1.32149
3.15705
3.69851
0.0217532
0.667189
0.163496
0.512887
3.4959
3.88017
0.0631073
0.335765
0.947899
0.365051
11.4384
0.39707
1.16397
2.14175
12.5352
0.0882625
6.34625
6.91638
4.58814
2.64159
5.3618
0.578616
3.10255
8.88896
4.67001
3.86771
0.647257
15.4672
1.46613
2.91303
2.31363
6.22099
2.19162
8.09287
3.88699
8.37524
0.390125
6.61196
7.66794
3.07896
0.483599
11.0031
1.99646
0.0641445
1.84679
0.0887032
3.73042
16.0939
1.48444
4.95678
2.07463
2.6156
0.576536
14.8797
4.43625
9.32395
1.81748
0.519227
24.1476
7.57114
22.2646
4.95982
0.425041
1.45561
7.26388
7.30459
2.95488
8.54458
11.1144
7.4861
3.60571
2.97391
17.7936
2.06318
6.07394
3.0835
11.9714
1.04792
3.25942
2.56602
0.482318
0.708168
0.102187
10.432
3.99345
10.3394
4.01688
0.348632
7.35426
10.2621
9.61221
12.0455
4.69669
1.9229
4.20763
6.48501
0.328415
6.23556
1.54013
0.155071
0.434223
12.4753
14.9031
0.181015
3.95284
5.21414
5.11987
8.27149
4.56528
8.70079
13.3795
1.46648
2.98315
2.21718
5.65222
0.883025
1.21782
2.16474
1.66424
2.16082
5.60861
1.7797
7.92318
1.52116
4.38815
7.2441
1.31555
3.5781
1.22786
2.61013
0.753185
3.64646
4.69457
4.0293
0.772085
1.01643
1.71558
6.61105
0.507472
3.2284
3.27365
9.20044
0.588216
2.06066
2.51372
4.38739
5.97483
0.775241
0.674843
1.05241
0.394113
27.2626
3.38824
1.34546
4.86797
0.51525
1.50598
20.1717
2.87506
0.16261
3.15987
16.7609
2.7182
2.48595
0.938652
2.02376
2.19672
1.1601
1.1872
0.687476
0.00529934
1.16001
12.0478
0.706623
3.55501
2.69518
1.33959
0.319229
0.849715
3.2718
2.57299
2.92894
4.12742
9.1285
3.2871
6.13394
1.70585
0.650423
1.37324
6.29696
0.787257
4.62618
0.0259462
4.3931
6.07287
3.18446
5.19626
1.30447
0.186832
14.2195
3.36065
2.22907
2.1206
6.24757
10.0414
3.78912
1.69784
0.698622
1.93411
5.07214
5.96912
6.1219
2.11058
16.7922
2.58605
1.56492
4.62394
0.161779
0.844303
0.696246
25.4202
6.24427
0.0441111
1.57499
1.18113
0.930448
0.464074
0.249399
9.74544
5.45643
16.064
0.229682
8.52341
2.06824
2.6349
0.827292
0.703734
2.10595
2.75982
3.88488
2.99394
8.98602
1.73362
0.194804
9.44118
3.15923
5.68115
4.56054
3.02344
1.49812
1.49714
2.41067
4.83956
4.21725
9.24918
3.09595
0.453417
0.573042
1.1973
4.25803
1.44707
7.54842
3.39574
6.01722
12.7159
1.78519
3.8932
5.46298
0.0496037
0.582481
3.5289
1.04928
13.3174
0.139704
8.14938
6.35539
4.39605
9.327
3.74705
2.22815
0.955369
7.05735
12.6568
10.7967
3.09377
8.61376
14.8053
0.105084
6.20872
2.87334
3.02249
2.39438
0.683348
1.98012
1.14478
25.0956
1.54822
0.669823
2.05917
5.17208
2.55318
4.50615
12.3581
8.5822
2.94684
5.09522
16.9003
0.943093
0.634504
1.58605
3.42828
0.193951
2.69448
6.39069
6.80891
2.535
1.11965
2.23922
6.56948
2.73981
1.74647
25.5435
4.51842
4.05316
4.49936
4.70513
1.6249
7.38646
1.76393
1.5517
0.269099
2.70252
19.1606
1.51024
1.26071
3.72895
3.19823
6.09913
4.17635
5.17841
5.79025
12.2266
1.47034
5.71397
8.10284
0.658412
6.30523
1.84587
3.45329
2.85812
1.356
1.48507
3.05177
0.106447
1.80463
5.92704
6.96271
0.120554
15.8805
7.23085
0.716485
1.26413
0.400807
2.5185
1.84318
2.28049
1.84231
0.653662
7.67677
16.5691
19.7785
1.47056
1.96771
2.08589
3.57599
4.07942
3.62328
2.26344
6.0916
5.68091
2.26702
1.61665
5.35796
9.87432
1.792
10.5194
2.01099
0.0630872
23.2779
0.409915
0.185224
2.95049
0.274734
3.81637
3.56313
2.82504
13.6526
2.22226
0.0236476
0.281613
3.43216
12.6395
7.84784
1.03316
5.40609
3.39738
5.164
0.618451
4.27061
2.79139
9.34878
2.56313
5.18789
4.46592
8.42416
1.24794
2.12169
2.71583
2.15296
2.66572
12.0461
6.64102
0.653176
0.504259
4.31882
5.37499
3.9355
3.09632
6.82196
2.36329
0.385549
1.7726
5.25738
6.31786
1.59133
2.76612
9.44022
0.719803
10.2011
0.133705
2.84903
3.3288
2.25598
13.8314
3.91391
3.08626
1.52005
2.63571
11.7767
0.853543
3.28152
2.5367
0.0528831
5.373
2.31581
10.8222
5.32931
1.25047
0.832491
9.76753
7.37903
2.19923
1.70353
6.08586
2.71817
1.94885
7.64104
7.91532
5.64769
3.36189
4.34301
0.682493
1.77654
1.73106
0.310857
4.56952
3.51939
4.54551
1.42591
6.14102
5.68148
0.049462
3.16927
8.85112
1.90354
1.06508
10.1576
4.91838
2.4062
2.08372
0.853008
5.43655
3.43144
4.60517
0.714749
0.755951
1.00223
14.7628
3.51516
1.44188
4.45241
1.18942
0.384886
6.98318
0.316923
1.12803
0.102452
0.0510165
23.6239
1.05873
2.63523
9.43202
9.57578
0.184866
0.352322
0.192481
3.74324
0.671477
1.30895
3.75769
10.6239
4.07336
2.13984
1.26203
4.37455
5.26745
0.633024
0.0804096
2.67493
6.62811
6.86981
5.72712
0.34848
1.18827
2.72594
10.6173
4.6652
1.59618
0.793296
2.85977
4.42532
5.32866
3.18148
0.329458
6.95493
1.3447
2.22684
0.175515
2.967
0.691531
1.68432
10.6373
3.41024
6.42957
5.00743
4.2048
4.18498
2.58077
4.66723
15.6897
1.67757
1.44079
2.64751
3.39671
3.06318
1.71525
8.80613
3.51199
5.98483
3.71219
6.07337
0.031438
3.44115
12.1422
2.42619
1.49091
2.45889
10.9547
1.56046
0.0576688
3.38899
4.08685
7.43852
4.13454
3.22677
2.73317
1.29007
1.42014
6.45486
11.607
7.27002
0.127504
1.37004
1.2812
1.22932
0.00619127
20.5073
1.1158
0.90881
7.97344
1.24449
6.05207
1.74656
1.1731
0.170574
4.10638
1.56659
2.39768
5.81861
8.21877
2.62175
3.27423
15.6299
1.5697
1.2651
0.26682
3.0745
2.23141
0.158677
4.4243
1.57092
5.29498
0.155497
6.90203
13.7532
0.763262
3.95998
8.68346
4.50544
15.2335
0.654201
6.01224
1.49367
2.24183
0.308471
2.05654
0.513405
2.75515
6.16999
8.56149
1.47931
6.88631
0.799454
4.99659
3.78548
2.06798
7.124
3.03124
4.66738
0.816309
3.50279
4.69839
3.5758
1.55093
8.25888
13.5155
0.512753
0.374259
0.971817
0.626293
7.83309
2.76306
2.48106
0.678471
0.44381
0.198704
2.81312
0.986053
14.7389
0.324939
1.58739
1.74799
0.528489
0.597718
6.98615
1.15145
0.0942871
3.08924
0.39671
8.61259
2.05381
1.17081
8.2623
6.21537
2.24596
18.578
2.11267
0.773287
1.96386
3.03117
3.19981
6.03443
21.0231
1.50332
1.46267
2.13824
1.63445
3.14422
0.36315
4.19343
10.285
1.29209
2.36923
8.78508
5.93452
12.1884
5.20677
1.46312
5.34044
3.55962
2.35305
0.967194
9.30832
13.6834
4.35052
6.51174
0.936335
4.77705
4.90538
2.35013
2.09169
0.187729
3.35673
1.49578
3.11816
0.140257
0.483134
0.914066
2.37753
0.692665
1.73111
1.00464
8.47451
7.73359
5.83983
4.12127
4.70131
1.86899
4.0931
1.43841
2.64946
6.54466
1.13461
7.42462
2.99946
8.0792
0.0489878
3.46242
4.3326
1.88358
18.001
1.64453
4.41667
4.90943
2.334
4.51334
5.34073
9.65542
1.32339
1.31196
5.36428
8.03391
3.91085
4.85466
3.03838
5.36917
1.10754
9.35583
1.6186
0.830626
3.15547
3.57943
3.24879
4.68185
0.3254
0.494353
10.1478
2.4157
1.1534
0.791034
5.02518
10.5915
0.132165
1.15117
0.608739
4.20934
1.46888
2.85513
0.606599
10.4119
1.91519
3.55274
3.40526
8.64081
0.530277
5.0585
3.89011
7.31978
6.1085
0.945884
2.0795
4.0349
5.73251
2.70751
4.27166
0.0743104
1.73187
1.37725
5.72512
0.332063
9.21766
1.87812
4.24154
1.77405
4.1593
2.32568
0.58033
5.86197
0.810096
1.30675
11.5408
2.23882
7.78489
5.56781
13.0629
2.68721
0.930476
0.899734
2.35959
2.57445
5.63563
0.903136
7.74094
1.0564
12.3488
0.428513
2.15229
7.84217
8.38059
7.93738
3.04167
0.993712
0.44016
1.52282
2.2621
3.55434
1.66678
2.47351
0.327618
4.88524
3.35059
0.68638
0.526948
2.47626
1.50812
