5800
1.96656
0.245927
7.81324
2.44189
1.42576
11.8825
4.76909
2.49029
12.7455
0.515832
1.40491
4.5052
4.70026
1.14255
0.827394
3.20296
11.087
0.363222
1.6591
1.12755
2.96254
2.69775
2.05649
1.85423
12.3663
15.8777
0.547351
4.64644
4.125
13.2537
6.86228
9.75796
0.907435
0.925935
14.6421
8.78261
12.4725
0.545837
4.72153
4.51751
16.721
2.11539
2.87286
1.51058
6.83878
14.4584
3.6043
6.80518
12.6492
9.76739
1.45496
13.0478
12.9548
1.65662
8.92555
12.5253
10.0395
1.24152
5.86409
43.4599
5.92253
2.10694
2.87792
0.987629
4.09771
21.0305
4.41447
6.92639
3.01377
0.331913
9.38898
12.6934
1.54909
3.08667
13.37
5.81506
0.537334
0.712224
1.05696
17.8501
7.11567
12.5292
0.77912
5.77606
3.74969
1.2484
7.76829
2.45898
6.48665
2.69516
5.07072
5.70893
1.33924
2.44022
0.307227
0.623986
2.0105
3.26641
0.719144
12.8683
1.19761
4.33173
12.8669
7.70518
1.0351
0.389967
12.2117
0.506729
0.36653
1.67365
9.60364
12.5929
2.02772
5.96157
14.0169
4.6564
3.50711
0.852907
2.82323
1.40383
0.54684
1.322
5.62774
6.32567
8.78792
1.82785
1.48667
1.16269
19.3729
4.1053
10.2117
1.98372
3.27465
7.0203
1.1676
5.57895
11.1538
4.10291
3.07205
31.9785
1.57211
2.89289
4.38856
4.50923
15.1895
0.197784
3.67302
0.192751
2.64699
4.20101
2.5532
13.974
3.28723
3.00469
2.8333
0.792792
1.50054
1.77719
6.24727
15.6149
6.15558
7.33585
3.5817
3.51324
10.2125
7.13348
32.3406
2.39055
0.905458
1.65887
6.66229
1.34573
1.70416
13.1443
0.739388
5.64545
0.474869
1.51988
3.55363
3.71428
1.9553
9.11953
4.43181
0.798825
3.64786
1.69572
6.08866
1.5597
15.4298
7.98387
0.122482
1.29929
0.77527
12.0108
16.8052
11.5538
1.44275
2.3329
18.0163
4.99322
2.18981
1.26771
8.91536
4.58699
8.96089
9.36354
1.65255
14.0287
5.4345
12.3355
2.1045
3.70922
4.63851
1.18613
3.52857
0.267182
6.35255
13.2939
4.20999
18.027
19.6228
5.54725
6.08888
3.58962
10.017
5.72002
1.27578
4.55437
9.73252
3.01549
0.0521273
2.73014
0.546237
5.51472
2.291
3.60591
1.30346
8.33997
6.79432
0.868269
8.3719
5.18941
5.98787
0.735107
6.97054
0.130678
3.36949
6.88228
4.52733
28.4369
1.36017
2.8335
3.97796
0.00051648
3.98056
8.98002
5.39208
4.46462
1.93687
5.23626
14.5456
1.22236
7.76904
13.9825
6.10157
2.22052
0.143566
14.1993
25.3305
9.3542
11.2551
0.327282
0.76887
5.91754
0.51853
2.63241
7.03399
33.6131
12.248
10.918
5.58725
0.224032
9.72506
2.64914
3.5688
1.83603
4.30436
1.38024
2.18633
1.88084
8.77114
4.88875
1.01055
3.21927
0.133435
1.65527
10.7943
3.53237
0.196927
0.403619
10.0247
5.05688
11.9484
0.149223
13.2356
2.4615
3.62764
18.8029
0.0501421
6.48979
2.41436
7.65397
6.65246
1.08965
6.41216
2.70246
11.6393
9.27823
6.81728
7.29438
3.14759
0.205988
3.23634
2.69743
7.2072
0.271228
11.3594
0.515685
10.1548
9.19415
0.792745
0.67231
4.24169
1.93468
0.309553
3.93376
1.57425
0.68339
0.513836
14.7896
5.14094
0.0451532
2.3669
6.38241
8.22552
1.05884
3.86849
7.19201
2.32593
3.36197
3.98585
4.09012
0.729029
1.10722
9.43749
5.72172
0.218005
0.0108764
3.87973
3.00726
10.1266
4.92161
0.19507
11.6941
0.236045
1.81738
0.471305
7.21828
2.12149
6.20183
13.6788
4.72777
4.6927
3.27499
1.77127
0.11839
5.12469
4.92344
2.1623
3.08359
6.24834
23.9842
0.589096
1.49875
1.60248
2.1858
1.44425
7.0676
11.9897
1.49104
22.6819
3.04482
3.0925
10.0492
1.00103
1.52498
9.97071
6.79036
5.08658
8.67541
14.5426
3.91246
11.5538
1.5966
2.78872
4.94803
7.74126
8.56002
1.60619
3.76343
0.151169
2.88321
3.79348
3.17289
4.61673
8.41952
0.266122
7.64268
15.4702
13.848
1.76069
2.99947
2.67591
3.67105
0.0126329
4.85707
4.42488
8.50683
10.8501
3.956
12.4008
8.00621
2.34083
2.18738
2.55662
1.99187
1.24283
7.18972
3.06328
0.0657082
2.34116
17.5905
1.79542
3.77812
1.69745
2.85175
12.858
14.9717
0.984128
17.0582
3.31376
15.176
1.17387
3.56328
5.59958
6.21596
17.3307
1.09547
5.88151
2.35468
0.532262
7.20563
7.79416
16.3741
2.3452
8.60913
5.80566
0.491091
3.80638
10.7349
4.52464
3.15865
6.18372
11.769
8.18781
5.56108
0.216012
3.33789
2.31911
1.29331
1.7349
0.706722
0.348325
6.09134
17.3588
1.76159
2.403
0.0401305
12.6525
12.6231
1.60053
0.271159
6.38961
6.90898
0.605366
8.32141
13.0593
2.99977
12.7729
11.6813
0.519676
2.98399
5.27745
0.829528
8.905
0.504125
0.914532
7.46939
3.54794
4.58885
1.51284
7.88273
2.79122
0.272186
4.11549
2.6183
7.31569
17.0866
8.57682
2.55326
0.160116
5.80702
4.33922
1.06939
14.9415
4.18809
1.24018
4.16332
1.62533
3.61482
0.354498
3.8816
1.21358
0.811586
6.15775
13.3669
7.94886
2.34444
2.04497
10.7514
0.295716
3.30816
8.12952
1.59907
9.86165
4.18391
2.07856
0.282526
0.428972
1.3018
14.8729
2.09793
1.38785
6.57912
1.64343
0.109528
3.02774
0.612218
5.92472
5.07901
5.98294
0.14715
0.245808
3.04255
4.45385
9.91665
3.80903
10.2094
0.850889
2.3953
1.72837
0.517775
2.63758
1.42426
3.82494
6.89035
6.44024
1.58569
2.60305
4.35867
9.23912
7.52218
3.59111
0.913097
1.0873
0.228843
1.43516
0.958995
2.5145
3.72045
6.9061
4.88096
3.32621
1.84585
1.57089
6.9894
3.23022
1.44037
16.6492
5.02571
0.0332004
15.5914
0.248787
6.6632
0.265879
0.35538
12.8016
0.175531
0.160413
3.68138
12.6076
0.857296
2.59024
9.74815
11.1925
11.5171
6.24538
0.393256
8.9673
8.24536
0.395161
16.7102
4.74594
9.75565
13.3205
1.87519
15.7448
11.7111
4.86196
6.54703
1.69239
3.37286
0.931539
8.17412
16.1304
3.60804
4.19676
2.85013
0.0344179
3.35769
4.54528
8.95882
4.28767
0.981089
4.19416
7.66311
8.13993
6.33164
5.21761
19.0377
0.478367
4.8565
10.2827
3.39331
1.41702
0.347294
10.5157
11.018
2.50209
0.795617
2.63091
16.5314
0.240556
9.77339
3.38836
1.44504
4.08278
5.49627
5.83993
3.63468
11.8616
7.794
10.0877
11.6098
1.89491
1.43639
17.9789
7.34897
1.1744
7.41924
1.21503
4.39735
3.78385
13.5753
17.4096
5.40428
3.77978
8.08723
18.7233
15.6576
0.0517821
2.81221
4.84047
6.76127
2.67807
3.22803
5.0648
3.65879
0.714848
12.8362
0.232099
1.95517
4.27506
6.90667
0.435961
41.9477
11.0712
1.92914
4.64654
5.82299
4.09
17.7142
2.57737
15.4501
11.1456
0.348828
0.1277
44.4727
0.871349
3.40478
7.53833
1.56281
10.3425
7.25417
1.11695
0.453661
4.05797
21.0898
0.524408
15.7402
23.6487
0.521096
1.04798
1.70285
0.373144
1.5484
12.8115
1.26993
17.5785
5.10192
1.59958
16.4431
0.804488
8.25523
18.4405
5.97716
0.321694
9.69925
2.49897
1.68765
1.1963
3.4263
2.29026
0.0945853
11.5155
0.30672
7.16749
7.42463
4.38877
10.2582
2.53934
0.157942
4.03446
0.366471
0.555028
8.75379
3.70819
19.9271
8.5723
2.67094
2.90739
0.0938993
13.7668
3.96457
3.24163
0.852726
15.6447
3.91514
9.65901
2.73893
20.4972
3.33349
0.977442
5.15315
4.90092
2.30749
5.34913
1.52588
9.97367
1.47036
4.8802
3.86388
10.9331
1.76494
3.92378
4.6307
0.0735628
9.97855
8.29378
8.79863
0.507706
6.2025
4.95271
4.18162
0.44816
8.1439
3.85715
10.4277
15.0629
28.8418
5.66495
2.94222
22.6968
1.81203
7.66173
6.8142
19.5804
3.29204
2.10604
4.97569
9.57578
3.26664
3.97839
5.78045
1.14547
0.390709
12.7314
4.14545
18.1703
2.04017
0.340441
0.752926
0.715441
3.06712
4.91551
3.60672
3.65405
9.7684
8.36241
0.602897
2.19253
5.16399
3.7352
1.10922
5.20806
7.06661
0.136299
2.55232
1.94238
0.200895
1.14323
8.13531
2.70331
3.0109
0.592623
3.54955
0.413289
16.2706
2.37678
6.61324
17.6044
1.29955
7.51058
1.79407
5.47192
1.52543
9.88444
4.63404
2.68143
4.7912
3.44198
3.57103
8.25381
20.637
0.759363
3.90132
3.02594
47.2804
0.983332
0.00816442
5.95596
0.530119
0.273594
2.97454
1.33235
3.70578
1.92608
1.14385
1.47208
3.26713
2.14106
16.1192
3.52687
2.60968
9.3411
1.94271
7.32388
6.35186
1.52322
13.2068
9.23897
5.86074
3.62554
7.02964
1.67254
2.93843
2.57101
0.569189
0.147895
0.910743
2.44615
2.18492
3.77445
7.14138
6.69622
2.01778
2.24194
1.93068
8.09052
2.28696
4.91589
16.2692
0.568342
9.32338
0.044122
2.67833
12.9718
4.31271
7.42856
7.00955
12.9096
1.01306
4.42507
0.196878
15.5037
5.58155
7.75904
2.19526
0.0878324
5.30763
1.68422
8.07301
7.6197
0.424633
4.24133
8.83605
9.1952
7.98022
2.50524
0.352115
27.0256
10.3619
0.929977
13.4194
11.7175
0.111974
2.61174
5.28313
8.28164
2.53817
10.8121
3.747
0.743221
2.93319
1.28781
3.99343
4.50862
0.702554
2.60609
1.05186
5.64846
2.72356
1.00593
1.10301
7.54868
3.00955
8.46184
6.19999
0.467007
1.47045
8.64612
11.0393
4.72732
20.6114
42.3723
7.16499
5.54102
7.28297
0.0655039
7.9632
11.9672
16.6443
8.77182
0.0129519
3.90076
4.99575
3.08576
2.50332
3.37364
3.07817
3.22969
2.30214
1.21194
1.75576
10.8325
5.40937
1.95544
0.478904
44.9792
9.24573
5.58502
4.95542
10.8992
1.90404
1.9486
14.8658
7.20882
2.97567
1.12917
1.75392
13.9001
0.434155
0.896467
16.5795
0.425038
5.46984
12.3922
9.47682
16.7797
8.61501
3.93855
1.89749
5.41451
0.931142
8.68788
0.0536807
10.4865
53.42
10.0144
2.06713
12.6873
1.57531
3.63038
1.32724
6.8148
4.04795
4.40794
10.9946
1.08304
9.25327
0.318783
10.217
14.4359
0.368157
6.52589
3.03652
1.13498
0.673088
4.32841
2.35092
10.5318
3.43245
1.2268
1.04668
0.611163
12.7151
1.78412
3.09137
13.0373
6.44135
2.06497
3.97125
1.32481
0.562951
5.77067
7.16057
12.8766
9.31674
0.967496
1.41751
1.04145
3.36422
0.952597
5.75483
7.21289
9.56351
5.38131
1.37179
0.0170776
3.09877
3.70623
20.4791
13.4772
2.35161
1.01693
15.7265
2.60922
17.1006
13.3723
2.02986
0.158085
13.6093
2.85606
4.26859
7.37025
4.23116
5.0989
5.56157
5.04284
10.5726
5.84388
6.04517
18.3526
21.27
5.8454
1.74863
5.03859
6.52423
10.6536
1.7483
12.2601
0.612767
0.422011
3.53663
7.77185
0.257406
5.17546
0.641464
7.06886
17.585
4.0568
1.91552
1.46792
0.504077
0.11641
19.5681
1.3811
1.90183
6.55584
4.02264
19.2269
2.27023
10.4861
9.56123
2.35119
2.444
1.51598
7.92847
2.02665
3.568
0.127075
1.49771
15.5879
2.53648
6.40081
3.69888
7.39232
3.32407
8.58376
15.8165
4.68387
0.208361
0.386592
7.62935
5.04045
16.7241
9.44987
6.33734
0.816832
11.5564
1.84813
0.189451
0.711598
4.77901
21.4254
25.6216
1.58288
1.0954
3.72593
0.363826
13.0087
12.9948
5.55546
9.19367
10.6565
5.59307
3.69944
5.07722
3.76358
1.73955
0.686519
0.888153
1.95044
7.66804
4.85027
0.0547256
10.48
13.837
2.23421
0.363659
3.35084
3.14073
3.77553
2.3667
1.95664
4.6394
2.45075
0.405484
11.5561
0.934753
6.68802
9.14997
9.08838
7.93669
2.59453
8.52036
12.385
2.43752
14.4478
14.644
1.45419
0.870756
19.5127
6.74978
26.4241
3.34665
5.28323
11.9675
0.464914
5.74909
4.52384
2.60386
0.217004
1.33879
2.03551
4.76403
13.8448
2.90396
30.3
3.96197
5.73526
6.06109
1.38463
2.34705
2.50816
4.68151
25.1717
12.5558
28.2044
0.650952
2.08274
4.19227
0.4142
2.93707
26.3445
36.2
1.85692
4.69666
4.56462
2.45862
0.0107741
1.23463
4.18375
0.462423
19.4983
1.61764
5.48305
8.41051
15.1441
3.04731
6.82864
12.0269
9.63641
19.4563
0.032732
5.06246
5.93252
7.43125
11.7055
3.19319
4.40184
4.95147
23.1775
21.1406
16.8577
1.43078
1.70284
0.220314
3.41409
7.15474
21.3653
5.75616
0.838677
7.93247
1.69221
0.360807
6.54584
0.84278
0.177939
9.21455
1.41141
2.29063
7.84764
1.14746
9.9325
8.77054
1.20686
2.28005
0.393546
4.93712
1.71238
5.97245
1.18135
1.00346
0.875471
7.36832
17.675
21.3773
4.10674
12.5562
0.799846
0.272851
2.47847
5.07952
1.73791
5.00749
8.69737
0.947853
18.4363
0.888241
4.08487
5.35748
11.17
2.69224
1.73892
8.17917
4.12124
4.67848
0.38557
18.9622
9.46197
4.40626
4.85999
1.29272
12.4879
1.99836
4.2218
4.09463
5.04824
2.91093
1.55093
3.93465
4.62126
6.74693
2.98461
6.54419
5.17732
2.17207
12.4785
0.617933
4.40825
1.77465
1.52256
3.24588
1.14539
13.1219
2.80996
4.57472
6.04443
1.33087
0.387348
8.83268
6.36984
5.70306
10.5441
1.52061
0.536605
1.21359
0.885622
27.2377
4.60696
24.0037
0.00891395
9.65127
0.802431
4.89629
4.80563
7.72662
5.24799
6.51945
2.44599
0.0776023
2.72591
3.14807
11.0236
8.51834
4.45576
2.9005
14.3732
13.9336
12.6357
2.88313
2.49251
0.499992
1.02478
0.0897837
1.06777
0.111513
0.298999
3.71581
5.5416
2.57901
19.851
5.58877
7.5103
0.237191
3.54259
0.791632
2.03176
13.1403
14.9217
0.935379
1.50748
8.67785
4.03951
2.4898
21.3892
2.63645
0.85327
2.02743
0.376579
4.80059
2.55912
18.7324
21.7464
3.94765
5.97689
8.56408
15.324
0.676046
0.981674
16.7649
2.94966
18.1804
4.99284
10.9401
2.33858
17.9139
1.14598
2.07778
3.65707
3.56062
3.40336
3.27502
2.15782
3.51595
0.682417
5.00948
1.35498
3.95828
1.44336
6.84609
3.21734
9.74305
0.604757
1.09028
1.15156
4.72297
2.82508
4.10042
11.2697
0.850653
7.9546
4.70345
2.05534
16.4712
13.9015
3.35663
9.8498
1.54311
0.911323
8.74834
22.5974
3.65549
0.171651
0.715213
10.157
12.3469
1.73804
11.3669
0.887155
9.43302
0.464689
0.159209
0.451551
10.8526
5.22069
5.34602
6.061
0.685409
1.94216
4.97725
7.36406
3.86238
5.6962
2.95303
10.0928
3.50803
5.09274
1.24468
0.252693
4.28338
1.48032
16.2835
5.32532
7.91736
0.515842
1.59521
2.30484
3.46474
10.2528
6.99259
1.25971
0.844981
4.57736
0.816003
8.7185
9.22556
7.44029
0.830085
1.17618
16.0097
4.96008
5.32335
3.68447
5.69516
1.79807
0.584006
13.203
6.29513
20.4328
18.9862
3.45143
4.9481
10.1258
0.921231
2.02772
6.13151
4.51225
17.4883
11.9197
2.86221
3.07517
2.18478
1.23222
12.0643
3.11611
12.6327
3.05868
0.905705
11.4573
8.06391
1.0725
3.20424
26.5222
2.94663
6.31131
8.87247
7.4315
0.402216
0.176748
3.43979
18.2749
2.86334
3.06474
4.15968
0.626243
1.03839
0.167869
3.69849
0.756677
6.27032
5.85518
5.28919
9.87976
0.480283
6.60304
3.96999
2.52386
0.233669
6.21729
1.81291
5.38435
6.79468
3.65398
6.88452
4.30292
1.4966
3.30134
4.89413
11.9797
4.86217
15.7687
3.48533
5.16053
2.60449
1.29063
0.227002
0.546432
0.791595
1.30944
5.28721
4.10597
8.87937
0.319517
10.6745
12.4458
0.371415
4.43468
0.00859542
12.75
4.04758
37.9604
10.6685
0.819429
2.95819
9.19494
5.21037
3.23118
9.6002
23.0558
3.1333
17.678
2.90104
11.3335
3.80097
6.98933
2.62287
0.817737
0.882317
8.50434
1.15735
2.10071
10.1893
0.600468
20.5858
11.8982
3.22173
0.654376
1.04832
0.347284
9.61127
0.613941
0.813549
5.27141
0.543974
5.98634
4.47452
4.87475
6.56704
20.5198
2.45457
2.11484
2.05677
10.6634
9.12406
1.69853
7.40016
8.8529
3.18394
0.410807
1.58627
6.12121
1.03526
3.42695
2.71563
9.22086
17.006
3.12769
3.62304
9.87008
20.3674
2.40386
6.10121
17.6859
3.71322
6.19282
16.6617
5.86495
13.3718
1.0485
4.01567
11.2377
9.23888
5.09839
33.4672
4.99332
3.26591
2.03851
6.58606
7.05996
2.26349
5.65183
0.363318
4.15297
5.48786
1.15461
9.06895
21.5131
1.74276
28.8332
3.49068
0.534196
10.0882
0.522439
7.39231
3.22199
4.44768
4.20143
16.37
5.70414
0.0916743
4.78242
2.1747
0.767567
2.33765
1.04945
9.27203
0.352506
0.328937
6.16747
5.74967
1.01989
0.802046
5.30461
7.9855
1.34914
0.557679
8.26944
11.639
6.02535
6.5076
1.09457
3.77501
4.70373
6.06902
1.92918
5.70559
5.05566
3.0066
6.85401
3.72628
5.15277
0.726016
3.71054
4.86378
16.8477
5.89145
8.73264
13.1676
0.780258
4.17552
3.72901
7.94672
8.14768
1.11178
7.39777
10.8023
0.208724
0.474144
2.01607
10.2302
3.90258
1.73294
12.9457
3.15963
2.00134
5.80425
5.06621
1.14133
1.47196
1.07535
1.97717
16.5266
1.65271
1.84738
3.66699
8.2585
1.60132
8.5008
9.78003
0.0612985
6.84476
1.5808
5.07915
9.83357
5.54455
6.1272
1.29539
0.570383
1.01285
0.154822
7.01493
4.62016
1.64732
4.05634
5.75064
1.34264
0.995128
10.0968
3.79656
0.349679
2.46321
6.92996
4.5198
24.0765
2.43866
0.474034
0.00515134
14.7018
5.08541
2.65587
9.32627
6.78491
6.64582
0.330473
11.3638
11.4135
0.584976
3.34917
6.83085
10.6826
5.64894
13.1521
3.66249
10.075
2.46003
6.4103
5.12727
6.10145
1.2898
0.756969
2.9941
0.607316
11.1105
0.750356
4.97948
3.59386
3.26242
4.41704
1.09697
1.54556
4.98363
4.73987
0.289092
1.18822
2.83214
0.373237
3.8477
7.59742
6.59167
15.337
9.10754
2.18736
2.15127
2.75159
10.2774
10.1065
2.76988
8.42878
2.25876
2.48986
0.572678
1.19766
6.0784
10.0157
24.4805
0.950289
17.6619
1.09218
8.13634
0.658599
0.567891
5.52134
7.87281
24.9249
2.59423
1.39731
1.68344
0.31947
7.23301
5.1098
7.19932
3.51151
0.630476
1.085
4.16426
4.92749
2.25257
1.24213
0.46403
1.78345
0.00668929
2.70549
2.7803
3.76325
8.32223
3.61317
3.91701
4.94239
8.49113
2.39146
12.7271
0.804097
8.59874
9.4068
0.648428
8.31076
4.52872
10.4749
3.90186
1.2614
0.365415
1.42079
5.3714
10.6854
15.0238
4.25397
2.92034
7.32795
29.2944
2.58846
4.07412
1.14232
4.97639
6.4159
17.9863
6.65815
2.97336
1.04685
4.21976
5.97793
10.9685
9.00725
2.40623
1.21194
1.84254
1.75815
19.4692
2.18319
0.110785
22.7923
8.12132
2.83432
17.1494
1.95973
17.3467
4.10328
15.975
1.16201
2.53923
9.83658
1.38479
7.01849
5.62518
11.2412
1.73062
15.1017
2.55075
2.53352
0.813192
6.95872
7.14682
1.96436
4.13891
6.53761
3.14067
2.75444
20.0201
2.78449
25.07
0.0378278
1.73921
2.72881
6.4701
6.43115
4.67088
1.4909
6.47017
7.75111
1.8958
0.458084
2.49003
3.08859
1.06393
8.419
6.74036
3.52396
8.4573
5.27288
9.30783
20.1417
3.26655
2.51114
0.986645
0.622909
3.89121
3.37445
7.58703
4.6182
6.70735
3.4641
9.48844
4.10281
1.75611
5.32043
0.50791
1.27648
1.13496
0.380241
4.08118
2.12438
3.69017
2.79236
0.503309
22.1998
1.50914
3.72527
0.323521
9.91095
3.94082
5.65507
5.32424
4.01798
1.37209
6.61467
1.84556
5.67381
0.34002
20.7417
6.77079
19.6884
0.191844
10.1027
3.87257
8.57753
9.98237
7.80243
1.21932
5.31874
0.821672
0.241994
9.67107
21.6946
16.9315
10.1719
2.86919
7.84178
8.96509
2.9095
7.26045
2.77461
1.70197
0.989518
0.765439
15.3576
0.146679
7.1943
1.65967
3.25471
8.92231
11.8995
12.4837
11.3248
13.2021
3.10005
5.9928
1.33898
7.71338
3.5662
1.23495
1.80939
0.855474
9.47968
4.75574
2.34953
0.874306
9.83253
0.363475
16.1744
2.40007
2.82721
1.99276
0.056075
7.15575
10.2553
15.0265
0.765927
1.05772
8.78283
0.142538
0.0448923
5.10139
5.4882
4.84388
20.9108
1.33629
4.47915
8.33862
8.29907
3.4325
1.88611
9.7251
2.83233
3.04654
2.71987
3.87855
6.15807
1.40671
5.94509
9.42881
6.59589
10.897
2.21285
12.03
18.2623
10.207
19.5434
8.25483
6.59195
1.22982
1.71211
0.283014
3.16054
9.8838
1.37505
3.39622
14.4222
8.31151
0.340616
5.32328
2.83991
12.1988
4.48483
2.58156
7.06458
1.95627
8.78362
4.36207
3.30437
4.60047
3.84829
5.60798
14.7773
9.56828
1.74057
2.08709
2.11703
7.0619
25.6737
0.302915
1.651
4.37698
8.9017
0.147395
7.65813
13.5505
0.128059
0.0988442
46.1279
0.553811
4.96749
7.27905
8.63737
0.857615
0.993633
1.10609
0.625094
1.12071
0.355707
8.80807
0.488909
6.44413
17.7139
2.1116
8.39769
1.30565
10.8626
0.197228
13.9756
10.5151
4.52724
11.7321
6.1753
3.56492
1.2375
1.52785
1.45379
1.57329
35.042
0.248971
1.24689
1.31184
0.940953
20.1278
1.11273
23.7458
9.75176
9.35827
1.34949
13.3698
5.11857
1.51165
0.512177
4.27524
16.3484
12.9587
3.61488
0.990319
0.480457
0.896524
0.510318
5.16066
4.1475
11.5218
4.81685
14.3852
9.65314
0.981186
8.06395
1.30386
7.00046
0.108742
1.09697
1.63386
0.74742
0.602161
2.88756
0.928894
1.49312
5.94675
4.32774
3.05572
0.546053
0.797851
0.0514088
2.16833
3.38416
3.44123
1.71972
3.51889
8.40744
10.5546
1.16684
9.65619
10.3068
1.92973
8.39784
2.09352
2.17723
1.06117
0.601794
3.3082
9.78648
3.70258
2.81177
8.8347
16.583
6.11394
9.91552
12.6223
23.6428
9.27372
0.288647
18.1356
13.5229
1.81655
2.20522
8.43867
0.0857868
8.28085
9.4426
4.38929
4.37121
13.9976
4.84711
0.243849
19.9708
10.2859
0.15281
0.134098
0.772281
2.0051
2.43931
2.23524
0.470561
7.49342
5.65273
0.274063
6.93093
2.85844
7.72268
5.01797
4.82225
7.841
1.34737
0.124575
0.874114
2.39196
10.6427
1.50913
3.68015
33.5283
0.781912
7.01768
14.6501
6.0411
9.37492
9.53209
0.295761
4.74553
1.9493
2.61885
7.28482
4.48448
13.3022
16.3114
3.69739
3.42079
3.78042
7.57174
4.75363
5.82853
2.84373
6.13774
9.42968
1.10634
6.88126
5.90257
3.23206
1.78713
10.0384
5.81179
5.41157
9.19552
16.0555
15.5358
0.126645
0.0473445
5.83875
1.45724
0.089518
3.05978
0.193074
1.85277
10.0835
7.46038
1.66749
3.22061
1.60166
4.35648
9.23098
15.1264
5.73082
11.6441
6.15358
7.40091
2.80365
1.98643
39.1567
2.44223
11.995
1.19521
12.5553
10.8724
2.95024
17.7357
1.93565
0.446109
1.69274
1.34355
1.68779
3.92905
2.16975
1.82627
12.8195
8.06312
5.27585
1.84203
1.13571
10.9415
15.7608
16.8971
3.26392
0.0444969
3.44501
2.09132
11.7659
4.85876
6.23923
25.2878
1.49212
2.92813
2.57221
2.36207
2.45109
7.11813
21.3441
0.491498
4.83495
7.94282
12.3465
0.626907
12.9398
4.88185
4.66525
15.3291
0.991295
3.62614
5.68731
7.83853
2.52006
13.8242
13.385
19.1892
2.4212
9.54569
6.26628
6.3377
3.80902
9.69311
0.0590937
2.67831
11.3838
0.258771
2.7251
19.3537
4.32588
11.1888
1.97749
5.22752
5.85686
2.70972
0.372081
2.44635
6.8873
21.1734
3.16396
4.89861
3.57372
21.6551
1.40266
3.23251
0.134517
2.16477
2.41142
0.69164
2.22889
4.83658
9.0817
7.05083
3.8617
5.32545
12.9796
13.8676
3.73463
2.10597
3.24964
2.9333
3.03152
5.14658
7.58111
13.7595
4.25953
0.810392
6.00473
3.89547
7.90361
13.2472
8.3155
9.85756
2.47831
1.84271
5.40902
12.6862
12.548
2.95732
2.02448
0.215504
0.11218
17.0378
2.18335
2.43836
4.15732
8.55433
3.70508
1.47113
2.05652
2.3882
5.67922
16.4662
0.304109
4.38072
11.959
14.9042
1.79657
14.0072
0.254551
6.519
14.3488
17.3922
0.583472
3.98722
4.01586
0.83112
8.89706
0.791525
0.139766
1.06188
9.88479
7.67328
5.55021
17.4907
1.3428
4.30287
1.02753
6.93129
7.21336
1.27537
5.43134
1.97345
1.87085
10.2474
0.0709096
1.50142
1.43073
0.893531
6.10099
7.70244
0.387447
0.298891
1.12657
0.256017
7.81556
0.545878
6.36301
0.113487
6.26897
2.1484
5.68348
5.11183
0.963249
9.20804
2.63278
2.9178
1.86558
8.05054
4.16478
2.18413
13.1562
6.69919
0.0225803
2.11122
0.0283355
13.9197
1.55712
1.4849
1.44022
5.54289
9.45032
14.7027
8.90768
8.24296
2.8468
0.679873
0.129735
8.45059
0.426745
1.35064
4.26922
5.21487
7.78708
5.10091
0.141846
0.305861
2.47365
3.58059
7.17996
1.38204
3.11848
12.7711
2.12683
2.93315
0.826839
0.178489
2.42164
5.9371
3.87452
6.54291
2.86412
8.91274
14.3081
35.5484
2.79876
4.57016
6.0208
0.0216171
4.31313
2.16736
3.96543
6.71448
16.7077
0.955181
22.8528
1.13868
15.2635
4.89761
1.3562
2.02368
2.8685
4.24819
2.45463
3.19803
5.6697
4.90849
7.99419
4.80703
4.11237
13.908
0.884947
2.17617
0.341007
6.41872
6.28018
2.22251
19.5955
14.8042
13.063
4.14819
10.289
4.36201
2.56508
0.342193
13.7795
14.9118
17.4774
2.19374
39.2861
8.71655
4.49534
3.07657
6.91826
1.79058
1.16685
10.085
3.68744
1.2293
0.111939
1.75376
5.02671
1.47891
8.84725
11.5036
1.99336
1.63716
2.39754
4.4447
4.1425
8.42166
3.93378
1.88059
1.64545
3.19001
1.42418
1.9415
1.38364
0.456257
3.55633
7.2226
14.1604
1.40885
4.09094
2.04981
6.62236
2.89818
10.4034
1.65064
8.02651
0.606826
4.94344
0.353373
3.15877
10.9915
10.006
19.9297
0.0704349
11.7951
6.16845
5.50099
15.8596
6.90102
0.523473
3.55556
4.03678
3.07753
2.40232
7.11204
9.46341
2.51198
7.64341
4.00346
0.818302
4.79437
3.77558
3.15007
1.38896
1.42736
3.96413
9.08082
1.09151
0.77951
5.58483
2.59886
8.91169
1.72126
8.67762
2.5153
22.3601
1.29653
7.36351
0.221178
11.1637
7.44567
3.46735
23.3457
9.56514
4.1815
13.542
5.74128
0.811239
8.78233
7.13431
6.95976
5.55978
5.17009
7.58854
7.60729
2.88776
3.98362
1.75267
1.57145
16.1414
3.40046
8.22108
0.286503
0.272216
5.18001
4.11965
1.95067
1.31267
0.441079
7.99449
8.87213
4.12503
17.6459
18.9846
1.81599
0.767793
13.6725
10.3835
5.6595
3.40907
5.79022
5.48203
5.65682
4.18591
0.750174
0.682729
2.79023
1.84346
1.322
5.5937
1.12087
3.28793
4.69654
2.84267
8.73678
4.72035
0.181653
1.5053
13.4835
0.829879
6.39965
2.56331
8.3939
5.57055
4.53573
0.831924
9.3926
19.2748
2.43365
4.59614
9.63842
0.41326
11.3673
2.16553
11.3206
0.986664
0.931961
9.22784
0.425922
27.4545
1.13602
5.13391
5.31988
3.41099
7.32473
2.56524
2.54586
1.35503
5.25941
0.325933
3.23483
11.8277
0.00735981
2.18097
5.64732
0.798682
0.657774
18.7574
10.2712
9.43945
7.87464
2.53413
1.85509
6.75729
8.67677
9.35382
5.93967
1.02417
4.39899
7.14215
2.40682
2.26793
2.31512
3.54153
3.49319
0.476614
12.7326
13.844
1.16668
3.1955
2.8994
21.7601
3.2158
1.60869
19.2981
8.676
2.09598
1.92873
6.75627
11.2834
9.86307
1.78091
5.18869
9.26253
3.91783
8.89388
0.86374
3.56112
1.5112
0.547098
12.4557
3.12372
8.32619
1.28105
9.16885
0.440102
0.773037
1.37189
1.50289
4.23726
0.643492
19.7273
9.44059
2.84089
5.64823
0.791905
24.3998
6.80677
2.1405
9.69557
2.50004
1.82471
5.35511
0.736315
8.81607
0.985992
4.07683
0.43054
3.15452
7.21176
11.4625
10.7932
17.2262
8.80542
2.92578
1.60034
5.58148
6.15076
12.6826
7.06094
1.03452
6.1068
5.36861
6.05798
0.207572
11.3094
4.6013
4.90001
1.30121
4.72315
5.59277
0.936541
0.57824
8.84813
3.11002
4.87725
9.46809
0.00201163
10.2169
12.0818
7.53824
1.05799
3.30143
7.31047
6.17661
8.42423
1.59526
3.49577
1.02567
1.1377
5.08138
4.07841
2.45411
3.3317
1.5524
8.33287
9.36267
7.94519
5.77167
8.55364
0.0945469
8.11661
0.127203
5.19083
2.36184
14.0987
4.77559
5.66992
9.92195
1.73211
0.740457
2.48707
9.90191
7.94517
5.53798
2.27778
5.7766
0.326283
2.84526
2.70417
21.1354
4.71906
2.65622
3.46928
0.347922
4.65173
2.82098
1.3648
32.226
0.408956
1.6148
2.72514
0.221319
1.646
5.76596
6.25767
1.1596
6.07377
0.684582
0.973308
3.59977
5.94097
4.18973
3.99179
0.96369
12.2728
4.7525
1.28568
4.84693
9.82498
0.272259
7.19709
5.12352
1.02081
2.60495
0.247841
0.333676
5.67217
1.78831
2.42367
4.23846
8.73585
18.1893
6.75315
0.197996
0.365808
1.96937
10.6941
13.0182
9.46375
4.568
9.14426
2.71465
0.0465772
3.25034
4.73661
12.2719
1.41343
13.2155
2.82097
1.15758
11.3147
7.5884
5.62852
4.26721
9.34485
3.49072
1.01022
5.37768
0.323239
0.272832
2.02741
0.109905
3.78211
1.87614
15.0692
2.64174
12.1848
5.22532
0.283867
8.59608
0.299011
4.07856
4.6651
7.81037
1.13132
2.71989
4.2265
0.459665
5.07104
0.0906753
7.21833
2.51381
1.16023
0.93908
2.51851
0.0372994
7.76518
22.9282
2.95283
3.66
25.1082
3.71244
3.67219
8.41415
2.94855
0.0798847
13.3398
13.0382
16.3541
12.3438
1.21354
0.234672
3.44749
1.8858
0.93433
5.96979
3.25319
1.8972
43.2945
2.67099
3.92525
7.25666
1.57617
2.57507
5.96448
15.446
0.0843956
8.98307
3.85443
8.79479
5.92064
2.29093
2.24855
1.9707
5.2494
2.35089
8.8192
0.843331
3.09022
16.7724
5.44898
2.07524
2.22994
5.92899
0.229133
0.168665
7.20397
2.44034
1.91072
1.38968
11.4334
0.741188
1.39405
10.1635
1.16856
13.1502
13.1846
1.26663
1.81941
2.79356
1.5453
0.0543938
12.4591
4.96719
2.51223
1.38092
11.884
0.705423
7.49312
2.85961
9.33718
0.0756144
6.79797
3.16237
13.4916
3.07846
14.8114
4.16942
11.8752
9.53955
1.48011
3.66006
0.492008
14.8767
1.00398
3.20551
0.583345
1.04458
0.0613584
11.6018
0.766346
1.53376
2.58738
4.15832
1.19093
8.53367
8.07519
2.08754
1.51038
1.60922
0.786595
4.70792
0.311988
1.15879
7.38107
2.14906
17.8308
0.75586
5.06566
4.1717
0.570839
2.57132
6.50173
5.76414
7.05547
3.67724
4.26094
0.545445
4.31476
4.61016
1.1546
8.63387
11.0324
5.00454
1.05415
1.04779
8.70454
8.87184
2.3407
0.40055
4.33277
2.21294
0.30763
1.35807
4.99999
5.33823
6.36675
5.88317
0.489518
2.01511
11.6701
8.20654
10.0971
5.73246
5.68958
1.41966
0.246912
3.72972
10.3529
9.48033
15.1281
23.6539
2.40086
14.1983
7.59614
6.60373
0.820089
0.356593
1.26623
2.29585
14.4473
9.24969
17.0318
2.77486
6.97707
7.16558
0.684441
9.07681
7.87851
1.59254
3.6156
1.76807
1.18737
2.72414
1.44119
9.4813
3.71792
10.7646
0.229979
2.81722
4.07437
4.60133
5.4559
0.781409
3.2498
6.3682
0.250924
5.508
9.49158
1.89988
5.29636
1.003
0.178275
7.81654
10.2296
1.12043
2.80794
16.308
11.9653
1.8816
2.60957
5.1426
22.6355
6.99822
0.445487
5.07991
7.47251
17.0022
10.1036
16.9571
10.3137
6.50405
10.1246
5.00236
3.99522
0.912897
6.53799
8.5953
4.49222
1.63698
16.9934
3.62962
0.10456
1.85754
10.8283
7.10172
0.101823
3.83426
6.21016
1.2278
4.14556
0.654141
4.74856
1.06663
1.96178
1.16143
26.2397
7.68196
2.13441
5.31177
0.289111
1.56418
11.1695
1.20431
2.10915
10.3213
2.57382
2.22379
3.95187
10.5173
5.21779
1.1533
6.91722
2.52079
1.85622
0.512125
2.80665
5.91113
2.90477
3.20389
2.92945
6.52797
2.57231
4.31176
3.20427
0.153406
7.11463
0.034543
9.32811
8.12963
2.25401
0.133193
4.79643
0.495939
2.82009
5.50051
2.9155
1.63797
0.592406
12.9323
1.48495
2.25985
3.9721
3.3161
8.01429
1.40511
0.0375176
2.64272
6.56414
1.74411
12.9597
8.13937
1.75587
0.494942
7.64407
0.0634032
7.52443
1.61061
1.11395
13.0827
4.02323
9.50468
6.22934
1.38979
0.631778
4.69945
0.830085
1.17702
13.9528
13.8941
3.79682
3.59224
13.9531
20.7861
1.89533
0.52658
6.65632
7.44604
8.11926
14.1599
0.56295
5.7264
0.562089
2.60913
8.47467
2.00198
17.8085
0.835864
6.8134
1.63896
1.82863
12.4894
8.75586
9.19511
6.89712
6.08612
6.29875
4.21015
1.17922
0.647415
0.850767
0.182042
2.25255
0.961348
0.804816
5.1414
4.5938
7.71564
1.19094
9.25096
6.79214
1.17393
5.34596
4.98842
3.30655
0.736016
0.103276
5.60789
10.1675
1.31035
7.42174
1.34457
4.99131
21.9931
18.7413
27.2909
17.1424
1.49678
10.4956
2.49113
3.74381
1.80183
0.640235
4.2083
5.14902
6.09699
6.53971
2.80872
2.32008
0.54872
1.00403
4.44679
2.3094
2.1876
9.04188
4.16858
6.62044
5.60213
3.77712
7.93364
0.679118
0.466655
1.94088
15.1326
16.6367
4.33424
2.32332
2.83778
0.592931
1.7762
4.50628
37.5544
0.542205
21.7131
1.40708
3.64837
0.235963
0.241499
3.32314
1.75212
0.41152
1.03964
0.331524
7.73351
11.3865
0.930673
5.5864
0.608678
3.0141
5.65195
1.21118
3.69423
5.34135
1.80914
5.57351
10.1873
0.753046
3.18924
15.2711
0.911551
2.45651
0.000944538
7.74249
7.22407
0.850068
1.92091
3.37108
1.87147
0.780672
4.76922
4.24193
5.73801
5.43879
8.04007
15.7485
5.17799
0.650419
14.6498
4.90065
29.8023
2.82659
1.2633
4.083
14.8959
3.16136
1.28492
9.11495
8.73185
2.83448
1.51414
6.04104
7.84328
14.0869
4.72088
7.22506
18.7759
16.9703
12.4446
6.0244
6.89961
10.8289
0.0608901
4.28104
21.3233
4.77314
4.12144
10.396
6.46161
5.42933
0.0302724
3.9476
4.99386
0.558901
21.7219
9.85827
7.44148
0.541546
1.56074
1.56661
1.45714
9.31968
11.4379
17.2792
5.61365
1.07617
1.8036
11.1377
6.88575
5.38773
4.86109
4.97785
3.59119
1.78882
3.32193
1.97752
6.07113
3.21565
26.3823
1.02517
20.0426
3.41886
2.66476
0.530203
1.81678
9.57736
2.16213
0.458437
2.043
10.0387
8.58905
3.20581
5.23581
2.80478
2.01724
1.47176
7.12958
6.80976
23.8826
2.48798
4.48538
0.582585
1.1081
13.4618
18.7315
11.7717
8.56063
6.02676
0.702749
11.5498
5.82141
10.4102
4.13493
0.0869054
17.8189
4.44193
8.55784
9.28819
4.21104
3.20455
4.05199
2.57062
2.68035
5.21109
1.89382
15.9851
0.235741
3.1984
1.53908
1.16814
12.7573
11.0869
0.21032
4.48658
7.10048
19.9009
2.2384
2.1975
3.4526
3.37469
0.682373
3.62383
0.258008
1.74688
10.0544
11.22
3.12027
15.1022
3.39022
1.58804
4.62425
5.13393
5.76326
8.3656
1.92116
19.3826
3.95748
0.340173
2.8655
1.50276
1.46631
3.42311
1.3093
1.90649
2.86767
0.301377
0.0937826
4.94825
0.0536449
7.66681
5.59314
4.59414
1.19381
5.03076
0.943962
2.78201
4.45425
2.59042
0.845616
0.845029
6.34688
2.94241
2.19263
9.25446
8.05876
3.47306
0.511382
3.08299
5.89263
0.0829687
7.21782
14.5949
9.26965
6.36373
7.42259
12.655
7.18142
3.32627
2.69187
5.12143
6.2822
2.0559
0.474825
0.698537
0.281733
12.4997
1.71635
1.24277
4.78413
3.81893
6.74209
0.100406
3.44994
1.25966
0.113606
39.3311
15.0888
4.96317
2.95629
3.93482
9.42432
0.713119
3.58333
29.1631
13.1149
1.69624
8.67258
0.471979
4.15256
0.162773
0.746478
6.95623
4.50646
1.60935
3.08107
2.6923
2.74996
13.1112
0.951044
9.62889
10.0804
0.603655
2.02786
16.1585
4.15475
0.76587
0.134001
11.0973
3.87413
0.617443
1.7282
7.06167
9.10882
0.493682
2.76557
0.0772009
1.49589
10.9705
5.95276
8.6022
0.49145
3.33606
2.41548
11.6696
4.51827
18.6891
25.7415
2.82156
1.55043
2.92084
5.42344
2.17231
2.73265
5.59257
15.2401
6.61032
1.60368
17.9488
8.78555
8.34827
2.87093
9.89984
6.18774
11.9923
1.25077
1.75709
6.84204
9.87138
6.20816
1.29564
6.31709
3.22567
6.08647
0.103877
2.33739
6.35351
9.99788
8.49925
8.72837
0.925001
5.47454
1.19639
6.01256
4.52149
1.58326
0.0720077
2.68817
10.9338
4.92221
8.89378
0.449186
4.0794
8.19952
12.3407
0.616717
2.64618
0.111741
6.95765
8.61088
8.86479
13.2593
2.33398
0.260626
4.18087
0.108049
1.31015
1.57718
5.21603
0.61692
13.0993
4.65735
6.71347
0.153596
1.60377
1.05868
0.688191
3.41682
0.625593
3.73216
4.56286
0.104401
10.015
5.17751
4.54895
5.94955
3.34107
4.2077
7.82542
4.06924
1.10585
4.27888
27.3368
0.920942
5.03781
7.51624
8.09475
2.58231
0.560256
4.50332
0.296738
1.6667
7.22711
6.51711
0.888076
0.574492
17.3609
4.93013
5.31691
0.0264757
4.57312
4.62196
5.41828
3.30802
4.30253
6.74957
9.30358
3.94286
5.43526
7.8637
1.25664
20.883
0.0301032
0.033977
1.07541
3.30222
0.119511
8.56253
13.4674
4.80126
1.32186
2.02943
0.878071
1.27599
0.244481
7.47329
4.86273
5.89873
3.01824
8.19519
10.226
2.87101
18.1964
5.14134
3.84413
3.02459
6.55688
3.74597
4.54907
9.16697
17.4811
10.7058
1.68969
5.26257
8.12369
0.483617
4.87432
0.901257
10.3012
4.64255
3.45953
4.1071
2.83393
1.7127
2.25774
2.47491
11.3125
9.74811
10.3796
7.82975
8.39589
20.9571
10.4001
5.98366
8.38307
1.53478
5.96656
0.522373
4.5686
5.10314
7.16945
2.73969
2.5534
1.93228
0.453084
18.0275
0.20841
1.28705
7.69544
6.61835
6.63009
4.50355
2.53547
8.81562
11.8005
6.95959
3.66399
0.825557
9.61188
3.34705
1.65268
1.22852
1.21304
11.434
2.81886
3.21436
10.8061
8.85339
7.62059
8.28385
12.8907
1.54798
18.9754
1.76119
3.70607
7.47872
13.7827
9.06101
0.980418
11.886
12.1504
2.47495
15.1082
7.90375
0.00358334
2.77682
1.47493
10.2724
2.88526
0.585184
24.0101
2.04724
3.62963
0.193469
2.76962
2.03537
1.81879
0.421276
3.75712
3.63228
0.89862
1.96626
3.31544
6.33384
7.67715
5.31188
1.1484
0.281751
15.5686
4.40458
2.03278
26.2112
10.5645
10.4492
1.5659
6.27887
0.203937
6.81114
1.48215
0.328394
1.06806
7.72552
8.11448
4.00914
2.85311
2.04097
6.87327
4.81394
1.57832
0.617503
3.08044
1.96126
0.656613
18.0444
1.3893
23.6915
1.16796
3.52776
8.3573
5.17761
6.25233
15.0496
0.821576
9.36844
0.432724
2.03936
3.05814
1.5305
0.664697
11.3531
4.2364
13.6004
16.3172
3.77701
4.8905
2.50056
1.66109
4.09309
2.65639
7.98039
3.66921
1.11505
4.51914
0.68274
3.05198
6.63545
3.88688
0.0847745
11.8132
4.0841
4.08461
1.52332
0.782804
18.9056
4.44833
2.91126
9.83169
5.56824
23.3179
2.61018
7.3911
3.41971
7.94988
0.476184
7.82656
2.65103
15.124
0.731192
7.01825
3.11521
2.55926
1.43492
5.54739
9.50105
5.5593
0.337001
7.37257
3.01167
3.19196
3.83339
2.46101
4.4432
3.82018
4.79738
1.95221
2.9251
0.40646
4.01713
20.2852
1.15227
1.65512
4.23003
0.0967464
0.131349
2.42333
11.2321
3.72317
11.1568
8.81367
5.79132
8.96448
0.118664
2.645
11.7157
2.56044
3.20114
9.60482
4.47767
8.98039
10.3592
10.7286
6.2762
3.0686
0.575218
11.1164
5.98177
9.70242
0.467133
4.80234
4.89804
7.82978
8.91263
10.6767
16.202
1.64213
1.15974
25.1781
0.766514
6.23441
1.46492
2.35456
11.3338
5.34065
3.5564
10.0274
26.9419
4.22705
10.9597
14.234
6.294
11.5503
11.5188
2.63296
7.45212
5.75315
13.5119
1.03466
26.9527
9.91799
1.17714
1.20485
5.02585
1.15147
2.33004
3.13303
3.91258
0.196557
0.189749
17.3692
8.72875
2.89177
4.73869
4.57399
6.89367
5.40475
0.065548
11.9742
4.30096
4.32131
4.83795
4.26654
11.8352
9.89454
11.6754
8.7939
0.472463
9.49321
1.26211
7.54293
12.0088
1.30304
9.35337
2.77764
6.77202
0.459511
1.08162
2.68215
11.6256
3.33198
7.00313
2.38186
3.51403
0.455729
0.248164
17.4851
3.12862
0.270566
0.172432
2.17321
1.07898
0.152212
2.37281
0.296457
3.74164
20.146
9.86621
14.7936
4.08478
3.69438
10.526
6.7646
2.77515
1.48779
7.0456
28.7728
1.51916
11.2167
0.195358
6.47778
18.6368
15.149
3.44146
5.66244
6.22171
6.13385
12.7952
27.4141
0.898144
0.652183
3.8978
1.27999
2.39794
2.09209
3.17255
22.6459
2.15997
8.27477
4.9548
0.537851
3.79843
12.4443
4.56143
0.77044
5.64216
3.83342
2.96129
1.28122
1.32343
14.4926
5.95584
19.6374
0.309045
0.59304
4.62229
0.228937
3.7996
6.02404
2.28096
10.8707
6.16387
0.145286
8.61736
0.194553
3.12468
2.75156
8.78004
1.63885
0.0986065
2.25944
6.56862
3.44801
0.627645
9.63559
4.14877
6.20628
2.40139
15.0372
3.32297
22.4837
7.1112
0.518422
0.480539
2.59771
6.07792
2.3207
1.94876
1.60915
22.5073
0.747357
16.0246
2.03001
2.23351
6.62035
4.49275
17.7577
1.902
0.172729
0.926176
4.1948
5.68867
1.45695
2.76882
11.3414
7.45887
0.239977
1.34567
0.655822
13.9517
5.35618
2.524
2.016
6.78612
8.6066
21.2972
5.96269
0.43456
1.54271
1.75535
23.214
14.1196
12.4142
2.26114
0.0720494
3.91076
2.50731
17.9245
5.06289
1.00855
4.56168
3.54562
13.1931
7.22111
6.42511
8.79036
10.0302
3.27055
16.4401
5.79392
4.77682
1.24429
0.733838
3.56694
2.50796
1.08996
3.1582
13.1879
1.10749
3.40035
4.9856
21.1171
1.02205
2.85758
1.29856
3.12457
1.30657
20.1331
6.25762
0.880103
1.71831
3.05872
1.49003
7.37541
7.3164
4.36626
1.02008
5.13106
1.22706
8.55123
3.09239
5.77305
1.6783
14.4017
9.61307
0.61136
2.96522
0.117057
9.3835
7.83199
3.39268
1.30124
5.8784
0.398948
1.23012
18.3708
1.26841
2.93274
3.07703
3.80189
0.540064
2.27371
6.09206
6.64735
3.61208
9.20768
0.927879
7.40239
5.08505
14.9181
2.44564
2.55769
2.08747
0.531023
3.31401
2.37856
0.667838
21.1378
7.71214
4.0982
6.52387
4.01312
1.01385
3.38716
1.94823
0.987047
0.510931
1.41528
0.681351
10.3678
0.0988253
16.9086
1.61179
8.43223
6.26852
11.7721
14.4504
4.4728
1.77184
1.45742
3.19224
17.2258
7.29614
11.8433
10.974
1.22396
3.99163
15.286
1.63579
2.32324
1.48348
0.141661
4.34637
20.6403
2.91529
11.9747
7.30306
4.83668
14.8741
4.78986
7.98234
13.3916
12.3804
8.76351
6.86885
5.96556
0.271009
1.69849
5.85506
3.65718
5.86298
10.179
16.0197
3.01484
13.0524
1.97212
4.2007
15.0305
28.45
3.92754
0.501948
2.60591
10.1561
3.30008
4.07966
0.788138
3.5717
9.66552
16.1914
2.66282
4.42404
5.96415
5.14775
0.797606
2.87617
0.366504
1.1502
2.17611
17.0405
7.42251
10.2129
11.5233
0.790914
3.79403
1.74135
18.3219
1.33562
0.0449616
8.89364
24.5291
1.37035
7.00975
0.398733
5.48232
17.8486
4.13997
1.16242
2.43136
1.10793
3.95322
9.77845
1.0487
22.4964
3.6242
5.68713
4.56282
19.3941
6.61872
0.178478
2.14516
0.955883
7.0807
0.502282
1.66181
0.493768
5.4439
4.53801
0.968995
12.915
10.4796
7.42159
0.534359
1.70737
9.99088
0.926855
1.22994
4.25694
4.32564
4.29948
3.77241
5.62905
0.633539
0.814301
3.9101
2.66988
3.58812
3.69141
1.92473
2.76181
1.58947
6.8244
0.537623
12.1735
5.04593
5.29154
4.57011
5.01299
3.89101
0.886382
12.4504
5.6577
3.82913
20.6932
7.82456
11.5003
20.4075
9.21138
2.42587
7.1612
3.19785
2.19525
23.8792
1.18862
2.23278
1.54286
5.26688
9.21798
1.63882
19.5183
1.67563
0.652603
4.96882
2.53958
3.65189
3.73587
1.25581
0.242395
15.2236
1.37439
15.6889
0.580223
23.0829
12.8039
8.28814
11.7901
8.28635
5.7348
0.981089
4.18491
7.19872
17.2971
1.73059
10.9765
1.94981
3.17695
2.58419
5.02891
13.8593
1.66896
5.85989
4.91226
3.23736
0.344675
6.75302
14.7132
1.15136
0.499253
1.27387
0.684611
1.51618
1.27017
4.01016
11.5768
2.06609
8.42683
0.00678176
5.93226
3.43617
0.990189
8.32007
20.7581
0.113364
2.16221
1.48996
4.73253
6.03677
2.64766
7.70691
3.94471
2.3546
15.8942
1.07916
3.57421
7.74349
3.75998
9.28315
4.86341
3.83281
3.86945
0.816903
0.253317
1.68459
4.61492
3.02528
12.0148
3.14134
4.13611
6.98605
4.15823
0.306731
7.78723
6.95776
11.9965
7.59164
0.995188
20.3928
4.38054
5.7535
1.93467
0.166491
5.18087
4.39898
6.87767
3.61579
4.90007
1.88832
3.38356
3.61107
1.45043
6.32685
15.6208
9.83642
0.807601
5.44527
0.59064
1.82642
1.43345
1.95201
21.6362
13.8664
0.872527
2.79646
3.27534
10.3769
3.41529
5.79383
3.6507
5.84588
8.40668
2.23146
5.61091
0.995664
0.819532
6.23393
7.99914
1.10706
3.11657
6.37155
1.92117
20.4427
9.49914
4.49105
6.44257
3.65517
4.47333
19.3558
7.92421
0.93532
0.503917
5.23819
1.11857
17.7051
0.683395
0.591126
4.53432
1.78486
36.5253
0.351245
5.55258
5.0719
0.294119
0.222168
5.53947
27.7079
3.97922
10.3247
0.138603
12.1414
0.940455
7.87489
4.55343
4.81887
3.72245
8.18202
4.36362
4.77973
12.6801
13.3215
4.66484
2.97761
4.44807
0.267358
0.976582
3.82617
4.49517
1.16989
0.191553
0.0553186
4.47902
5.13838
16.6805
7.23124
0.717517
7.53853
2.96482
2.39057
1.14277
6.04496
7.93621
0.0697264
10.6517
2.73024
1.81895
3.03452
8.16864
0.326859
19.3153
4.70212
4.98097
1.96547
9.42635
1.86448
3.39874
25.1689
8.71283
0.864499
2.53088
1.19057
14.404
2.71135
0.167302
12.099
15.8524
2.37909
0.80377
17.1874
23.0212
4.36716
2.80528
1.19242
2.03419
11.7855
0.0517847
2.88349
21.1126
10.1099
0.825003
3.12091
0.0126711
6.56761
4.07796
6.87747
1.89808
10.3342
6.62005
1.69741
2.03738
2.73446
12.9969
1.72692
17.2757
0.585473
7.8436
0.98961
2.47496
16.023
0.0180505
1.47652
2.966
2.75199
4.70417
1.43667
4.91598
0.325158
2.10374
15.5095
9.01232
3.46669
15.9737
16.2515
33.5501
2.24234
0.442845
3.90876
2.92548
7.61709
0.220278
2.44216
7.84232
1.2769
0.978697
6.24595
5.80422
4.53882
1.51397
1.74889
0.900881
13.1741
0.404556
2.54681
35.3336
0.00842251
2.85454
9.87236
1.09986
1.09998
3.50274
1.4009
3.16927
3.86984
7.48966
5.7805
1.4965
1.34069
6.28836
2.38229
1.82389
11.6651
9.47559
1.66495
13.5084
1.1811
4.77239
4.61185
2.80055
7.90379
0.198875
4.28389
14.9346
0.0151805
15.5753
11.2164
12.7345
4.47151
4.38369
14.2548
10.158
2.85159
5.18063
1.59893
4.16812
0.223656
8.35328
10.4666
4.21807
1.85279
11.5945
1.86397
2.70635
15.6705
4.32191
2.8378
0.762616
8.24053
6.67238
3.66915
0.440143
1.55056
6.71495
2.68846
2.76992
10.2554
19.2891
10.6138
11.3718
0.949036
11.7868
4.24801
0.626853
8.09684
11.3529
3.12857
19.2222
10.2315
0.772995
0.629623
17.725
10.3832
3.93615
8.32117
7.71616
5.07157
6.17606
1.41227
1.77729
11.7069
16.8401
3.1519
2.00449
0.631807
5.78439
2.88792
8.71033
4.29123
0.529455
1.98379
4.75196
4.05782
8.06108
0.783665
0.87094
3.20301
15.5959
15.4223
1.46724
4.45207
3.16643
7.51475
4.99036
9.43783
9.8952
1.40435
1.76811
1.84851
10.4213
10.8099
3.83217
4.29762
13.8951
7.77602
1.36924
1.0977
35.704
2.52033
3.15432
2.65459
3.5934
7.41437
1.74793
0.534123
5.76476
2.6992
15.2751
20.4247
1.82272
2.76884
12.3864
10.5489
4.02021
3.39521
1.95426
5.72154
10.7338
0.288763
1.87475
0.053387
28.7298
2.54133
8.04034
0.818715
5.35352
2.04735
6.57335
11.4302
10.7924
5.02533
4.47915
8.27551
0.549261
5.11088
0.0335483
15.7909
6.82855
9.04594
27.4854
18.8501
2.37585
12.945
1.25791
14.8501
1.30403
0.597976
3.53873
0.314254
2.9753
4.42784
8.62517
0.968089
6.43962
6.10259
2.50474
0.742861
3.79007
1.95159
0.675726
2.33505
0.751519
4.43987
0.0424171
3.64099
5.74998
4.00582
4.8243
2.26448
4.97525
1.7612
3.87845
4.15765
1.49802
5.67869
2.68733
2.19918
9.0527
0.644483
4.45976
8.33812
3.13169
1.49925
2.78289
0.674426
22.3122
1.69843
4.06807
4.0356
7.20122
0.274503
14.2623
6.46676
3.99765
6.64756
6.19604
0.940874
8.6307
8.71577
0.201373
4.20761
5.57361
16.4102
4.30913
9.0471
6.85775
9.18175
8.20097
13.3441
0.854903
2.76175
0.864036
1.2804
1.97699
4.87819
21.324
5.45636
6.03546
0.19239
2.5465
3.0757
1.40943
9.84615
2.05857
4.07802
8.9579
17.6991
1.93666
0.997984
9.13624
4.89496
13.5235
3.11846
11.363
4.57679
2.78628
1.25378
2.02844
0.759944
19.6928
3.52662
20.0375
21.9274
6.02862
0.125358
2.58287
0.869949
17.821
9.9462
15.4788
5.807
4.12363
17.0201
5.13944
1.33395
0.980509
0.583096
4.16375
11.5544
3.68799
0.24385
20.1555
6.37928
7.89127
7.59568
2.22725
2.22879
2.63431
1.40029
0.163925
2.64274
7.19822
4.39704
0.364164
9.7662
5.01781
2.77863
3.70084
7.52195
1.94168
4.99099
5.00542
1.62888
1.51131
2.27939
8.76
3.40241
13.2189
2.99588
1.06626
2.95791
2.25775
2.66179
5.98547
5.83335
4.0659
2.74763
6.84826
2.57943
8.08409
7.04688
0.562032
1.38185
22.5247
1.00092
17.8294
16.1013
1.56736
13.0965
7.18213
0.202548
9.51202
9.00321
11.5015
3.50185
9.59472
16.9063
12.3395
6.88995
2.20165
6.67385
9.85613
5.12983
7.38199
0.348932
2.11452
5.90894
0.60618
12.6594
0.861619
1.03604
2.41324
5.26082
7.13525
3.98317
5.3736
2.72958
0.440531
1.87672
0.792428
2.1273
2.44458
2.38164
0.176043
3.638
0.0536569
8.46847
0.754334
6.96975
2.31679
6.79765
0.825746
1.93137
1.17279
13.702
14.2991
8.72201
0.34918
23.7988
2.61516
14.7578
2.70042
1.04951
16.4169
6.507
5.46296
0.725103
0.863251
1.58047
11.2986
0.664037
0.974486
2.48751
6.01787
0.00939678
1.34918
1.13318
9.58502
4.85092
10.1939
2.97824
5.63555
1.50487
17.3143
8.65911
2.24686
18.5772
16.6595
1.88606
7.1259
4.948
6.8287
15.289
11.7355
17.7907
7.73964
4.46133
11.717
10.9132
4.03376
0.241772
1.25406
18.253
6.398
8.6615
11.9773
6.82992
0.0726994
2.50449
6.0408
3.95466
14.7644
12.0561
3.16789
1.03116
4.0164
14.627
1.91576
7.07273
1.77912
8.45811
0.903161
4.67711
2.00444
28.1044
10.8824
10.6826
5.53006
3.90756
5.58869
5.80569
0.683718
15.3118
5.16146
3.62675
5.06306
2.62621
1.94295
1.31208
7.34946
5.08442
1.06705
1.9976
17.609
10.723
0.875366
3.55811
4.11417
3.70864
6.27342
6.59397
0.393579
6.26521
5.49078
3.62902
0.58345
3.35821
2.78666
12.2174
0.737169
18.7719
3.83979
14.5718
2.71471
0.68968
1.87493
2.73247
2.08675
5.59419
7.21219
1.43868
0.729954
4.4778
17.2978
2.49157
2.20995
0.823391
2.63385
2.5883
1.33795
2.5385
3.51959
11.987
1.44894
2.02711
3.09736
0.495404
19.0502
3.31951
2.29971
3.53861
11.272
0.545035
3.39909
4.63933
1.74957
5.16258
9.18488
5.53283
4.97794
4.94545
4.55715
3.81811
3.48907
4.49879
0.0931968
13.5644
13.3021
12.7731
14.73
0.210387
7.52772
10.9077
0.319994
0.936515
0.184247
4.15897
0.607067
1.30699
16.2862
0.490686
2.98733
2.81174
7.52797
0.286467
16.8904
2.77989
7.76748
7.57951
6.10276
4.25468
2.85498
5.3081
9.27047
0.904794
5.33649
6.28439
3.40138
1.62252
2.15476
2.42605
0.28361
0.383135
2.56493
8.64945
0.138888
6.6728
11.1645
0.439665
17.5416
3.03822
0.613276
2.93707
21.8652
4.14523
5.91802
5.23643
0.667575
2.02908
3.3231
1.2305
10.2465
5.14857
0.705517
20.0436
4.39623
20.0837
1.22112
10.4111
14.6589
6.47687
0.587489
0.117933
1.98937
0.282178
0.691897
22.8265
6.84139
1.60132
8.46103
0.692925
5.65231
5.12596
0.526751
0.839283
1.79699
9.51196
8.16074
3.54712
1.61268
7.35652
2.41329
6.67263
6.91422
7.34416
1.74466
0.397537
2.71001
5.15274
0.452006
0.392779
3.97691
3.65413
15.0517
4.95904
2.19757
5.28131
5.77623
6.24342
0.778421
11.3083
0.543413
1.04179
1.78535
0.30051
5.76284
2.13295
6.60244
15.6079
1.9846
1.54851
0.884295
6.81495
5.89616
7.23904
5.34524
8.04335
2.14159
31.1664
0.311638
1.43989
11.1658
5.2732
1.0711
0.308412
2.5733
2.51632
12.9416
0.845517
12.7228
8.1382
3.22637
9.71935
1.82527
8.55838
0.996826
19.8833
6.36352
4.18305
0.525452
6.94839
6.63306
1.96255
8.66327
0.161084
2.57777
6.30768
1.57285
0.165826
7.36823
11.9867
0.793627
2.38888
15.6261
11.083
2.66675
7.52319
1.75563
4.92548
10.3834
4.90536
11.0517
13.2806
5.58089
0.0489798
2.3575
4.42841
4.53784
15.1656
22.9521
7.49676
1.91758
4.14284
1.66088
0.340866
1.92349
9.40326
0.477829
0.810237
1.70383
1.10508
6.68516
1.16124
4.35915
3.43361
0.264258
4.93965
2.74947
0.0834555
0.626959
0.160505
7.57203
8.9704
6.49332
6.6008
3.05357
3.00043
0.233821
0.492704
8.69269
0.753146
6.56252
7.98917
13.1769
13.1087
2.90623
21.5849
2.24421
7.89691
15.0446
0.270723
3.59899
3.25881
4.86589
5.26182
12.2864
1.9099
4.03251
1.53583
19.7753
3.10559
0.352595
2.05536
22.8959
5.2846
3.63869
0.406301
0.419593
16.4482
0.0104669
2.09582
17.3261
3.94696
5.71051
13.8572
7.1348
0.738034
1.0618
5.97088
4.63496
4.8671
0.645544
1.95457
1.87258
3.54218
3.85313
10.3041
16.9193
15.2964
2.96769
2.18493
3.8262
5.01013
0.0182548
9.77762
7.35844
13.7746
5.35171
1.39488
7.28087
1.88674
0.784911
2.02003
16.2279
10.5045
4.53495
0.657033
0.252598
1.73618
12.0184
7.61279
6.70752
5.35553
5.38937
3.32584
6.40163
1.72251
3.55506
7.37394
4.3012
11.2493
5.94364
2.00146
12.8483
12.3478
4.70405
0.37154
11.9588
11.1565
6.69384
0.69517
2.91626
4.90683
6.6512
0.0335925
0.368507
5.73344
6.75433
0.617839
1.98052
10.3264
12.5534
1.39763
18.9029
1.61108
1.48021
6.72486
2.77479
5.00921
11.9952
1.50701
7.2574
11.0319
2.70488
1.84377
11.3889
0.552315
5.84415
16.1103
11.0508
4.14194
21.6287
2.80575
0.187161
6.77774
1.48421
6.37859
0.429416
2.92775
6.78182
13.6145
10.9058
1.43018
12.4578
0.894644
3.10853
0.238208
1.9534
11.2288
0.650204
2.60992
1.59125
5.36861
6.03198
3.62266
1.48164
13.3745
17.5385
20.5759
0.322306
3.88345
15.5271
1.96136
2.195
3.93884
7.25374
9.97748
1.30219
10.2359
2.09593
1.09717
7.31689
15.583
2.81297
15.1931
9.12745
2.00519
4.34181
7.43465
5.33202
3.9278
3.71652
7.07073
4.65934
1.83188
7.96639
1.39021
0.342346
2.2969
22.1838
1.45038
4.81076
1.46553
6.784
11.3762
15.8209
