5000
5.28422
3.75802
2.12593
0.961829
1.35695
0.716334
1.602
1.13899
1.57603
1.5584
0.216767
0.930921
0.569137
1.93477
2.65429
2.99433
2.43281
0.240664
0.655161
1.81016
0.019109
2.0912
0.0754308
0.488807
0.0901918
2.31904
1.19946
0.826881
0.654426
0.723345
0.474162
0.0348502
6.16096
1.01011
4.25629
1.39671
0.510193
2.54259
0.829244
1.37211
2.29265
5.37879
0.395662
2.13214
0.532342
0.219418
0.23945
2.15745
0.308437
2.22185
2.48061
0.458043
1.57914
2.55307
3.67052
0.591413
0.429547
0.218767
2.77163
0.690724
0.220937
2.77547
0.221867
2.66447
0.407714
0.112786
0.736298
1.01636
1.45465
0.497196
1.92841
0.232059
0.000452126
0.101063
0.11313
4.98955
0.406788
0.263582
0.803597
2.86797
0.217495
1.10155
2.65808
0.146473
1.37915
0.520757
2.1331
3.29796
0.330642
2.75856
0.328787
0.258725
1.77891
0.271016
0.18917
0.723035
0.201085
1.35964
1.24
2.84183
0.944214
0.0608576
0.415626
0.892957
1.8646
0.363915
1.39745
1.26933
0.405831
6.55986
0.0909208
0.97106
3.44857
0.631045
1.81743
0.551037
0.185285
4.75204
1.57161
0.545426
1.0137
0.859318
1.14547
1.10655
1.7996
0.962276
0.397674
0.0947647
4.88736
1.67042
0.108454
0.536108
1.74573
0.622097
1.6941
1.0769
0.427975
3.38239
0.461278
0.600211
1.07915
1.01797
2.0076
0.200957
0.625366
2.82
0.827716
2.05252
0.257778
2.12388
3.50737
0.29194
0.898989
3.55259
0.62965
0.852298
0.116673
1.96094
2.69518
3.17591
0.186112
0.233512
4.20833
1.47753
1.97621
3.60179
0.19282
0.742897
1.58277
5.07091
0.178611
1.88154
1.6035
0.529135
3.60587
0.455554
0.133304
0.308116
2.83254
2.1714
0.145345
0.203971
2.81327
3.25207
0.470085
1.68742
0.49547
2.72759
0.921123
0.162526
3.01088
2.93542
0.646267
0.203677
5.7213
0.56694
3.07621
0.147286
2.8671
1.76205
0.180974
0.34247
1.96508
0.701709
1.07933
1.03236
0.22176
2.44379
0.643081
3.43237
0.0486994
3.42179
4.70678
5.97979
7.62451
2.24143
0.663959
0.351851
0.200665
0.980029
0.627954
4.24962
0.372102
0.72159
0.200718
0.00510133
0.0953879
1.08757
0.611097
5.20083
1.23229
4.4018
1.43285
4.66497
0.705149
1.4785
2.32223
0.265131
5.44481
0.507927
1.98524
3.72788
3.51187
0.0563485
1.59615
4.31666
0.877977
1.80484
0.21131
0.891801
1.25617
1.72063
2.24761
3.18968
1.37008
1.60168
0.507017
0.930008
2.54728
0.099154
0.0989604
0.0508989
2.00952
2.00725
0.139486
0.827358
0.852937
0.211345
2.34392
0.901085
2.35511
1.48929
1.94467
0.423817
2.59919
1.724
1.9937
0.105535
2.77545
0.162986
0.998351
1.06184
1.06407
2.56266
0.881083
0.0927857
0.210613
1.65291
0.489169
6.78338
0.766544
2.8815
0.848253
0.680713
0.198404
0.542911
3.28141
1.05517
1.42104
3.2043
0.0798256
0.0554734
0.348846
0.95363
0.123898
0.893287
2.08286
2.47281
1.05639
0.667177
0.640518
0.290154
5.21223
1.13952
0.834335
0.672089
1.25397
0.0153546
0.271464
0.548889
0.861028
0.609279
0.790124
0.168308
3.19107
0.9373
1.61618
2.97554
0.0448531
0.199758
1.34056
1.53867
0.813111
0.0598436
0.596569
0.216806
2.79946
0.100982
0.384831
0.343349
1.25475
2.56042
3.45644
0.275676
1.51627
1.97503
0.664977
1.14497
3.78095
1.25902
1.05275
0.319547
2.07757
0.00408959
2.14155
1.6234
0.667646
1.86743
0.646718
0.785884
0.0201562
0.606599
0.723409
1.89744
0.334552
4.10789
0.410788
0.525062
2.3863
1.35586
0.802806
1.63385
3.05895
0.127859
0.449237
1.98531
0.217017
3.29573
0.825178
0.656332
0.28881
1.20179
0.204693
3.5804
0.430653
0.863851
0.213744
0.190998
0.818271
1.39321
2.65861
0.134392
0.596585
0.431447
0.169614
4.6308
0.166702
2.35513
1.71884
0.759649
0.772982
0.0531234
2.51861
1.82157
0.180999
0.913147
1.43652
2.0969
3.11049
4.41297
0.419664
1.80427
0.363579
1.60458
0.894946
7.85759
2.24067
0.886627
1.1145
0.281315
0.174603
2.38641
2.87442
2.37963
0.590141
1.53175
1.2506
1.57576
1.27171
1.59168
1.49006
4.3749
0.888128
2.64126
3.10209
0.110744
0.240594
1.77006
2.29255
2.03135
0.680622
0.955516
0.457585
3.06393
0.605696
1.48343
0.697829
0.428657
1.55655
2.50279
0.96592
1.83119
0.0102319
0.441377
0.505769
0.993614
0.306322
0.929889
0.159639
2.43885
1.00568
1.34269
0.756982
0.71869
0.0362929
2.2037
0.502837
0.0197253
1.26193
1.25595
1.38731
1.62557
1.28339
1.05525
0.0568795
0.72626
0.819216
2.01181
0.948057
4.62786
1.38173
2.43571
1.18252
1.49918
1.65543
1.65412
2.17761
0.873694
4.11899
0.436898
2.73195
0.699363
0.0555971
1.17685
1.59179
0.100375
3.04255
0.0541833
0.475426
0.620462
1.28145
0.46044
0.829075
1.07529
0.89827
0.975823
2.32972
5.01064
1.63951
0.257231
1.38339
0.380336
0.289178
4.64917
0.86378
1.73341
0.0403462
0.0618912
0.666573
0.01709
0.769444
0.598613
1.06786
1.67764
1.32294
0.773374
1.60099
1.50481
2.73083
0.631718
1.59213
0.760087
0.667457
0.657831
0.0198548
0.00148824
1.6493
2.5833
0.0758413
1.58222
2.8126
1.97253
2.73333
3.06177
0.318859
1.08125
4.69238
4.51246
0.249716
1.01002
0.95316
0.522476
0.667407
8.19825
3.4922
1.77764
2.35041
1.68157
4.40096
0.184405
0.413022
0.555112
1.78431
1.34018
3.48963
3.18546
4.75671
2.82315
2.38213
0.0748504
0.146019
6.03383
0.0504357
1.9073
0.509377
0.557613
0.0526072
0.390332
2.47702
1.22921
2.04766
0.482045
0.416777
0.379162
4.96736
0.408074
0.238506
2.04915
1.13818
0.786007
2.62142
0.771114
1.12211
1.56021
0.534147
0.551021
6.66132
3.79731
0.402677
10.7641
0.241339
2.38833
0.360102
0.0723263
0.269768
0.871281
2.60088
0.0695211
0.307291
0.56511
2.50404
0.180287
0.721493
0.899603
1.71213
0.872762
0.15818
0.159631
1.96228
3.48075
0.236402
1.47684
2.71071
1.33226
1.05007
0.487804
4.42192
1.10386
0.459972
1.26632
2.11862
1.24022
3.65105
0.591103
3.58604
0.0772122
0.427404
0.13262
0.27703
0.434869
2.68854
1.07591
2.54725
0.0164316
0.168247
0.479634
1.49757
0.0659862
0.593024
0.802713
0.080182
2.59312
1.52369
3.86549
1.48956
2.8808
0.520121
1.92447
3.90957
1.44814
1.14501
0.202717
1.32137
0.209875
0.981627
1.60374
0.369197
4.87274
0.623688
0.886045
3.55491
2.24507
1.05436
0.164026
4.10502
0.261153
1.2837
7.56237
0.687368
0.720802
1.65533
0.494032
0.432947
1.86311
0.713031
1.69112
1.8139
1.11038
0.327807
0.60903
1.20287
1.2362
0.334309
2.12791
2.83022
2.63554
2.62088
0.660923
0.626238
0.506904
1.22899
1.66321
0.977546
2.88444
0.465901
0.66477
0.0723751
1.73744
0.382242
2.01349
0.765684
0.113801
4.14646
2.65684
1.92538
2.07822
2.5922
2.58924
3.80758
0.645046
0.383912
0.405537
0.950212
2.24067
0.935893
0.372114
0.994722
1.31591
1.81686
0.750191
0.621763
0.353588
1.07435
0.479352
0.614184
4.73641
0.413063
1.62493
0.260067
0.626616
0.117902
0.956916
1.22925
4.48012
0.101891
2.05287
0.230533
0.629157
2.4804
2.58983
0.161465
0.317876
1.38408
0.521576
0.415577
0.0463854
2.26452
5.77097
0.737006
0.646726
0.942942
0.871309
8.22908
0.64367
0.321477
0.355317
2.45169
1.61804
4.94144
1.21862
0.529967
0.936554
0.306591
3.81309
0.372935
1.63445
0.190858
0.0619454
4.25568
0.354399
1.72748
0.124226
2.68927
3.07045
2.24041
2.47406
0.330428
3.63279
0.465343
2.24488
0.0585211
0.131167
0.445824
0.660607
0.0894619
0.132863
1.62564
2.61323
0.705453
2.13782
1.46667
0.236638
3.26169
1.21804
0.832234
2.91613
1.42139
0.724908
0.120617
1.23444
1.10395
2.03442
0.409588
0.100011
0.073896
3.72432
1.29571
4.37996
1.06884
0.140127
5.34032
0.210785
0.633346
1.44598
0.57257
0.027069
1.29701
0.0902814
1.98035
0.561363
5.40123
0.238339
0.252955
0.300654
1.33008
0.856565
0.195816
3.17939
2.43694
0.455131
1.31412
0.676743
2.6402
2.6033
2.61649
2.12705
1.06645
3.80851
0.280817
0.998073
3.50501
1.48167
0.0638916
2.86163
1.41734
2.13764
0.254313
0.0422017
0.464969
1.80225
0.775693
0.266839
0.00435963
2.25273
1.62859
0.0171861
0.940346
3.70054
0.234576
0.219794
2.34639
0.453156
0.414361
1.81752
1.45738
2.94036
0.252803
2.00749
2.31862
1.1725
0.725773
0.0832491
0.683207
2.94203
2.37989
4.01723
1.13742
0.704793
0.227115
0.947258
0.328061
1.46574
0.321578
0.196199
1.54034
0.198487
0.18626
1.41897
2.87861
1.76524
0.218799
0.260837
1.35793
2.57776
4.04697
0.322809
0.424661
4.69546
0.922636
0.4746
1.35664
4.82945
0.38755
2.07342
0.648421
2.41693
2.52295
2.12317
5.34014
0.115086
0.486591
0.193974
2.08091
0.665474
0.177029
5.47964
1.08971
4.17766
1.48675
0.358752
0.232945
1.04298
1.95061
0.808491
3.3831
0.146955
1.03517
4.81494
1.80328
3.06837
2.21998
0.0746178
1.42289
3.35481
1.20361
0.513406
0.784958
3.02191
0.754643
1.1682
0.590092
0.472869
0.912728
0.0874139
0.89899
3.59958
3.18344
0.435165
0.571303
0.579727
1.49182
0.409888
1.44259
2.44857
2.76022
0.224203
0.758336
1.15052
3.15237
0.188232
0.176893
1.45175
4.58285
0.325586
0.581661
0.645197
0.597959
1.35322
0.807043
0.820379
0.504046
1.80551
0.737631
1.49504
1.32303
2.36972
1.1013
1.10247
2.3823
0.902027
1.29161
1.18554
5.95385
1.20279
0.261548
0.50178
1.16154
5.62167
2.94566
1.0514
1.67769
2.16779
1.268
2.69458
2.17867
0.353959
2.38483
0.40438
1.29432
0.69947
2.33965
0.826093
0.466149
0.755346
0.545465
2.40241
0.266443
0.508096
0.126404
0.492811
0.772781
1.74245
2.59313
1.64572
0.851363
0.231109
3.10362
0.424697
0.452161
7.33652
1.88358
0.316821
0.0631554
4.36729
2.5785
0.817044
1.51131
0.986645
2.63487
1.18187
0.482379
4.62165
0.793545
1.89162
2.31927
0.134524
1.74577
0.947702
2.75891
2.57794
0.532007
1.05778
0.13261
0.0936334
0.0882367
0.236573
0.452359
1.5225
0.14103
0.306354
2.12581
0.246743
0.453036
0.422261
1.69624
0.46345
0.35128
0.101449
0.184653
1.81001
1.04883
0.780811
0.529192
0.663493
2.88784
2.58535
0.237151
2.34101
1.41052
6.32882
2.18019
0.310657
0.0197876
0.447426
1.70981
0.189036
0.0830762
1.14413
1.19028
0.0509553
0.643697
0.750265
2.747
1.11793
0.894966
0.183036
1.66187
1.10597
1.21702
0.634003
0.888997
0.36004
1.03804
0.11039
0.950535
1.79464
1.9277
4.62175
0.926991
1.41549
1.83547
0.184649
1.61899
1.2275
0.541386
6.38107
0.391979
0.0273405
1.2518
0.982697
3.21921
1.72798
2.77253
4.70028
2.53101
1.0845
1.73325
0.971505
1.07249
0.133076
2.74476
1.0483
0.886483
1.47126
0.834903
0.020418
0.386035
1.51232
1.50424
1.10879
1.58739
5.48462
4.78954
0.183126
1.2228
0.0987031
0.609262
0.487075
0.0585542
0.870112
1.00411
1.46166
6.29013
0.545242
0.0976457
0.405116
3.11189
3.74907
1.15938
2.66282
0.17129
1.89827
2.74643
1.03895
0.25998
1.12042
1.58619
0.555735
1.08992
0.0827305
3.04053
0.094115
0.202081
0.661696
3.69726
0.0413494
5.80614
1.80545
0.318376
0.229233
2.77864
1.95272
2.85837
0.310367
0.682301
0.813974
1.64698
0.252143
1.02706
0.530226
1.02544
0.219755
0.798381
1.34091
0.406713
1.1166
0.682731
0.962535
2.13445
1.14953
1.97827
0.111122
0.129554
1.73262
0.425013
3.83965
0.864437
2.59632
0.00424794
1.13069
0.0216454
2.324
0.696436
0.873202
2.8881
0.428728
0.416737
3.22093
4.13874
0.678988
2.71479
0.129089
3.58961
1.84497
0.597633
0.230182
5.22952
1.02717
3.54377
0.0937591
0.718445
0.572813
3.13042
2.68964
1.2395
0.771491
0.0757665
2.88793
4.9133
2.07197
0.455797
0.147623
0.492296
0.41929
1.13821
1.14279
1.14866
0.291811
0.466399
0.887696
0.243644
2.23086
1.73525
1.13797
0.486226
0.276801
0.193851
1.15669
3.79513
0.510824
2.77628
1.26287
0.187597
2.66105
1.96687
2.19978
0.267603
0.267186
0.436996
1.61804
5.35997
0.648073
0.464244
2.05949
9.52284
1.37517
1.06884
0.114581
0.0418722
1.69079
1.04815
1.43928
1.44309
5.57569
1.12693
0.2348
0.49657
1.76423
1.61544
0.0725025
0.0699069
0.560552
1.8951
2.47106
1.98474
0.848539
0.307553
1.84265
1.93613
10.0922
3.24979
0.61439
1.02364
3.78846
0.589176
0.619507
1.01218
2.10719
0.470978
6.20874
0.261775
0.827209
0.955322
0.18328
0.143754
4.32384
4.63622
3.0434
0.504779
1.24802
0.068419
0.745493
0.6771
0.701627
4.12808
2.19114
2.13052
3.66689
2.45182
4.48302
1.819
1.13768
2.22834
0.558611
2.02166
0.393451
1.9028
0.227674
2.77085
6.44125
1.44744
1.23745
0.614177
3.58615
0.25524
2.3711
1.88872
1.2136
0.527082
2.00398
0.957693
0.25719
0.362494
0.166424
10.2051
0.633972
0.3619
3.24372
1.13362
0.869934
0.701236
0.324717
0.967582
0.983258
0.240212
0.0612259
0.341392
0.182692
0.447377
0.493901
0.322683
0.179769
0.399535
0.0783765
1.5086
0.746261
1.36594
0.00481914
3.61551
6.18162
0.478582
0.112207
0.701061
5.03036
0.874915
1.27661
0.274262
0.887399
0.54972
3.28351
0.232095
0.629952
1.60934
1.89902
0.350174
0.440382
5.55546
5.94593
3.06788
0.0806168
0.871017
0.274924
1.46082
0.851471
2.62083
0.442977
1.5069
0.88781
2.94836
2.08309
0.882489
2.51511
0.736215
3.92457
4.8962
0.940362
0.0165749
1.77355
2.19065
1.04867
0.93206
0.293379
1.89126
1.53712
0.269351
1.14831
0.616815
1.10379
3.20629
1.73046
1.52519
0.0226983
0.79754
0.0800549
0.959518
4.4314
0.113999
6.36029
3.42748
0.926739
0.143162
3.59395
0.227506
0.383611
1.45165
1.02305
1.30107
0.346112
0.272639
0.516342
2.05685
1.0261
2.81883
0.823956
0.911481
0.905634
1.80801
2.453
1.11723
1.72835
0.249896
0.322835
0.993877
1.83145
2.96211
0.402295
1.9054
0.576938
0.726813
0.404542
4.89386
0.936569
0.486825
0.0225086
0.574277
0.102442
1.07229
0.0108104
1.76415
0.724744
4.40914
5.73257
0.141486
2.6468
1.09721
0.987126
1.4408
0.21914
0.924996
1.2082
0.483652
0.508243
0.434982
2.27152
0.473033
2.35469
1.62552
0.69068
2.61598
2.21726
0.13862
1.32078
0.740372
0.754603
0.475208
1.22612
1.00975
3.81188
0.245996
0.249647
2.69192
2.53914
0.581786
0.529611
1.61608
1.00562
0.504216
0.0896193
2.05687
1.21671
2.18827
0.523044
2.85408
0.0481699
0.249846
1.90594
0.0479264
1.07407
2.05509
0.966881
0.656905
0.581724
2.60974
1.08727
1.82018
0.956587
1.39774
2.87587
0.295928
0.305026
1.44989
0.0184234
0.272354
1.4829
0.286425
1.01912
0.513941
1.64592
0.346664
0.118985
1.70696
3.17557
1.63286
0.2617
1.92676
0.0370937
1.12022
1.38847
2.62314
2.12539
0.0167114
0.346974
2.72017
3.87161
2.69499
1.14822
3.1448
1.96244
0.76928
0.39158
1.30136
1.35227
0.208634
0.726551
0.84266
1.80326
2.58112
1.76281
2.11085
0.561447
1.43614
0.21157
5.86298
1.94343
0.89163
1.06297
2.1059
1.83638
0.190269
0.400002
0.0870517
1.45887
0.245566
0.10249
0.0198973
0.952612
0.0643529
2.44706
1.15897
1.9092
0.452233
1.32221
6.82923
3.40504
1.72651
1.48401
2.22783
0.0203437
0.780464
5.89887
1.80539
6.66032
2.32971
3.98624
0.833314
2.44133
4.42604
4.07792
0.557267
0.667317
0.649919
1.73215
1.36784
1.3455
0.465067
1.07304
0.172347
0.49311
2.56086
2.39063
0.902965
0.618399
0.487749
1.04118
1.74644
2.58283
0.155741
1.02047
4.71835
1.31095
1.15333
0.923844
1.32965
0.920853
0.933183
4.10396
0.738991
4.33583
0.890699
2.08374
0.466741
0.439313
0.0683432
1.30199
1.11789
0.360788
0.142332
0.926404
0.108744
0.594973
0.17668
1.0346
2.03886
0.0553323
1.72882
2.60456
0.543096
0.597136
0.773033
0.699457
1.77812
0.901349
0.806308
1.43535
2.02736
2.49196
1.04181
0.355423
2.02317
1.51118
5.74417
3.86127
0.0473352
0.147844
1.10698
5.76883
3.15694
0.704758
3.30823
3.75599
3.32678
1.72776
0.0928874
0.340333
1.6257
0.077679
0.363117
1.35271
0.210979
0.386403
2.59567
1.86301
0.0912487
4.08565
0.00667255
1.36556
0.520131
2.40594
0.210943
3.19215
3.55349
0.509083
4.97325
1.53024
0.868729
2.52503
0.169071
1.09743
1.63776
1.31578
0.192242
1.75937
2.74172
0.0477687
2.41473
3.14327
1.43496
0.0684976
0.396408
0.296578
0.267293
0.438786
1.50389
0.108496
2.02202
0.471808
2.27198
0.749049
1.2738
1.75227
0.233097
4.7449
0.487832
0.275923
4.23069
1.645
2.04575
2.48733
1.54434
0.260025
4.34427
1.74802
0.643986
1.04411
0.0672118
0.931059
0.240296
2.82278
0.272939
0.149948
3.04655
3.8851
0.371739
0.356293
0.844085
2.40358
2.49481
1.27771
0.781712
0.511323
2.58194
0.603928
0.747646
0.0469436
2.76364
0.386273
1.77885
4.85026
0.994104
0.0212313
0.361119
0.00511794
0.425651
0.542721
0.773079
1.72646
0.980688
0.306417
0.617507
1.59573
0.542307
0.288519
3.04983
1.98048
1.7928
0.961983
1.0616
0.266497
2.32993
0.884238
1.75101
2.20816
2.22577
2.26571
4.05354
0.227845
1.01489
0.451304
3.23904
1.01164
1.82406
0.686797
0.620755
2.04744
1.53527
1.99554
1.11382
1.17576
0.173008
3.23304
1.90756
0.198171
0.0304425
1.62021
0.389338
0.369033
1.11539
3.8166
0.559083
0.720805
1.73693
0.900603
2.64962
3.82869
3.57921
0.0311357
0.471456
3.38689
1.15647
2.30262
0.209224
0.211869
3.2576
0.618202
2.54212
0.965611
3.2438
1.4958
1.94207
0.494299
0.760743
2.32685
0.230472
2.0995
0.101609
2.31397
0.807602
0.125283
1.95021
0.354452
0.261034
0.88443
3.19924
0.623829
1.0121
0.550953
0.933561
0.348209
2.48243
0.278569
1.30508
0.124642
0.190378
0.547865
0.957553
0.593615
3.09631
3.02476
1.63301
1.80967
0.654544
0.411819
0.120578
0.269563
1.12173
1.37305
6.37338
0.0033436
0.822688
0.42717
0.186868
1.45532
0.189219
2.94349
0.142408
0.390513
0.694805
4.41187
1.34333
0.567568
1.75085
0.34591
0.702904
3.4545
7.98877
0.425299
0.618816
0.686217
0.384657
1.75311
0.139323
2.14376
1.38564
0.416815
1.16307
3.55216
3.34892
0.993885
2.05791
1.07697
1.32628
2.85159
2.98249
1.84385
1.7045
0.0710778
2.64673
0.742258
0.512394
0.65996
0.751332
0.134978
0.618906
0.0584877
1.92597
1.37904
2.38564
0.131392
1.27352
0.682364
3.03525
0.436409
2.03961
0.281542
0.372129
1.45793
0.297674
0.410189
0.305662
0.865228
2.46117
0.582354
1.44129
0.392294
1.99897
1.76672
0.439277
2.03851
0.0115682
0.191049
3.94672
4.90821
1.34042
0.0081272
2.54139
5.37162
8.88467
0.0152636
0.25511
1.23477
0.289082
0.106444
0.615005
0.110043
2.88568
0.514464
2.59214
1.76187
1.05354
1.16101
0.446003
2.79078
5.17777
0.861131
6.22765
1.08557
0.936739
0.520756
2.07805
0.663616
2.02346
0.96962
0.893962
3.74144
1.03715
0.180105
1.26256
1.43665
0.603105
0.388884
0.514615
0.0342014
3.17199
2.61563
0.121683
1.3023
0.0252194
0.359605
1.62817
0.788407
1.99743
0.199522
0.481456
0.909435
4.68847
0.0437819
0.955224
1.1514
0.834264
3.54305
0.542365
1.47414
1.1164
0.557186
1.98867
0.220852
0.035912
1.38708
1.5496
0.267421
0.915313
2.45758
1.10206
1.25336
0.0683037
0.255951
1.08507
2.18059
0.424021
1.19153
0.642908
1.52042
1.53129
1.69237
0.471471
0.0385039
4.05879
0.120685
0.459241
1.14889
0.740348
0.394678
0.517522
0.184467
2.86933
0.72208
1.09591
0.965165
0.452186
0.330397
1.51563
0.265011
2.82274
0.162334
4.00223
3.98502
0.94599
1.50667
0.966815
5.24381
0.698485
3.00891
3.33236
0.982979
1.11985
1.46179
1.14587
1.47818
0.881925
0.541321
0.978337
0.962428
0.208036
1.21919
0.208335
0.939194
0.0234894
0.227514
0.550352
2.39113
1.33817
1.65924
2.27276
0.561753
5.76955
0.0754321
0.51739
0.101848
0.525982
0.0934353
5.33853
1.23663
0.507982
0.287634
1.69984
0.500861
0.274348
0.422219
0.570932
0.976183
3.35404
1.50243
0.109595
0.308078
1.03653
1.39023
1.38087
5.26208
1.17927
0.0573018
4.20089
1.26199
3.22502
0.496052
1.09479
0.827087
1.73877
3.45741
0.444566
3.24071
1.59314
0.531153
2.36087
0.0731764
0.409486
0.320009
3.89421
2.92841
0.380774
5.89926
2.31261
0.273996
4.76129
9.88662
4.01887
2.35936
1.14074
2.44178
3.97536
2.84907
1.53864
0.543166
3.16765
4.63736
0.900838
0.477235
0.148184
5.57067
0.257294
0.325621
1.50344
0.355927
0.332125
0.266542
0.364994
0.144241
3.40006
3.61134
2.28407
0.127726
3.2606
0.266316
0.150914
1.63304
2.71266
0.27611
1.70225
5.39697
2.75913
0.347464
0.314643
0.476457
2.10528
0.00165493
1.14133
3.51307
0.613519
0.0129454
0.830039
1.94038
0.135971
1.04925
2.00605
1.23582
0.572926
1.99805
5.16349
0.629796
1.07078
1.81305
1.7457
0.358471
1.61821
1.43699
2.25549
1.17001
1.46154
0.908467
0.0654916
0.0336425
2.12659
0.442959
0.995472
3.66895
2.43492
2.50377
1.16336
0.763455
0.108397
1.84992
1.15535
4.61239
1.51795
1.33088
0.186025
0.50773
0.256381
1.29048
0.273711
0.531998
0.85069
2.99244
3.96293
5.34442
0.859247
0.136118
0.00851155
0.156302
0.261204
0.0808885
0.58904
0.56681
3.10954
1.37767
1.64859
0.262386
0.287471
0.290881
1.71645
2.97423
11.0539
0.782025
0.694802
3.88768
0.74632
8.62139
0.712465
2.00229
0.956001
0.226469
0.409495
0.477056
1.51049
0.199029
0.851609
1.83135
1.12046
3.33509
2.33407
0.449729
2.53264
3.56881
0.459702
0.621151
1.68033
0.817546
3.38299
5.14554
3.06108
0.30237
0.577819
0.151547
0.107031
0.938085
0.684736
1.87554
0.894439
2.98141
0.0945528
1.97629
0.213515
3.36257
2.49452
4.22344
2.53318
0.0270071
3.41892
1.64951
1.46609
1.79578
1.28771
0.0520894
1.47931
0.317922
0.0384586
0.866693
0.0288782
0.969328
1.98704
0.488744
1.19837
3.55928
0.62631
2.50743
0.419717
0.232645
1.43975
1.60957
1.33236
4.3672
2.19176
0.720544
3.14864
0.0222177
0.170182
1.51642
0.723034
0.194067
1.66406
1.47247
1.09144
0.528804
0.546081
1.3397
1.92828
2.14183
0.859969
1.57904
0.758229
2.50062
3.07895
0.068935
3.67454
0.36764
0.555642
2.35882
0.49715
0.654386
0.139838
0.0387624
2.11662
0.157706
0.590499
0.63338
3.0403
1.88323
0.0763646
0.381889
1.66049
0.859518
2.41584
0.676109
0.547442
0.307035
5.89738
0.700649
0.116583
2.41301
0.0593108
1.33989
1.27055
0.187048
0.77953
2.14784
1.16105
0.872134
0.275584
2.27686
0.801724
1.24549
1.83684
1.56898
3.92769
1.08761
1.14688
3.74707
1.79474
0.0559506
0.668145
0.528982
1.8382
0.18532
0.535826
0.980327
0.129205
0.164258
0.461572
2.0801
0.158215
0.927076
0.201384
1.11547
0.634976
1.31255
0.0820712
3.13319
1.68468
0.553924
1.02251
1.14537
0.0215859
0.210365
0.424319
0.100939
2.20264
1.20815
0.0983936
0.136834
0.589729
1.12259
0.238964
0.195378
1.24645
0.816358
0.289275
2.90373
1.56603
0.587533
3.52802
0.652752
0.426274
1.2465
1.60506
0.471231
0.0824092
0.927932
0.522118
1.12741
1.79879
2.0599
0.247517
1.41594
1.65882
0.408584
1.03865
0.997644
0.847674
1.70319
0.589336
1.20922
0.741522
0.449389
8.17437
2.15013
1.65669
0.613734
1.42275
0.489645
2.72051
1.22823
4.3071
0.749667
2.26281
2.08531
1.56663
1.75324
1.18173
1.26752
1.12549
1.20747
1.59992
0.986455
1.92533
1.33825
0.0456272
1.16716
4.90986
0.516007
0.134759
0.143541
2.2402
0.493498
4.36165
0.715466
1.46637
2.97737
2.80603
0.811235
2.50532
2.54217
1.23417
0.325834
1.21942
0.438389
0.575526
1.39606
0.816899
1.76116
0.079586
1.01423
0.923013
1.21338
0.319478
0.199336
0.893562
0.899346
0.161604
1.31792
0.0970475
4.68011
3.53995
0.0356482
1.89434
0.770371
1.17718
0.713217
5.23154
0.315224
1.18745
1.67192
1.32617
0.618987
1.52073
3.7044
2.48886
3.69426
0.265545
2.96876
1.1939
0.641557
2.19469
6.45978
0.855376
1.36104
3.55788
3.17916
1.03314
1.20126
1.0019
3.89076
5.32385
2.87951
0.296385
0.745338
0.551379
2.18829
0.661748
0.505823
3.72947
0.727814
0.234729
1.38742
0.204758
1.18333
1.86928
0.565674
0.241144
4.1474
1.01784
0.000820106
0.309625
1.40783
0.364128
0.980025
0.58476
3.23592
0.905019
4.15046
1.57007
0.410932
1.10106
0.380314
6.08106
0.676582
1.70511
0.452133
2.16834
0.0711007
0.114162
1.72392
0.881757
0.442098
0.544993
0.196377
0.737131
0.340189
0.710192
3.24212
0.949712
2.46498
1.29164
1.68499
0.86166
0.587522
2.56576
1.93133
0.31972
0.552025
2.28302
1.07915
1.12137
1.89827
2.65059
2.3567
0.614981
3.30901
3.23287
1.027
4.79781
3.56965
0.224192
0.515243
0.0222646
1.47194
0.494413
0.579086
2.09445
0.11684
0.947853
2.0291
2.83175
0.827729
2.63788
0.662355
1.60952
0.763964
1.02476
0.480201
0.433917
2.87848
0.981142
2.63851
1.26344
2.96432
1.63372
0.767298
3.7704
0.0443878
0.0996843
1.47017
2.75873
1.0363
0.60792
0.450707
4.04425
0.224394
0.404619
1.46822
1.63741
0.513931
1.31258
0.326864
2.72077
0.0390248
1.45502
2.84029
3.12618
4.03175
1.58191
1.49309
1.0283
0.451766
1.92195
0.153498
2.5571
0.206751
0.0240328
0.214591
0.633735
0.982193
4.52614
1.72053
0.818772
2.92276
0.382023
2.70029
0.670668
0.736182
1.79741
0.133721
0.913957
1.18907
3.43312
3.122
0.148919
0.843417
1.14262
1.63431
1.48296
0.804364
3.2098
0.563008
1.52931
1.76116
0.0852665
1.99621
1.1223
1.43732
0.333267
0.785731
8.02826
0.695411
0.372479
1.68123
1.83933
2.8312
1.00328
2.92275
0.339588
0.00652308
3.99322
3.51794
1.27926
2.43897
2.11264
0.36093
0.619235
0.975206
0.300617
0.429048
3.98113
0.790666
1.75654
0.0107011
0.968766
0.855593
5.36116
1.93793
1.23188
3.94015
1.59702
0.569485
0.748652
3.13315
1.49561
4.06129
4.48513
3.31526
1.2828
1.71722
1.36061
4.96008
0.447363
0.266303
5.3311
0.307919
0.0699255
1.07241
1.66736
2.45943
1.15622
0.871719
1.25143
1.68812
2.60393
0.112138
1.56715
1.94136
0.154081
1.91493
0.36697
0.869799
1.1295
1.87882
5.4046
0.29172
0.826168
2.09356
1.40074
0.12382
1.566
0.332278
1.15802
2.41398
0.360449
0.158835
1.86657
1.25829
4.8985
0.906594
1.29794
0.874045
0.206939
2.85482
0.476868
0.16148
0.628471
2.10461
0.274084
2.29618
1.20517
0.219148
1.16242
1.2268
3.02554
2.56494
0.108463
0.746354
0.397737
1.41277
2.73176
0.04334
1.62774
2.41144
1.08357
1.47309
0.223152
0.428485
0.326691
0.491331
0.908585
2.14357
0.140895
2.49602
0.229717
1.04826
0.377348
0.280242
0.221103
0.908659
0.363082
0.48909
0.635401
1.84166
1.01863
1.02813
0.608673
3.23578
0.477032
0.868687
1.18083
5.28704
2.85066
0.541047
0.609787
0.338419
1.21783
0.651434
1.74206
0.965611
3.25723
2.97663
1.85847
0.678617
0.316648
0.957042
0.54635
1.73087
0.0821989
0.393908
1.59671
0.198025
1.31549
2.01718
0.267248
2.71355
2.42974
0.643193
1.89961
0.0987813
0.250843
0.287448
5.02175
0.0875064
0.840378
0.170435
0.273354
5.22798
5.15193
0.302786
0.200485
1.88197
0.0685617
3.76243
2.27354
0.409223
4.58297
0.440068
0.651954
0.921493
0.641139
1.88983
0.142575
4.15732
0.94122
0.231212
2.97796
2.11651
2.53578
0.764006
2.28181
1.13273
2.021
0.595855
2.09443
0.0278443
0.171267
1.01891
0.160371
0.299156
2.82178
0.923229
2.95393
0.988284
0.620583
0.956394
0.946408
0.206514
1.789
1.25716
0.996494
2.46843
0.0676561
0.377212
6.18945
1.77133
0.211394
0.468958
0.86271
4.29905
0.477814
2.51653
0.688379
1.17655
0.216467
1.21872
2.29516
0.104368
1.58354
0.00629134
0.633971
0.357439
1.21507
1.39084
0.542935
0.118603
1.94114
0.788975
1.04053
0.0586588
1.2549
1.1532
2.4846
2.40852
4.30996
0.350791
1.97843
1.23204
2.07436
7.43077
0.781634
2.20074
1.61015
2.46138
2.29359
0.470555
1.10211
3.12942
0.878515
0.089825
3.73441
5.95858
1.19558
2.6881
1.7865
0.0846493
0.336401
1.03688
1.20214
3.28421
0.0274809
0.176048
0.331862
2.37853
2.40616
1.51766
0.854771
2.16338
3.54209
0.50418
2.19603
0.901868
1.39297
2.17461
1.20934
0.0372311
0.0416192
3.77315
1.12522
0.172355
0.662474
1.10006
2.75924
0.757682
0.178384
0.915423
0.97691
0.225148
1.07609
2.2908
0.992306
1.47417
1.62886
0.0528127
0.905233
0.419127
0.236238
0.0918314
0.119961
2.26965
1.60383
1.21725
1.04377
0.250467
1.42303
0.995778
1.6879
0.0144678
0.595062
2.28601
2.50155
2.89323
1.435
0.358603
2.5923
0.00487615
1.18764
1.51237
2.49875
3.9784
0.432034
0.0714586
3.42152
1.56909
0.679038
0.31828
0.469705
1.2492
2.58881
0.093931
0.315502
0.103022
1.30051
1.24328
3.54478
0.211952
1.77901
1.05983
0.771725
1.45061
0.106058
0.544965
3.53596
2.37448
1.06845
3.63025
2.03249
1.61257
0.150398
0.845612
1.15775
0.7841
0.280174
1.07025
2.66325
3.73374
0.663628
2.65053
1.65249
1.81433
5.01962
0.371109
1.8148
1.15661
0.965474
0.12515
0.679289
6.34545
1.01185
3.25381
1.01762
2.04846
1.21043
0.946793
0.832471
0.712599
1.63825
0.855214
1.27507
2.34772
0.692287
0.29913
1.39288
0.62617
2.29731
0.499681
1.77633
0.596494
1.25662
2.89533
0.0546029
2.46043
1.81829
0.308679
5.70837
0.169127
0.1334
0.262061
0.188174
1.1649
0.611114
0.155456
1.4327
0.544928
1.4254
2.25393
1.58739
5.15936
2.95196
0.732308
0.15138
0.723506
0.730215
1.75011
1.47275
1.72004
1.65558
0.343058
5.32233
0.677529
0.869479
1.10356
1.54898
1.66075
0.735276
0.985073
1.8108
0.237812
0.172009
3.56927
2.02276
0.866632
1.51825
2.65491
0.0537576
1.66379
1.43953
1.88012
0.208559
1.60394
7.0379
3.42071
1.90951
0.375931
2.56604
0.541124
4.16
0.632145
2.3668
2.27972
0.854155
2.90122
1.339
0.97682
1.43086
0.772499
2.43307
1.84112
1.83137
1.40928
1.32619
0.958736
0.59267
2.05687
1.13774
0.121853
0.627047
0.438706
5.20831
0.275323
0.621951
1.35814
2.08335
0.28567
1.06161
0.463435
0.139515
1.92367
0.874672
0.0815847
1.87789
5.90093
0.244407
0.0615714
3.78022
3.68307
0.87749
1.60258
2.03055
0.0447729
0.437206
0.79859
4.99457
0.436356
0.538509
1.02108
0.794951
7.86348
0.19994
0.698712
0.915033
0.161954
0.174784
1.38056
1.35655
1.24603
0.673518
2.3257
0.801145
2.14803
0.0736893
1.86169
2.29062
0.0842392
2.92038
0.820314
2.99606
0.871756
2.41185
0.815036
1.29274
3.6788
0.60426
3.22169
4.02989
0.402518
1.49753
3.03557
1.91821
0.85287
1.85784
0.524583
0.0265424
2.2933
1.24516
0.198807
0.447301
1.55465
0.474726
1.48709
1.38432
0.610259
1.89383
2.27431
0.241414
1.08215
3.2819
0.191994
0.424029
1.4315
0.252881
0.992834
1.69627
0.711113
0.546467
1.36765
1.92242
1.20252
2.43144
0.172832
0.204943
0.649742
0.764553
0.936085
0.700683
0.563604
0.392244
0.557716
2.61961
2.92759
3.94264
1.64749
0.082647
6.12507
2.37467
4.27424
0.578542
1.39051
2.73035
0.947476
1.02404
0.269085
0.0748113
1.68909
0.608264
2.61827
0.439681
0.194911
5.55925
0.0408495
1.1273
0.162617
2.23689
3.7688
1.28835
0.156869
3.12622
7.44486
1.08504
1.36073
1.06561
0.560379
0.729244
9.5068
0.501334
4.88276
1.73654
0.102419
0.477982
0.296188
1.29755
1.49021
1.20598
0.246533
0.457733
0.14707
1.63212
0.671708
2.73645
1.08271
3.9995
2.43655
0.807148
0.173822
0.0128
2.48381
0.18936
0.443142
0.0157262
0.505215
0.0897396
0.0235254
1.15818
1.52872
0.536382
2.71464
2.43739
0.477605
0.172963
0.859616
0.810431
1.24639
0.153199
2.36367
1.15665
1.87542
0.0932243
2.08115
0.0497609
0.784215
3.96023
2.50502
0.267709
0.247934
1.29004
0.205181
1.70639
3.03168
4.67387
2.48941
0.104902
0.395018
0.361421
1.65448
0.160755
0.0739171
0.227975
2.02003
0.994602
3.2926
1.09283
2.53782
1.39678
1.29704
0.403843
6.11441
2.23733
0.0572425
0.533653
0.853524
2.94053
0.824205
0.104016
5.70178
0.923079
4.74015
0.0306736
0.33029
1.68552
0.702285
1.22795
1.15043
0.707416
1.02008
2.17382
0.973519
0.558406
0.260815
0.729634
1.75826
7.88348
0.539579
3.00281
1.69279
2.13438
0.648596
0.108772
1.41591
1.16916
0.489976
1.06872
0.76205
1.39276
2.6307
0.931719
0.197753
3.68178
0.337404
0.965944
2.82072
1.58433
0.0766264
0.0179127
1.076
0.615791
3.59954
2.6858
0.75214
1.27538
0.425066
0.696246
0.166066
0.789358
0.0595788
0.971808
0.508676
1.87935
1.57064
0.942031
7.63167
0.476589
2.61387
1.50603
2.86617
0.260132
4.80253
0.0979301
0.377647
2.24894
0.322711
0.671115
1.33254
2.13945
0.059281
0.471912
1.47769
0.738281
0.138644
2.64638
1.88583
0.679653
1.28801
1.03055
4.84265
0.183165
4.3649
0.68098
0.0359888
0.88064
0.53877
1.137
0.325898
0.208174
3.41229
0.0801058
0.0204425
1.03221
0.516018
0.290312
0.852446
0.0221219
0.0771356
0.84969
1.05414
3.08463
0.33692
0.245776
0.0920142
0.00480047
1.81459
2.5482
4.41702
1.5018
0.908115
3.34285
0.285574
1.43953
1.86121
0.387788
2.50287
1.51516
0.385309
0.627615
0.869795
1.05448
2.33108
0.288077
2.28785
0.543187
0.0679554
0.836008
0.162573
0.621564
2.00011
0.0777416
3.19361
2.89188
0.79385
1.95997
3.66277
2.37587
1.791
0.665621
0.273118
2.18603
0.953227
1.75878
2.23774
0.110888
1.58312
0.677298
2.33895
2.25899
0.455216
0.512025
0.805441
4.14719
0.631564
1.10427
0.927537
3.61684
0.594759
1.03013
1.34967
0.535338
1.5724
0.72776
2.20031
1.20414
4.21624
5.30908
0.113891
3.07614
7.90735
1.74122
1.1338
0.693273
0.22681
1.13474
0.59891
2.04627
0.50751
0.763204
0.709147
1.32237
2.07586
0.364866
4.8459
1.21785
0.958842
4.50756
0.864107
2.0463
0.719216
1.65575
2.7502
0.450855
0.263937
2.11295
0.112828
2.59577
3.70655
2.87577
0.0170598
0.102631
0.999344
0.377661
3.43313
3.3753
3.67335
0.099969
1.4106
0.596417
6.88134
4.33902
0.843792
3.99191
3.10177
1.47345
1.57307
0.0563955
0.264925
0.0626269
0.465108
2.79428
0.09868
0.144034
2.32754
2.31791
2.77354
2.04204
0.29567
2.51417
0.779236
2.4245
1.74459
0.611024
0.824608
1.65383
1.90953
0.556432
3.57604
2.09666
0.368436
0.52326
1.22606
0.352247
1.50702
3.83483
0.437212
0.936862
0.0524507
1.15432
1.38592
1.00088
0.116488
2.55968
0.726704
0.991675
5.39716
3.46246
3.36591
2.33863
0.0198353
2.30758
0.142981
0.111813
0.483861
6.68233
1.68406
0.062443
0.514036
0.825626
0.43394
0.0704654
0.498481
0.0813518
0.416153
3.92503
0.632092
0.775396
0.286794
3.61506
1.13231
1.12733
0.482472
1.86124
0.591144
0.368232
1.04813
0.983873
1.94897
0.767457
6.40308
1.84319
1.02028
2.90551
1.13666
0.826667
5.40587
1.24946
0.142852
2.11675
0.919157
0.29341
0.00138761
1.1664
0.094935
2.0967
0.542865
1.12332
0.0928225
1.09641
0.254346
0.629241
0.833651
5.1717
0.481399
6.54108
0.736156
1.11136
0.83399
0.232681
5.03014
0.656007
2.60307
0.681361
1.96667
0.302627
1.65958
0.0856073
0.629295
2.58099
0.814095
0.899283
1.87442
2.74539
1.51214
3.26384
0.516611
3.21558
3.73317
2.68855
1.14122
0.56288
1.593
2.01775
2.71388
0.781524
0.0621434
0.10903
0.545688
1.13597
2.32331
1.94844
2.4061
1.00312
3.46949
1.83846
5.10344
0.71773
0.656741
0.215316
0.733217
0.624851
0.0635934
1.57483
3.82911
0.467845
0.560693
2.4358
2.11803
5.256
1.03547
1.64065
0.872914
0.0744599
3.97516
1.7733
3.6838
0.244253
1.25858
0.700591
1.6312
3.26819
2.57136
0.0687338
2.14683
2.64017
2.24721
2.98328
3.86721
0.152442
0.222767
1.14241
1.11546
0.484281
0.752532
0.402565
0.0504074
0.801799
0.0811856
0.977114
0.608153
8.34762
1.53905
4.15932
3.01599
1.17512
2.67509
0.539846
4.44565
0.648648
0.901705
1.38447
0.0553371
1.99715
0.510825
2.89593
0.00868166
7.71218
1.7709
1.6151
2.06428
1.24882
4.12239
1.75629
0.247893
0.30067
1.97862
0.194909
4.5906
0.483839
2.48161
0.78768
3.80843
0.165083
1.18535
0.0207196
1.2319
0.0816038
3.74174
2.26497
0.138643
2.53756
0.113411
3.21046
0.296781
0.0445966
0.611052
1.50141
2.89997
1.24424
1.31744
2.54035
2.59729
4.02078
0.441592
0.122254
0.983691
1.65831
0.611103
0.017975
0.338309
1.28903
0.575967
5.26529
1.45619
2.38152
1.58801
0.781097
0.328436
0.000285497
0.332074
1.83009
0.673066
1.22133
2.22637
0.547271
2.86966
4.13734
0.681873
0.713221
9.36578
0.657213
1.20165
0.802011
0.895319
0.515458
1.944
0.339439
1.69038
0.0324797
0.0193924
3.2693
0.372838
2.51318
0.603292
1.49068
1.03691
2.1182
0.872808
0.738511
1.62483
2.17629
4.97774
0.929748
0.431001
0.666654
1.32597
0.835685
0.0507129
1.92395
0.557273
0.783017
5.25159
0.0145043
1.97734
0.501628
0.577346
1.02541
3.92917
1.92572
2.54535
0.168019
6.24053
2.24544
0.873624
1.02114
1.99392
2.01127
3.39351
0.487106
0.515679
0.98073
0.837371
2.83428
1.8637
0.550721
1.63255
6.86927
1.23958
2.44864
6.33994
1.34122
1.65976
1.83439
1.30597
0.37651
2.96262
0.0358852
0.556312
5.66043
4.97433
0.119889
0.0523596
1.20065
0.749497
1.44206
1.17019
1.13667
0.865439
0.212841
0.640753
3.37269
2.62115
3.21152
1.28173
1.32911
4.1816
0.644514
0.653723
0.507449
3.62852
0.0318378
5.41541
0.931604
0.849279
3.32819
0.781799
3.07298
0.8788
2.69159
0.354402
1.89172
0.14357
0.0995443
0.254895
1.15633
0.0423854
0.467158
1.6884
2.74293
0.343457
1.12764
3.76835
0.281215
0.295474
0.0130871
10.1861
0.168826
0.11299
1.0498
2.15118
0.959702
0.056298
0.173937
0.251776
0.0286677
0.264267
2.87858
1.57375
1.79882
2.82847
2.89567
1.33729
1.59433
3.35727
1.02505
3.30643
1.81301
1.1964
5.03817
1.01851
2.55117
0.0522689
1.2619
0.833271
1.12813
1.03687
1.02969
0.152341
0.183215
0.868571
2.56657
0.681847
0.320323
2.18109
1.19441
4.07095
0.232701
0.265291
0.968686
5.05802
0.28927
2.4873
1.28355
0.436902
3.04934
0.0397365
0.736955
0.00172842
0.658164
0.819158
0.682073
2.40709
2.00546
2.6833
1.92621
0.585292
3.80699
2.65397
0.431087
0.135056
0.209653
0.575247
0.959987
1.89098
2.07692
0.277272
1.07077
1.64503
3.10512
0.681911
1.54967
0.877488
1.55026
2.45863
2.38678
1.6902
0.672824
2.62119
4.71637
1.49301
0.243685
0.261252
1.03515
3.10821
1.95493
1.34957
2.48415
2.72182
4.52053
1.3798
0.339724
0.375648
0.634
0.822053
0.218517
0.83761
0.724148
2.63862
2.22627
0.0793793
0.522735
0.78983
0.263143
0.524647
1.09298
1.48288
0.155291
4.28805
0.396671
0.881426
0.333047
0.853386
5.96503
3.58359
1.1286
6.01007
0.390444
2.22377
1.78771
0.316623
0.415612
0.598206
0.887021
5.03736
0.291056
0.530239
1.37223
0.532552
2.3153
1.37505
5.15012
1.12817
1.66584
0.333916
0.39605
0.161078
0.525856
0.0953127
1.93319
4.3096
5.98378
2.5835
0.896132
0.554043
0.805206
0.766566
0.00767648
2.3606
0.81055
0.628623
3.10716
0.43436
1.27001
1.05888
0.219435
0.566298
4.15983
0.382266
4.36038
1.38487
2.31794
3.87569
0.506657
1.33228
1.32476
2.52556
0.352176
0.0141368
1.59133
0.451225
0.390363
0.107658
0.00339172
4.83464
1.19773
1.77525
1.40098
0.220516
2.20984
0.12283
0.833849
0.418701
1.16788
1.68557
1.21349
2.01808
2.38845
1.0021
0.125777
2.54942
0.878583
0.981223
0.541576
0.936941
1.05725
0.1749
2.11865
1.58995
3.57191
0.986547
0.446735
4.13602
0.841914
4.01562
0.518187
0.749068
1.82435
0.623426
1.0789
0.24745
5.38034
1.86573
3.0213
0.990955
2.49324
0.407591
0.0398548
1.70662
1.72751
0.313296
0.0354636
1.79305
0.563408
1.92387
0.125425
0.326679
0.285583
1.78483
0.706471
3.23342
0.349342
3.08981
1.42332
2.09077
2.90349
0.461068
1.38657
0.660414
1.66019
0.552433
4.3087
0.795783
0.968711
0.184099
0.34086
0.674598
1.08383
0.0240574
0.778156
1.37906
3.38709
2.21925
0.300023
2.42219
1.20773
5.1951
1.20201
0.429386
2.23025
0.218813
0.508155
1.21571
2.49691
0.0304753
0.031029
0.155377
2.55993
3.30162
2.06255
1.58623
0.983601
0.229225
2.17464
1.51987
0.769184
1.30321
0.446457
1.45675
0.305207
0.484519
0.594859
0.440461
1.51209
1.78505
0.174929
0.0736216
6.7957
3.36875
0.251244
5.64034
2.12624
0.587305
0.287518
1.41611
0.821868
4.15935
3.26191
2.67047
1.31165
2.6592
0.367353
2.40285
0.25482
2.62038
0.707458
2.31564
0.787629
1.31956
1.87304
0.848981
9.44304
7.59932
0.0164654
0.981657
2.67791
1.41537
0.313388
2.97774
0.804712
0.26343
6.50007
0.870946
1.92002
0.152835
0.17714
0.132072
1.18531
2.57259
1.11989
2.78345
0.263848
3.808
1.93245
1.57354
3.26441
0.0204218
0.470233
3.26901
2.91797
1.24521
0.609439
1.38236
1.46535
1.2094
0.586612
3.94203
0.292213
5.27723
1.38736
2.87561
2.09831
2.1789
2.5922
2.518
0.870297
1.57484
4.78277
8.41091
0.53586
2.04465
1.53159
3.74926
1.8799
0.845249
0.387503
0.636683
0.162349
0.127412
1.63149
6.05283
2.58723
3.45032
0.563564
3.82718
1.33214
4.06138
0.0193675
1.41642
2.24496
0.404527
2.66945
1.57577
1.4739
1.12536
2.5524
1.19474
1.39825
0.13227
1.2853
1.35745
1.58327
4.29974
1.88
2.10154
1.74509
0.137903
0.441805
2.96042
1.39433
2.14641
1.84047
1.35096
0.21568
3.72862
1.34317
1.29303
0.432876
0.187212
0.0424373
2.68527
0.79724
0.124255
0.218111
1.02223
4.1974
0.318894
2.68872
2.8791
1.02569
1.08556
0.829706
1.30329
1.49638
0.207508
0.780065
0.586537
0.660486
0.303382
1.30137
1.50112
1.64049
2.8456
2.53475
0.449476
1.91525
0.353326
0.320333
2.99947
1.41746
0.517397
0.192015
0.914499
2.86034
0.951475
0.503876
0.618745
2.75116
5.29839
1.31325
0.541815
0.617156
0.07946
0.247314
1.74649
7.4438
0.849255
2.02712
0.186309
0.148399
0.257778
2.13978
3.72185
0.451249
0.841631
0.193892
4.28274
2.54777
0.0985625
2.94246
0.977277
0.502831
5.06504
3.05838
0.420776
0.172313
4.3277
0.705579
1.5239
2.18835
1.06783
0.992144
1.74201
0.556821
3.60166
7.63085
0.36377
0.610688
3.72501
0.367848
0.222758
0.86913
0.603201
4.47183
0.687396
1.31696
1.38055
1.19158
1.4814
3.56175
3.87758
3.23647
0.260792
0.277078
1.79301
0.285912
2.05698
2.94163
0.280579
0.471414
1.2269
0.611682
0.605071
4.69784
1.47017
2.87877
4.86186
1.33273
1.66771
0.183186
0.249424
1.91008
0.0164875
1.93817
0.493581
1.42557
1.11406
2.45094
0.0415466
0.205443
0.413951
0.355334
4.70383
1.18752
0.058106
1.40961
10.4079
1.82528
0.867252
1.13529
0.318876
1.64068
1.21357
0.21855
2.02153
3.08605
0.403305
0.698362
8.75613
6.27385
1.15373
1.17123
3.46949
1.79938
2.04558
0.60298
0.515706
1.777
1.43978
2.18201
5.04758
0.237756
1.28762
1.37776
0.140928
0.238797
1.13241
0.0657781
0.150378
0.386518
2.57206
0.943664
2.11306
0.722584
0.0139034
0.0982363
0.85839
1.65364
0.00517118
2.76376
0.870067
0.344922
1.30947
1.41377
0.335456
0.0529497
4.08208
0.706371
0.308925
0.374425
1.70092
0.241854
1.85272
1.64889
0.552825
5.88767
0.392843
0.967394
0.7033
1.69887
2.28157
4.64005
2.5623
1.87412
3.14929
3.53973
2.34529
1.70326
1.4112
4.50742
0.661239
1.4509
0.600575
0.428287
1.1265
3.00491
2.84862
3.22612
1.85962
0.128331
0.175466
0.774493
0.227532
0.985543
0.848166
2.49797
0.480026
2.62122
0.0111832
2.73359
0.618524
0.3443
0.0671196
0.965367
0.892412
0.63222
0.638609
0.362009
2.7517
4.6033
3.69662
0.814716
1.01892
0.272937
0.118545
0.204366
1.87957
0.672438
0.0972285
2.90873
1.94992
0.550895
0.0216779
0.239081
0.417143
0.597853
2.34237
2.65032
0.459078
0.325173
1.35816
3.00113
0.201839
6.69133
2.78072
0.688072
0.684832
0.764719
1.29902
1.14838
2.00654
7.71153
1.57618
0.382849
0.0152465
5.11646
0.363024
2.2103
0.485815
2.71586
0.0604009
0.594439
0.133791
0.279602
0.312894
0.694974
0.231858
0.100595
0.270057
0.231972
0.265826
1.03379
0.355952
0.823058
1.55061
0.282571
2.21172
3.72904
6.06572
0.678971
1.87816
2.91551
1.4527
5.19097
0.162506
1.6035
0.479515
1.64275
0.609353
4.89098
0.389382
1.3445
1.75738
3.80566
1.58331
0.11561
1.85333
1.49784
0.261504
3.1016
0.725731
2.16766
0.395065
1.44005
4.30882
0.999708
0.577009
3.87252
1.39437
4.59135
1.66079
1.12368
4.72395
0.489404
3.25822
0.216843
0.343585
1.68567
3.30408
2.37419
2.71752
0.127186
0.600898
1.67338
5.02575
1.50702
3.86556
1.76616
0.625959
0.378548
1.46323
1.42729
4.29319
1.12149
0.662577
0.44609
1.25776
0.705762
3.87753
2.77683
1.15006
0.989207
1.73898
1.52522
0.223407
1.86203
3.50048
1.88774
0.830285
0.551989
1.04825
0.268496
1.1352
1.91188
1.65692
0.300579
3.47567
1.18341
0.255655
1.87973
2.9778
1.05482
1.75059
0.564343
3.60143
2.13309
3.08938
8.07348
1.99643
0.246964
0.659434
1.359
1.64462
0.577632
1.66558
0.431492
1.00749
8.64905
0.664534
0.639532
5.18197
3.90757
5.14709
0.842753
0.516529
0.401346
1.33057
1.87114
0.538853
0.308005
2.69011
0.88394
2.72716
1.63454
0.948921
0.154864
1.48877
1.376
0.366476
0.164393
1.46292
0.575511
1.0136
3.31839
0.841697
1.17
1.2799
3.0339
0.421321
1.92106
0.620379
4.72219
0.848592
1.10469
1.96768
0.407911
2.13235
2.97127
0.861305
0.133252
1.56306
1.28352
0.228188
2.3983
3.08682
0.601928
0.776731
0.144723
2.41262
0.24172
0.84
1.7574
0.0161913
0.87705
3.64676
0.150625
1.98606
0.701472
2.8621
0.748337
1.95527
1.51841
0.907611
2.44878
0.549494
0.22277
1.22128
1.05207
0.780771
0.0446
0.69796
0.283693
0.30208
1.63267
0.787655
2.10854
5.76092
5.72556
0.687387
1.09618
3.8249
1.35849
0.611433
0.963775
0.107727
1.91853
0.869207
2.52002
1.56841
1.81876
2.02615
0.53526
0.0594481
0.107653
4.59692
1.32253
1.05636
0.359614
2.0571
0.342012
1.56565
2.54261
0.939115
1.1765
3.25677
0.500636
0.667908
1.35479
1.2125
2.42691
0.0840344
1.74802
0.597692
1.31001
0.299038
2.15034
0.380088
0.031979
1.10424
0.523941
4.2989
0.298784
0.842096
0.146326
0.164199
1.65887
0.859019
1.55326
1.90791
0.372088
0.444709
0.114868
0.0099048
1.42924
0.715747
1.298
2.00595
0.446109
1.97566
0.426172
1.82425
11.4828
0.0622535
0.438135
0.311968
4.31519
1.08373
0.975525
0.0749067
1.77003
1.65815
2.00377
2.73684
0.381089
1.91854
0.9658
9.57848
1.66609
0.1862
0.0210068
1.98596
0.0706748
1.10518
0.606287
0.0848625
0.920923
3.28194
0.289565
1.14466
0.536326
0.761438
0.969868
3.58351
0.906118
1.65177
0.0253224
0.641828
2.05642
0.472488
0.631207
3.42783
2.94831
1.69374
0.338231
3.13551
3.39539
0.961239
0.176848
0.291112
2.51179
0.812418
1.12666
1.85347
0.149028
1.16779
0.368032
2.07603
1.68932
0.334965
1.51377
1.17625
1.4671
4.4054
2.12051
1.90732
0.693374
2.86436
