6000
2.09734
2.22112
2.16718
1.65213
1.64264
2.24605
2.03344
2.23385
2.05971
2.57127
1.78809
1.5728
1.90536
2.48776
1.89667
1.96431
1.64278
2.51119
1.9583
1.92957
2.34429
2.42564
1.78605
1.50085
1.96439
2.51745
1.9687
1.63778
1.67742
2.05682
1.6748
2.08093
1.7208
2.31444
2.12554
2.11194
1.7458
1.63347
1.98286
2.0067
2.01901
1.81453
1.92133
2.62582
1.88755
1.61943
1.83669
2.14798
2.01187
2.2545
2.47228
2.65649
2.00071
1.74528
1.44349
1.93519
2.70382
2.2783
2.23237
1.71976
1.83613
2.09704
2.05984
2.19172
2.60896
1.73999
1.77531
1.76168
1.45766
2.2661
2.21217
1.83788
2.11977
1.50097
1.51163
2.36355
2.04258
1.47479
2.07007
1.79347
1.45133
1.82561
1.48338
1.63637
2.00794
2.01431
2.4331
1.64095
2.07014
1.96275
1.99653
1.24604
1.97127
2.07969
2.00729
1.94774
1.80685
2.93427
2.52585
2.13697
2.10117
1.869
1.60127
2.23344
2.56731
1.92612
1.92177
2.12082
2.26985
1.16491
2.23424
1.82804
1.62661
1.93938
2.46745
2.19467
1.89903
1.32864
2.127
1.49332
2.25939
1.28858
2.43479
1.73611
2.03011
2.01403
1.5083
2.31043
1.8293
2.06511
2.06213
2.27484
1.91345
2.20727
2.36721
2.2058
1.37038
1.82489
1.86207
0.931718
1.51998
1.78875
2.17125
2.29261
2.54224
1.7479
1.75904
2.0081
1.81419
1.95704
1.65908
1.98465
2.10474
1.47535
1.60417
1.94884
2.18028
2.10579
1.64448
2.19572
1.36532
1.7673
2.05629
1.66935
2.37023
2.09779
2.23198
2.15255
2.48389
2.51004
2.21851
2.35942
2.14254
1.53258
2.37736
2.20838
1.25878
2.06586
1.49945
0.914409
1.68755
2.26538
2.13598
1.92756
1.63578
1.85555
2.02564
1.6284
2.30715
2.28509
1.43164
1.84823
1.98322
2.44225
1.84853
1.68182
2.23658
2.18093
2.68358
1.83664
2.12613
1.46603
1.98533
2.45194
2.23223
1.73087
2.31658
1.82261
1.95696
2.02228
2.44582
1.94653
2.32268
1.71171
1.80236
1.74857
1.97098
2.22244
2.2772
1.61525
2.28298
1.69186
1.64675
2.04413
2.21553
1.63502
1.87836
2.00003
1.97814
2.70842
1.97703
2.40244
1.81094
2.16661
1.92986
1.71043
1.79355
2.31222
1.9363
1.65498
1.90323
1.79054
1.55414
2.34173
2.00803
2.08278
2.20253
1.7834
2.07883
2.4259
1.63091
2.19452
2.11395
1.79918
2.01236
1.7227
2.44745
2.21722
2.08511
1.91689
1.48643
2.46665
1.85302
2.35117
2.15955
1.81717
2.23284
1.80358
2.20518
1.72864
2.16903
2.75455
2.45762
1.63996
1.76675
1.98749
2.46568
1.94005
2.09619
2.1052
1.95762
2.01756
2.08915
2.36656
1.92234
1.75274
2.64919
2.19532
1.40285
1.96387
2.11951
2.31708
2.37783
1.82489
1.67723
2.01613
1.93568
1.74774
2.57928
2.51526
1.9925
2.13035
2.08047
2.09279
2.08528
1.82109
1.98424
1.61092
1.89914
2.11701
2.15535
2.0452
2.07018
2.1422
1.77179
1.50837
1.85469
2.12633
2.18758
2.02227
1.8432
2.04953
1.97953
1.82832
2.16844
1.49225
2.34328
2.24833
1.46267
1.93312
2.25124
2.24391
2.20592
2.06395
2.10514
1.86611
1.92254
1.84727
2.36425
1.60218
1.47948
1.51786
1.71663
1.78617
2.07545
1.95956
1.93739
2.06558
1.74915
1.97012
1.73001
1.98181
1.79011
1.92499
2.39671
1.58363
1.65044
1.94054
1.71989
2.01655
2.19439
1.92145
1.61994
2.67638
1.77522
1.93058
2.32785
2.23617
2.4219
1.76879
1.97388
2.10701
1.6015
1.65615
2.70009
1.98797
1.97536
1.91634
2.04785
1.52837
1.67684
1.96691
2.02676
1.79252
2.0296
2.0408
2.18126
1.89733
1.68816
2.13658
2.37864
2.14099
1.49594
2.00178
2.00206
1.95869
1.67887
2.40143
1.64793
2.06882
1.84293
1.50468
1.91658
2.16714
1.50572
1.78169
2.29395
2.15651
2.55829
1.91869
1.93346
2.05704
2.61791
2.02487
2.40614
1.8798
1.63778
1.90855
2.27857
1.76778
1.97206
2.11429
1.82955
2.00185
2.12372
2.76294
1.74544
1.811
1.35237
2.0495
2.15568
1.69196
2.52294
1.53
1.97093
1.42964
1.81075
2.10956
2.02556
2.06718
1.77688
2.14663
1.73312
1.81418
2.22125
1.27814
2.09264
2.34831
2.40968
1.58656
1.85634
1.51628
1.59149
1.93983
2.15483
1.55885
2.10937
1.90923
2.59178
2.44338
2.27163
2.05346
2.45669
1.8002
1.54916
2.04257
1.42133
1.90496
1.69758
2.35585
2.53513
1.95376
1.72393
2.39562
2.12269
1.90365
1.80661
1.90618
1.71652
2.13152
1.98183
1.78495
1.6158
2.14194
1.75166
1.54262
1.73656
1.71776
2.21774
2.10471
2.05235
2.22304
1.87813
1.78982
1.6003
2.25199
1.12964
2.56857
2.34947
1.80665
1.67433
2.10732
1.88099
1.81505
1.96815
2.35628
2.2503
1.95608
2.33238
1.60144
2.07373
1.38523
2.89527
1.84375
2.05096
2.27325
2.12561
2.13811
1.53488
1.94582
2.30217
2.31283
1.08293
1.50776
2.14641
1.24767
1.19755
1.69524
1.98248
1.58145
2.06097
1.8168
2.19821
1.87908
1.96013
1.80138
1.79718
2.11523
1.73446
1.75465
2.04465
2.39888
2.33731
1.82451
1.83697
1.84691
2.03369
1.87209
1.62543
1.63853
2.1423
2.12916
1.81649
2.35679
2.5476
1.94451
1.85354
2.07512
1.83011
2.07497
1.81256
2.26001
1.81767
1.94569
2.37415
2.13373
1.79198
2.17224
1.84137
2.31077
1.72308
1.89764
2.30294
1.26733
2.31791
2.47227
1.48253
2.02086
2.17766
2.30309
1.90577
1.68489
2.22785
2.17762
2.15499
2.18914
1.41911
1.61146
2.33446
1.84497
2.00882
2.43177
1.88156
2.28219
2.14792
2.24858
2.53649
2.17013
2.72811
2.1042
1.96758
2.44555
1.97145
1.71031
2.5256
2.00945
1.97528
2.10111
1.43031
2.37682
2.47896
1.24358
1.65379
1.526
2.03516
2.45833
1.97884
1.9577
1.9552
1.8434
2.30498
1.6719
2.00159
2.41128
2.15489
1.96148
2.23529
2.2373
2.57869
2.3863
2.01046
1.52335
2.21483
2.09691
1.73395
1.85404
2.14348
1.65731
2.02961
2.11684
1.9983
2.17764
2.21692
2.79939
1.70461
1.94513
1.45795
2.00409
2.05009
2.35671
2.18799
2.32104
2.39792
2.25628
1.72075
2.19836
2.32288
1.40592
1.97715
1.96838
1.86553
1.40814
2.13672
1.62085
2.03828
1.87845
2.25656
2.0045
1.93303
1.76864
1.30081
2.46519
1.75384
2.25728
1.7675
1.98796
1.99755
2.36567
1.98373
1.88453
2.30292
1.72136
2.10941
2.11833
2.64027
1.7441
2.34931
1.65766
1.98481
1.81429
2.25103
1.74237
1.91122
1.66128
2.28902
2.20669
1.4881
2.01343
1.81489
1.62518
2.13112
2.17111
1.80072
2.35158
1.83812
1.7115
2.22927
1.90198
1.67882
1.72121
1.36293
2.21837
1.52322
2.11434
1.8651
2.03064
1.58066
1.63107
2.4978
2.14259
1.94291
1.57218
1.61544
2.30833
2.05106
1.65796
1.44426
1.9987
2.221
2.14101
2.01017
1.36664
2.63622
2.0442
1.37287
1.81946
2.32727
2.11014
1.70191
2.6508
1.95892
2.06611
1.7984
1.85608
2.24465
2.18951
2.65538
1.50374
2.03105
1.88173
2.09159
2.19329
1.76169
1.79229
1.56258
1.40491
2.34254
2.46816
1.46929
2.12143
1.98682
1.99189
2.40274
2.48407
1.76817
2.11618
2.08922
2.16677
1.62028
2.27138
2.03582
1.69914
2.24177
2.36526
1.75073
1.59599
2.09694
1.97985
2.26787
1.73378
1.9019
1.63951
1.74675
2.13608
2.41319
2.19426
1.88592
1.55079
1.68568
2.71926
1.75518
2.11722
1.34709
1.92788
1.53781
1.40355
2.01016
2.11855
2.0266
1.03833
2.15868
2.19422
2.5141
2.3435
1.82895
2.05407
1.58287
1.96866
1.72843
1.73932
2.2004
1.83516
1.9926
2.22168
2.51728
2.35133
2.18629
1.95956
1.66581
1.49084
2.40802
2.18263
2.40345
2.06331
1.73956
2.22358
1.96112
1.6649
1.87094
2.4824
2.38315
1.60274
2.02095
2.81419
1.77356
2.27456
1.89542
1.75035
1.77269
1.92697
1.10301
2.20861
1.97512
2.77465
1.3761
2.11542
2.28759
2.02407
2.17273
1.80548
2.26779
1.94406
2.06833
1.95301
1.70247
1.50014
2.2785
2.64968
2.10165
1.88485
1.7575
1.93497
2.41988
2.20848
2.22007
2.33685
1.98341
2.41996
1.88888
2.15285
1.92506
2.24279
2.06014
1.94434
1.55814
1.80397
1.60434
2.23341
2.14003
2.29297
1.37077
1.91564
2.11867
2.00091
2.0214
2.3192
1.81946
2.34856
2.14894
1.95523
2.06699
2.41149
1.70114
1.60881
2.1898
1.76424
2.15465
1.70463
1.92828
2.34082
2.43622
2.24773
1.2814
2.06003
2.3367
1.76807
2.01525
2.27684
2.38732
1.69896
1.93975
2.03841
2.0516
1.88751
1.89467
1.98665
2.15835
2.03732
1.98132
2.09904
2.51785
1.60339
1.89479
1.57754
1.66859
1.77501
1.90335
1.76147
2.17263
2.46087
1.86776
2.04313
2.08253
2.10384
1.85895
1.98692
1.95989
2.46418
1.69728
1.91035
1.42347
1.56216
2.0962
1.41406
2.03143
2.22043
1.84265
1.91645
1.99606
2.18404
2.4506
1.81394
1.92372
2.09835
1.78815
1.92969
2.09825
1.66864
2.28118
2.22502
1.99211
1.42437
1.85912
1.38598
1.87188
1.80733
1.13503
2.22339
2.09501
2.53605
2.21662
2.51544
1.91791
2.2001
1.90709
1.84018
1.45837
2.06627
2.39816
2.22468
1.92254
2.2689
2.12202
1.51917
1.29818
1.75675
1.61615
2.51518
1.86031
2.22262
2.23567
2.20061
2.19823
1.84774
1.81941
1.74902
2.11602
1.93433
1.92572
1.96325
1.74172
2.23247
1.95459
2.4145
1.52959
2.38362
1.95438
2.28839
1.99206
1.86711
1.72506
2.17512
1.70085
2.23425
2.06595
1.76709
1.84519
1.26652
2.09344
2.16122
1.99274
2.13069
2.56632
2.25736
1.93794
2.17403
1.59266
2.5501
1.80568
1.83765
1.47089
2.22684
1.87587
1.95325
1.69665
1.60319
1.60486
2.0404
1.98413
1.37686
2.38254
1.48693
1.66647
2.18591
2.43416
1.76107
2.23431
2.29345
2.15882
2.09193
2.00812
1.52801
2.13798
2.64398
2.07725
2.34301
2.15134
2.07852
1.99912
2.19783
1.9662
2.36697
2.00186
2.00099
1.6241
2.08368
2.26924
2.10154
2.03158
1.89052
1.78684
1.98406
1.55612
1.97605
1.74985
2.47549
1.6111
1.63979
2.35244
2.07938
1.82211
1.26774
2.13724
1.95811
2.03563
2.42777
2.2912
2.62488
2.39522
2.2651
1.57045
2.16925
2.15026
1.88376
1.64077
1.64513
1.72023
1.68985
1.66328
2.22683
1.69134
1.65713
1.78485
1.54518
2.13922
1.679
1.90005
2.34407
1.95694
1.63583
2.39485
2.0436
1.91034
1.45343
1.70403
1.93917
2.15733
1.82372
2.59837
1.99306
2.19417
1.47129
1.59361
2.12384
1.97626
1.3789
1.74765
2.07237
1.309
1.39927
1.65025
2.21498
1.58004
1.72571
2.13095
2.93549
1.84729
1.80448
2.54456
1.74683
2.42051
1.58693
2.17432
1.80644
2.27667
2.34983
1.73234
2.09778
1.86131
2.39493
1.96039
1.93952
1.50951
2.31604
1.97525
1.74599
2.29947
1.76129
2.21639
2.535
2.01993
2.02454
2.02997
2.2198
2.67063
2.30242
2.80954
1.93518
1.9664
1.68404
1.70103
1.99006
1.95459
1.91342
2.46223
2.03973
1.63868
2.37089
2.41733
2.25099
2.2047
2.04461
2.33129
1.90905
2.12246
1.83863
1.6166
1.67169
1.70019
1.43848
1.27147
2.14781
2.42657
2.21641
2.09782
2.15457
1.73346
1.81007
1.70568
2.42241
2.02545
2.38858
1.74479
1.76548
2.18439
1.57209
2.3279
2.34363
1.82404
2.1441
1.84462
1.55766
1.85822
2.13302
2.14963
1.58475
2.13172
2.35455
1.8843
2.07891
2.094
1.65689
1.92729
2.0765
1.86872
2.57926
1.40807
1.83988
2.09715
1.05233
1.71222
1.55476
1.909
2.73762
2.47176
2.22031
1.91394
2.34559
2.43884
1.97269
2.35522
1.9192
2.01231
2.6265
1.51457
2.09304
2.25436
1.85169
2.14262
1.76877
2.00192
1.91279
2.07767
2.20257
2.05862
1.83159
3.11283
1.85955
1.88105
1.47645
2.38137
2.51891
2.05781
2.21221
1.69359
2.3418
2.23204
2.39875
1.75671
1.74953
2.71931
2.03527
1.99542
1.47751
1.38717
1.73045
1.87518
1.95952
1.38324
2.21024
1.7864
2.17709
1.63576
2.10922
2.01873
1.74284
2.09069
1.63407
2.10151
1.79204
2.17578
2.30907
2.07119
2.12985
2.16434
1.89964
1.67374
2.20564
2.72348
1.93726
2.57073
1.91245
1.96418
1.75082
1.92636
2.02307
1.87316
1.73699
1.8669
1.84934
1.88569
1.90403
1.61869
2.20149
2.04433
2.02413
1.89811
2.26653
1.84074
1.69831
1.89191
1.75062
1.95104
2.22083
1.80085
1.99821
2.38775
1.52499
1.76452
2.59825
1.95918
2.13155
2.1497
1.76417
1.85343
1.6003
1.96116
2.17397
1.75864
1.59675
2.03865
1.87574
2.37287
1.75122
1.95651
1.25948
2.06873
2.3601
2.03822
2.40102
2.43227
2.15973
2.27069
1.81778
2.13249
1.97583
1.55247
2.30068
1.55611
2.44425
2.28936
1.66756
2.2294
2.54774
2.19807
1.46583
1.85911
1.8448
2.24235
2.26444
2.16446
1.98704
2.45293
2.19481
2.06185
2.14206
1.59559
2.25381
1.72508
2.00122
1.88584
2.10158
2.2592
2.57977
1.8604
1.94955
1.94073
1.8587
1.69459
2.05596
2.4106
2.11589
2.10326
1.84417
2.48494
2.32489
2.45004
1.78345
2.09865
1.69869
2.36519
1.78704
2.87993
1.94943
1.87557
1.55521
2.1798
1.63301
2.21244
2.70948
1.24404
2.1863
1.94577
2.31439
2.04072
1.75403
1.77929
1.81972
2.123
1.93065
1.14376
1.7627
2.7507
1.95285
1.73175
2.34978
1.92883
1.97322
1.90821
1.93445
2.29945
1.95575
1.77061
1.91508
1.49048
1.84613
1.91434
2.00373
2.11988
2.23829
2.34802
2.36527
2.75202
2.23023
2.65231
1.74028
2.05366
2.42801
1.57047
2.47336
2.38682
1.89394
1.9714
2.43644
2.17219
1.80674
1.91128
2.10906
2.10182
1.97998
1.71562
2.48906
2.10889
2.24816
1.90153
2.12647
2.09999
2.09174
2.49565
1.964
1.82505
1.71708
1.71595
2.06438
1.61199
1.57272
1.82833
1.9031
1.76522
1.3751
1.89767
2.26817
1.73828
1.73451
2.259
2.41887
2.09842
1.95689
1.90373
2.11741
2.28424
1.67989
3.04659
2.18846
2.11955
1.33408
2.03355
1.95986
1.99261
2.33695
1.76145
1.83767
2.01917
2.1294
2.66439
1.58566
1.53914
2.17554
2.03629
1.90103
2.11366
1.86074
2.1945
2.02786
1.8987
1.70176
1.80512
2.06136
2.05385
2.20259
1.5659
2.0925
1.48382
1.63681
2.21776
2.09226
2.10548
1.76062
1.7639
1.93766
2.11192
1.96715
2.28447
2.01845
1.84588
1.9366
2.1198
1.85006
2.18223
2.51705
1.94607
2.25309
2.42652
1.88854
1.22284
2.83445
1.65778
2.17715
2.03583
1.6394
1.72092
2.23887
1.69317
2.67967
1.62365
2.56595
1.80253
2.27438
2.4237
1.77436
2.18686
2.06708
2.08965
1.62384
2.05755
1.99404
2.04564
2.16729
2.25607
1.93218
2.39472
2.43582
2.39432
2.20541
2.3151
2.35152
1.79744
2.42372
2.07343
2.50321
2.21637
1.94601
1.50897
2.03901
1.56944
1.96533
2.48344
1.9867
2.14601
2.24368
2.22509
1.82614
1.83463
1.63548
1.69979
2.52232
1.57937
2.47878
1.48351
2.0974
1.8073
1.60607
2.13621
1.89758
2.13561
1.72345
2.13673
1.69331
1.54417
2.51192
1.57651
2.11757
2.08047
2.28815
2.20826
1.68284
1.54249
2.15496
1.70252
2.59617
1.77277
1.90913
2.24953
1.91644
2.0715
1.97213
2.00161
2.24405
2.08507
2.04779
2.00031
1.86568
2.15265
2.59736
2.30067
2.63418
1.80799
1.53292
2.25506
1.85742
1.89782
1.72105
1.61483
2.33831
2.15306
1.84159
2.08346
1.70497
2.41305
2.11089
1.91777
1.99727
2.03352
2.45505
2.0581
1.55112
2.01679
1.50385
2.2977
1.72423
1.65418
1.11672
1.87499
1.75324
1.80587
2.02129
1.74605
2.42154
2.15811
1.7838
1.98059
2.11446
2.16797
1.86738
1.75014
1.62801
2.06978
1.59926
1.67813
2.33476
2.0029
2.09128
2.24304
1.80846
1.9383
2.01897
2.5078
2.36993
1.38573
2.02296
1.78611
2.37501
2.07884
2.20851
1.78925
1.79899
2.09074
2.49755
1.83376
1.85948
2.24905
1.81246
2.10239
2.38749
2.6194
1.89613
1.3105
2.03652
1.6566
2.0653
2.35428
1.72284
2.19638
2.27469
1.97438
1.73036
1.89022
2.60906
2.29658
1.7169
2.43379
1.98378
2.02322
2.31175
1.72618
2.15015
2.14314
1.97554
2.1265
2.03382
1.85299
2.08194
1.99205
2.08273
2.32529
2.53661
2.3252
1.86458
2.12981
2.27666
2.2032
2.12544
1.65381
2.22727
1.40727
2.31064
1.7232
2.11536
2.22144
2.25472
1.57935
1.63683
2.08455
1.68576
2.10293
1.8226
1.79712
1.67145
1.65559
2.12718
1.91478
2.05263
1.81497
1.72298
1.81793
2.16849
1.7825
2.86762
1.92555
1.73696
1.39204
1.99807
1.60185
2.66554
2.08582
2.21559
1.67999
1.45395
1.9438
1.78297
2.17765
2.06276
1.84361
1.56259
1.80163
2.45344
2.41463
1.95716
2.59293
2.2019
2.17054
1.92767
2.11304
2.00353
2.1502
2.08193
2.00733
2.3747
2.07083
2.74236
1.79278
1.81113
1.93947
2.45876
2.18424
2.36691
2.06599
1.7926
2.10263
1.64334
2.03095
1.73522
2.08487
1.7771
1.96006
2.2241
1.87161
2.27665
1.89269
1.7905
1.88021
1.8424
1.96928
1.63419
1.84636
1.96942
2.21378
2.08578
1.89404
1.55243
1.5186
2.35811
1.51116
1.64956
1.96957
2.37459
2.24944
1.61636
1.45031
2.12508
1.5543
1.90828
2.30404
2.00867
2.05344
2.47226
1.70372
2.07292
1.81154
2.10959
2.03296
2.45293
2.0484
2.19694
2.12585
2.30382
2.51241
2.18761
2.38457
1.68968
1.69447
2.26127
1.35248
1.97516
1.84637
1.99023
1.96597
1.90252
2.11136
1.99706
1.85091
2.01188
1.96508
1.98232
1.96045
1.58494
1.64735
1.59106
1.65271
2.64463
2.07446
2.28562
1.59524
2.25411
2.10622
2.03785
2.05355
2.08677
1.57982
1.97401
1.90143
1.9273
1.77287
1.52973
1.93011
1.80109
2.64168
1.85837
1.95554
2.05738
2.14515
2.13774
1.84658
2.29551
1.72479
1.37926
2.01738
2.18879
2.27951
2.40171
2.27287
1.86886
2.21878
2.20112
1.64958
2.05497
2.059
1.68294
2.00481
2.25458
1.98507
2.16929
1.51582
2.04544
2.55285
1.71683
2.15663
1.98559
2.167
2.15692
2.13035
2.25383
2.00766
1.73765
2.45025
1.99167
1.46501
2.1125
1.49373
2.28139
1.69536
1.9094
1.81871
1.82694
2.34184
1.99464
2.01777
1.73551
2.10038
2.45962
1.74433
2.06152
1.61362
2.04443
1.85844
1.73307
2.33651
2.01329
1.79894
1.89477
1.6405
2.46127
1.7988
1.94042
1.76584
1.96187
1.63611
2.00266
2.34493
2.98274
2.02916
1.99511
2.07479
1.33988
2.17947
1.70086
2.27586
1.50333
2.23001
1.83944
2.12574
1.6045
1.66168
2.20317
1.90926
1.96601
2.3403
2.17925
1.94401
1.9426
2.01966
2.24423
1.74883
1.91043
2.20481
2.17933
1.19089
2.0255
1.71202
1.9374
1.87004
1.85742
1.26763
2.05801
1.79561
1.66586
1.99151
2.02581
2.33371
1.43153
2.55244
1.78861
1.83219
1.82453
2.3067
1.60883
1.68056
2.47335
1.61286
1.75481
2.20294
2.00542
1.66159
1.8318
2.04075
1.98432
2.02639
2.04385
2.18721
2.32154
1.99068
2.0138
1.91004
2.17553
1.82136
1.90674
2.07368
1.91576
1.96443
2.19207
1.77456
1.67195
2.08231
2.40308
1.69451
2.46437
1.72381
2.03802
1.96053
2.1619
2.68556
1.8477
1.92053
1.6112
2.01967
1.61131
2.1293
1.73569
1.87173
2.16877
2.47705
2.06842
1.88954
1.66805
2.51704
2.35457
1.92487
2.45673
1.92215
1.96583
2.24995
1.81936
2.25384
2.51724
2.26526
2.01727
1.56505
1.81991
2.57186
1.79661
1.39982
2.2873
2.53054
2.27343
1.88553
1.93479
1.88327
1.39859
1.91447
2.17097
2.23731
1.57964
2.39813
2.01527
2.12534
2.08468
2.01056
2.67155
2.25225
1.82454
1.72625
2.3594
2.16766
1.90544
1.94479
1.77338
1.89864
2.26918
2.16876
1.91044
1.61588
1.55662
1.90005
2.071
1.6479
2.08401
1.87015
1.90199
2.16362
2.01583
1.62505
1.7564
2.34485
1.83171
2.14713
1.69754
2.04864
1.77201
1.97816
2.47418
1.95973
2.59885
2.02023
1.84168
1.94229
1.56875
2.06043
2.39633
1.61844
2.15558
1.95426
1.78556
1.82859
1.79157
2.27469
1.23272
1.84771
1.45825
2.12063
2.09069
2.12274
2.33278
2.18813
1.78853
1.44434
1.79855
1.91271
2.16823
2.12296
1.81187
1.46589
2.05263
2.28184
2.26684
2.10031
1.50336
1.93583
1.16035
2.28207
2.23673
2.14731
1.74508
1.58386
2.02968
1.68405
1.88334
1.68868
1.70858
1.64789
1.55307
2.27931
2.51568
2.2736
2.34082
2.00019
2.51221
1.81589
2.17944
1.81358
1.88264
2.13892
1.81579
1.81985
1.89654
1.94727
2.12462
2.0904
1.79525
1.85349
1.99423
1.74112
2.24643
2.15832
2.29915
1.71029
2.15347
2.16128
1.98489
1.9878
2.15735
1.77162
2.40964
2.52404
2.41768
2.03621
2.25808
2.35432
1.95003
1.74137
2.07219
2.40146
2.30468
2.04609
1.80642
1.76217
2.48529
1.95495
1.15888
2.12845
2.10973
2.03577
1.65606
2.21685
2.09512
1.50985
1.75738
1.8143
2.3681
2.16462
1.37173
2.10835
1.66915
1.95785
2.36239
1.94522
1.34114
1.65451
2.0702
1.90638
2.27131
1.86187
2.09057
1.59001
1.96583
1.97355
2.00882
2.27888
2.92311
2.82708
1.94084
1.68173
2.10717
1.81717
2.22293
2.30084
1.80898
1.85925
1.95295
1.8657
2.23657
2.31115
2.19838
1.88742
2.37337
1.70867
1.72947
1.86014
2.28303
2.14169
1.5449
1.83306
2.58507
1.87694
3.05442
1.85162
1.80412
1.98581
1.89588
1.62509
1.99058
2.08297
1.83596
1.93681
2.03814
1.78927
2.26397
2.09597
1.92837
1.67082
1.75401
2.54371
1.93656
1.92552
1.79011
1.89476
1.86262
2.32357
2.48272
1.85373
1.99993
2.10079
1.95036
2.10739
1.96971
2.02018
1.86001
2.00898
1.81692
1.55083
1.54537
2.14104
1.64508
2.29776
1.87601
1.67896
1.92189
2.0611
1.7217
2.24319
1.69325
2.64446
1.94698
1.83018
1.54294
2.53845
1.84058
2.25728
2.04797
1.88564
1.42634
1.87399
2.25864
2.20157
1.95061
2.24872
2.12231
1.84347
2.20271
1.58189
2.09774
2.12337
1.80879
1.70312
1.76963
1.50586
2.10977
1.91292
2.04517
2.31074
1.67531
1.81016
1.38555
1.6215
2.35895
1.75194
1.5838
1.80776
1.91614
2.1655
2.28023
2.11001
1.57901
2.01168
2.16167
2.48816
1.9252
2.00382
2.02598
2.457
2.35512
2.58791
2.48527
2.02621
2.31062
2.08741
2.04721
2.52023
2.27454
1.8562
1.49859
1.54675
1.98947
2.33717
2.16939
1.60576
2.29258
1.8126
2.38747
2.04246
1.85131
1.97802
2.03229
1.69997
1.97832
2.11256
2.39837
1.76865
1.88375
2.02017
1.92945
1.99775
2.30604
1.86029
1.81553
2.32224
1.83553
1.75954
1.92928
2.05042
2.36393
2.21556
2.21146
2.24409
1.88
1.84417
2.1327
2.02906
2.03328
2.31461
2.37638
1.85021
1.6822
2.18912
2.12423
2.33592
2.24211
2.72611
2.12169
2.00238
2.6006
1.90249
1.95227
1.73753
2.03908
1.96954
2.49585
1.84319
2.63857
2.59386
2.44099
2.366
2.13365
2.18019
1.93397
1.36674
1.92013
2.34256
1.38631
2.09106
1.96072
1.97084
1.32697
2.29558
2.6895
1.74712
1.89487
2.34302
2.1951
2.15232
2.1995
1.88092
1.54671
2.08835
2.67764
1.71659
1.59382
2.05167
1.9381
2.23516
1.8818
1.93203
2.17747
2.33132
1.73896
2.24474
1.80333
2.13458
1.90844
2.32473
2.13842
1.75151
2.07549
1.94972
1.44977
1.49687
1.75222
2.07435
1.98874
2.52856
2.15074
2.26313
2.38558
1.47613
1.77021
1.6784
1.61899
1.52988
1.94036
2.04267
1.94334
2.09631
1.51621
1.92357
1.81393
2.23817
1.94463
1.2536
2.28118
2.14981
1.70588
1.40968
1.68068
1.65125
2.26477
2.02056
1.88728
1.69254
1.45965
1.64374
1.88318
1.21576
1.74162
2.1469
2.43438
1.88785
1.99916
2.90729
2.18632
2.0063
2.18321
2.24637
2.2217
2.51378
2.21786
1.88708
1.92502
2.44364
1.74201
1.96098
2.33169
1.88076
2.0876
1.97258
1.91519
2.33919
1.563
2.11237
1.8299
2.12888
2.30464
2.14801
2.6424
2.13201
2.15887
2.11599
2.10636
2.13184
1.70136
1.95724
2.09437
1.84822
1.66393
2.0892
1.40001
1.74671
1.91669
1.70773
2.05465
1.95468
1.97779
2.29659
2.06131
2.25984
1.9773
2.02494
1.95576
1.33628
2.1688
1.56013
1.89799
1.9555
2.06097
2.44059
2.04229
2.28265
2.09582
2.08026
2.1611
1.79279
2.13399
1.91037
2.23763
1.93207
2.11865
2.0085
2.26312
2.7151
1.71862
2.00208
2.3771
2.1154
1.44019
1.49424
2.46665
1.79624
1.48474
1.90692
2.11495
2.40422
2.75222
1.56694
2.42771
1.61193
1.92378
1.35509
1.69029
2.35719
2.24482
2.19562
2.30247
2.27464
1.83798
1.8596
1.55176
1.84291
2.22103
2.04887
2.26737
2.21469
1.86297
1.91371
2.21662
2.26573
1.9753
1.63729
2.49238
1.95263
1.96182
2.20725
2.10578
2.20054
1.98757
2.30112
2.09439
1.64737
1.64103
1.98817
1.72432
1.89874
2.25775
1.95296
2.05967
1.85194
2.27063
1.46164
1.43549
1.73351
2.16306
2.20257
2.125
1.9025
2.06533
1.96116
2.52258
2.10049
2.0877
2.24455
2.09997
1.84481
2.08896
2.05517
2.47343
2.00492
2.00939
1.89515
1.55648
1.97708
1.93206
2.13372
1.94117
1.96802
1.8381
2.3187
2.07958
2.05161
1.77116
1.94125
1.69063
2.21993
2.01427
2.24583
1.7573
2.11422
1.69843
1.9917
2.46034
2.06125
2.32402
1.61019
1.94617
2.08153
2.16524
1.95645
2.68985
2.18609
2.3651
2.02266
2.21106
1.97651
2.15938
2.46833
1.49026
1.6716
1.89348
1.8453
2.32608
2.00427
2.18198
1.97849
1.9201
1.70045
2.55358
1.88544
1.9624
2.37771
1.92625
1.79779
1.91217
2.46584
2.19932
2.32469
1.14143
1.95229
2.06236
1.81016
1.51362
1.97865
2.42096
2.15128
1.88359
1.81507
1.92734
1.69073
1.89559
2.10275
1.93691
1.90005
2.00042
2.14159
1.74541
2.08782
1.92965
2.31447
2.22424
1.77224
1.72495
2.48422
1.8752
2.38423
2.33123
2.18533
2.02304
1.45146
1.71819
1.97374
1.70888
2.18189
2.55865
1.60661
2.22707
2.21797
2.63326
2.34712
2.24986
1.57785
1.82595
1.97512
2.07825
2.16526
2.07326
2.24182
1.90206
2.13332
1.8498
2.6859
2.09733
1.75827
1.60714
1.88547
1.92659
1.56636
1.99311
1.69219
1.87672
1.84089
1.96244
2.67682
2.27707
2.02879
1.9766
1.96721
2.08192
1.92352
1.87046
2.5256
1.59632
2.34983
2.36292
2.21436
2.29441
2.31959
2.15361
1.86546
2.04505
1.35415
1.9445
1.65717
2.31948
1.87708
1.52178
1.92716
2.49404
2.05981
2.5566
1.86889
2.18783
2.01554
2.44772
2.64374
2.17023
2.67188
1.41663
1.94817
2.01299
2.2805
1.88813
1.70343
1.95747
1.46708
1.53481
2.44356
1.86615
2.37155
2.10836
2.0976
2.08489
2.66096
2.00583
2.73357
2.50834
1.61334
2.14883
1.97018
2.08204
1.7756
2.01174
1.6174
1.92905
2.16176
2.22385
1.81398
2.0977
1.73791
2.21166
1.77279
1.7863
2.05464
1.7468
2.15412
2.16625
1.45511
1.93759
1.87712
2.41047
1.93484
1.84812
1.80883
1.6936
1.73349
2.45887
1.6521
1.97486
2.22585
1.5129
2.32272
2.15053
1.51826
2.37831
1.86155
2.00813
1.82162
1.84795
2.08629
1.26862
1.87407
2.16538
1.32458
1.71928
2.5875
2.59557
1.36587
1.93964
1.98577
1.44109
2.0306
1.66218
2.07797
2.47073
2.15934
1.85999
1.72569
1.95086
2.11069
1.47784
1.90595
1.58013
1.60011
1.97136
2.24563
2.52716
1.89391
1.99424
1.89665
2.34475
2.40514
1.26638
2.07859
2.19013
1.23352
2.1906
2.00406
2.33001
2.33163
1.95455
1.78824
1.64847
2.0313
2.22139
2.25039
2.30777
1.83198
2.22137
2.11295
2.27126
2.12003
1.72315
2.0005
2.41765
2.05606
2.03101
1.84223
1.97997
2.21986
2.13859
2.26958
1.96273
1.90731
2.15056
2.17661
2.19991
2.03668
2.09112
1.98138
1.95772
2.33943
2.17586
1.84985
2.1286
2.01524
1.66245
1.69376
2.18329
2.16901
1.74319
2.52052
2.61138
1.99865
2.23891
1.9792
1.68261
2.13505
2.10307
2.05787
1.76247
2.38601
2.13103
1.62204
2.27434
2.19833
1.9378
1.97729
1.93319
2.03175
2.73022
2.54566
2.06359
1.52068
1.86789
1.6483
2.22605
1.91995
1.77228
1.67547
2.55962
2.66489
2.15954
2.20387
2.0467
2.11582
1.64699
2.00825
1.82734
2.25382
1.80458
2.02332
1.62261
1.83053
2.76654
1.91796
2.05309
1.80409
1.98377
1.89503
2.27373
1.60502
2.20937
2.57916
2.49046
2.12977
1.72727
1.84314
2.031
1.85846
1.91163
2.39224
1.91914
2.65252
1.52112
1.82847
1.91973
2.33007
1.85181
2.19342
2.3835
1.53661
2.07403
1.47008
1.58518
2.33409
1.8033
2.27707
2.22945
1.818
2.22475
2.30477
2.12269
1.83642
1.77113
1.92801
1.59858
1.58415
2.14191
1.6959
1.97761
1.96424
2.18081
1.83257
2.38072
1.66195
2.213
1.69825
1.95345
1.83858
2.3633
2.13142
2.22996
1.50552
1.82146
2.22243
2.27728
2.29724
1.87496
1.91506
2.3464
1.74441
2.1951
1.75871
2.28194
2.54164
2.1676
2.16436
2.04292
1.67393
1.94551
1.33722
1.34797
2.35668
2.14111
2.56617
1.86014
1.94604
1.78644
1.82019
1.76892
1.50268
1.76002
1.51198
2.31272
1.90582
1.86845
2.2171
1.96144
1.9295
2.51454
1.94077
1.42312
1.66534
1.80338
1.92267
2.32807
1.76702
1.77629
2.04271
2.16302
1.91064
1.71596
2.16558
1.56487
2.2235
2.10316
1.93776
1.92322
1.54406
1.9262
1.96728
2.11311
1.74187
2.0094
1.7691
1.94112
1.72312
1.54128
1.83375
2.21421
1.73373
2.06831
2.43839
1.55441
2.36426
2.16327
2.00586
2.34758
1.76562
2.11965
2.32404
1.66746
2.11836
1.86891
2.34863
2.06361
1.93899
1.52485
2.32852
1.8664
1.91914
2.55849
2.01511
1.7411
2.01539
2.45538
1.98483
1.38731
2.81258
1.92213
2.15074
1.88835
1.9828
2.02309
2.71713
2.27042
1.89655
1.84615
2.11403
1.81953
2.12431
2.08536
2.03462
2.24512
2.2204
2.44735
1.91847
1.7161
1.83244
2.34636
2.33374
2.5467
1.5638
1.53617
1.87476
1.74431
2.84269
2.17489
1.63772
2.1351
1.96344
1.79393
1.89072
2.16613
1.50309
1.34738
1.91183
1.85979
2.4438
1.82001
1.85326
1.82742
1.96632
2.10064
2.52672
1.22501
2.04759
2.06101
1.99832
1.96461
2.30444
2.52431
1.74456
1.82678
2.30361
2.20775
2.041
2.01693
1.98666
2.76139
1.71118
2.14404
2.09957
1.6847
1.63939
2.04758
2.08359
2.25711
2.2295
2.12656
2.29876
1.78549
2.35002
1.92301
1.85714
2.04882
2.1673
2.70826
1.7074
2.30949
2.19734
2.00822
1.83704
2.20773
2.08242
2.04269
1.72451
1.59599
1.8227
2.1975
2.37935
2.30247
2.34853
1.41412
2.02363
1.94286
1.88674
1.63048
2.01174
1.65847
1.72953
1.83925
1.88371
2.03908
2.45911
2.34069
1.85579
1.98101
2.11874
2.23322
1.75157
1.59722
2.03081
1.80723
2.00349
1.85638
1.51248
1.45889
1.97475
1.91508
2.21664
2.3543
1.65502
2.08657
1.78427
1.30864
1.86596
2.3278
1.91692
1.80851
2.0908
2.17518
2.43031
2.56103
2.25785
1.63145
1.85979
1.80921
2.06707
1.55283
2.08594
2.14675
2.57214
2.19671
1.96225
1.82758
1.63082
1.84712
1.89457
2.30673
2.07094
1.71359
1.95344
2.16889
1.84106
1.76105
2.37536
2.18919
1.79834
1.94415
1.92681
1.66849
2.01886
2.20094
2.18648
2.6173
2.24242
2.12311
1.8965
1.96072
2.06172
2.35324
2.0064
1.67311
2.06037
2.78106
1.47454
2.08983
1.49164
2.4859
2.01211
1.40088
2.00593
1.70644
1.89385
1.99581
1.96824
2.09543
1.3728
1.717
2.16121
1.92001
1.87126
2.00398
2.01923
2.40997
2.01195
1.78325
2.17943
1.77005
2.05691
1.65626
1.89942
1.92888
1.44255
1.90387
2.24942
1.98215
2.21954
2.58154
1.89073
1.91308
2.38656
2.38469
2.06152
1.90278
1.99694
1.85621
1.52073
2.45109
1.97641
2.2505
1.99542
2.56374
2.25746
2.51224
1.20027
1.74801
1.71817
2.50595
2.18166
2.10796
2.42124
2.32448
1.9319
2.15116
2.05257
2.04617
2.45418
1.91113
2.274
1.71948
2.37827
1.73142
1.60178
2.28151
2.12939
1.73643
2.57589
2.00698
2.02505
2.17705
2.03849
1.73666
2.27377
1.52763
2.07725
1.57209
1.80869
2.00914
2.38661
1.9211
1.59173
1.79239
2.03395
1.47389
2.26724
2.3504
1.37324
1.75146
2.13118
1.57725
1.28915
2.37109
1.89693
1.3359
1.72809
2.42004
1.90695
2.19377
2.47687
2.24001
2.61704
1.61179
2.15346
2.27869
2.20395
2.24094
2.32691
1.61446
2.3665
2.09821
1.83535
1.80499
1.94431
1.8404
1.98187
1.71773
2.01915
1.70422
1.73315
1.46876
1.31994
1.85215
1.76748
2.15164
2.17475
2.64867
1.83972
2.13551
2.02972
2.06512
2.2358
1.68342
2.13995
2.33192
1.71376
2.20125
1.9566
1.33456
1.90526
1.54096
1.96641
2.56717
2.01139
1.77073
2.08977
2.20772
1.87272
1.89662
1.85731
1.6647
1.71763
2.04524
2.07931
2.09461
2.23571
2.14967
2.04712
1.99077
1.70659
2.36413
1.7184
1.82239
1.71579
2.08505
2.1941
1.86051
1.92395
1.85166
2.01513
1.79892
1.62038
1.67499
1.88176
2.03022
2.13219
2.00151
1.79264
2.15107
1.47795
2.00496
2.12401
1.84188
1.72951
2.64028
2.10866
2.57645
1.53875
2.59318
1.783
1.21943
2.35269
2.02004
1.84864
2.49395
1.52658
2.0092
2.42968
2.27392
2.11018
1.78691
2.09398
1.65906
1.40514
1.66676
2.54455
2.24811
2.36999
1.49874
1.96338
1.89384
2.04135
1.92864
1.95453
2.11783
2.19397
2.54969
2.1548
1.94259
2.14346
1.87005
1.76596
1.83675
2.07754
1.8208
2.47006
1.68197
2.02325
1.45243
2.0872
2.42107
1.6294
2.41759
1.86877
1.74015
2.43686
2.02918
2.10054
2.29374
2.19108
1.85734
1.84492
1.88867
2.01118
2.09819
2.58466
2.30483
1.32505
1.66205
1.99052
2.00483
1.98662
1.69314
2.18445
2.0583
1.8882
1.55008
1.69567
1.77385
1.72112
1.61485
1.87352
1.70817
1.97605
2.30861
2.45126
1.89734
1.94302
1.88882
1.68508
1.86017
1.8733
1.99581
2.32802
2.10867
1.38208
1.6225
1.45205
2.14909
2.27106
1.81492
1.68706
2.37004
2.298
2.28467
2.04304
2.3685
2.30225
2.01883
2.30538
2.14626
2.12362
1.94664
1.61783
2.24113
1.87702
2.14335
2.58648
2.11764
2.21269
1.49049
2.05221
2.27048
1.64021
1.90219
2.28633
2.33688
1.9562
2.2474
2.24022
2.55441
2.07343
2.45317
1.69774
1.87566
2.06578
1.75136
1.70945
2.08568
1.84487
1.53944
2.20853
1.82231
2.11416
2.42649
1.97343
1.87241
1.62498
2.66526
1.9946
2.36778
1.50379
1.75326
1.76863
1.90066
2.22889
1.82843
1.4453
1.78956
1.92158
2.06798
2.37663
1.94718
1.69932
1.5738
2.02148
1.73811
2.17234
2.22259
2.35676
1.69889
2.09762
2.07965
1.63214
2.21517
1.74029
1.99157
2.12583
1.69673
1.8386
1.70406
2.08327
1.84815
2.1557
2.11829
1.16723
1.77657
2.42673
1.92437
2.63421
2.15645
1.66548
1.69939
1.67118
1.48587
1.97495
2.06696
2.25629
2.39802
2.19316
1.74759
1.78113
1.70131
1.72906
2.174
1.77613
2.18943
2.16504
1.85975
1.99597
2.01023
1.43629
2.34647
2.45554
2.51021
1.80158
2.06707
1.90341
2.32574
1.99502
1.91252
2.39905
2.92272
2.11819
1.86156
2.02146
2.20372
1.90091
2.16763
1.98049
2.36796
1.97643
2.13057
1.76788
2.16769
2.2074
2.12143
2.29718
2.02769
2.04554
2.44891
2.02848
1.97299
1.73734
1.79804
2.54064
1.71661
2.10484
1.84538
1.52455
1.74068
1.79901
2.03876
2.28361
1.87926
1.88722
1.61811
1.63499
2.37326
2.26797
1.955
2.17203
1.76206
2.38739
1.54625
2.2948
2.25658
2.50579
2.35926
2.09179
2.00854
2.00279
1.74247
1.87081
2.08033
1.63249
1.86245
1.98723
2.2143
2.25771
2.1077
1.77265
2.13982
1.89778
1.66145
2.1575
3.05197
1.76038
1.80778
2.14402
1.84019
2.35494
2.22282
2.32445
2.09287
1.66174
1.73632
1.88193
2.08209
2.34837
1.74869
2.09228
1.86704
1.98575
1.84008
2.16261
2.78996
2.02334
2.19961
1.90388
1.60695
1.92044
1.85463
1.82794
1.94743
2.15486
2.35848
1.93684
1.99056
2.44926
1.85151
1.74515
2.46855
2.23311
1.62647
1.9041
2.23669
2.65947
1.49944
2.43626
1.28659
1.75651
1.60928
2.01707
1.75114
2.17247
1.92531
2.16111
1.90944
2.41568
1.63767
2.06049
2.14042
2.11254
1.3958
2.37546
2.03437
1.91375
1.96461
1.84722
2.01435
2.86874
2.2328
1.85731
1.846
2.07693
1.52417
1.27624
1.62946
1.8125
2.62841
1.67605
2.33011
1.89234
2.27961
1.81671
2.1389
2.13279
2.30411
1.84144
1.87852
1.91042
1.70657
2.08384
1.65096
1.78076
1.99451
1.9051
2.21944
1.69156
2.3339
1.41899
1.80757
2.09906
1.76783
1.54119
2.21757
2.48993
1.625
2.09299
2.83663
1.81892
1.98312
1.77918
2.4358
1.48822
2.05488
2.11358
1.92166
2.47249
1.74808
1.89285
1.75408
1.99821
1.82465
2.56667
1.88429
2.18176
2.8099
1.53914
1.99086
1.54889
2.11799
1.45626
1.79669
1.76145
2.32508
2.25658
1.79907
2.3651
1.07762
1.51705
1.92641
2.22801
2.17999
2.4482
2.34157
1.82621
2.15565
2.2074
2.46701
2.04779
2.51093
1.47908
2.44282
1.79134
2.01716
2.23012
1.48451
1.84058
2.32652
1.91946
1.77819
1.74627
1.49845
1.68849
2.08056
2.14507
1.76703
1.76998
1.71671
2.13059
1.98936
2.04707
2.14523
2.41332
1.74134
2.38861
2.11347
2.33124
1.98618
2.6444
1.98995
1.91488
2.11227
2.27891
1.43116
1.66537
1.96705
1.88759
2.23452
2.3238
2.31521
2.17111
1.69303
1.57576
1.9115
2.09506
1.83787
2.21243
2.32531
2.25132
2.69346
1.86849
2.30289
2.31982
2.10083
2.03694
1.6661
2.03601
1.97507
1.89631
1.9588
1.81993
2.29925
1.81391
2.41255
2.36368
2.04391
2.25232
1.9161
2.42431
2.22058
2.06782
2.00712
2.17012
1.42712
2.3048
2.12524
2.75439
1.66587
1.76847
1.48573
1.59277
2.60209
1.72819
2.05862
2.15494
1.77872
2.10311
2.20257
2.01549
2.07721
2.15856
1.78521
2.23182
2.12268
2.18526
1.94368
1.55823
1.8939
1.6642
2.29104
2.20862
1.76998
1.73996
2.1166
1.76015
2.02531
1.94492
1.97809
1.95575
1.73988
1.88011
1.92565
1.88321
2.17271
1.6428
1.8385
1.8612
2.122
2.28312
2.3251
2.04294
1.55976
2.15148
1.89596
1.7238
1.0748
1.91844
2.00322
1.87872
1.78375
2.31703
2.11226
1.44115
2.44539
2.37244
2.16541
1.74739
2.26103
2.14129
2.20419
1.82523
2.19065
2.41128
2.32922
2.37906
2.24759
2.17651
2.3878
2.2001
1.83915
2.26923
1.71089
2.11448
1.89604
1.22551
1.88228
1.42267
1.75066
2.51359
2.54436
2.33354
1.62234
1.78402
2.10768
1.95375
1.99761
2.01493
1.67646
2.46262
1.41177
1.82149
2.04615
1.96595
2.30612
1.90535
1.6918
2.12771
1.71241
2.28587
1.77535
2.25604
1.82193
2.11097
1.91441
1.72497
2.15148
2.28529
2.03094
1.88427
1.51983
1.72381
2.41731
2.31191
2.01516
1.6266
1.93313
1.79956
2.06872
2.22327
2.18449
2.42627
1.76238
1.88796
2.15883
1.94372
1.97943
1.72478
1.61156
2.39222
2.19738
2.18132
2.05169
1.95069
2.12676
2.02571
1.69968
2.19805
2.04994
1.9961
2.15395
2.09338
1.71313
1.7584
2.3727
2.20555
1.56448
2.21959
1.57493
2.26342
1.76687
2.06227
2.02369
1.70374
1.54546
1.9685
1.83543
2.14203
1.42796
1.52317
1.94687
2.07161
1.75474
2.39666
1.65568
2.28089
1.47218
2.25902
1.96995
2.18896
1.79513
1.94154
2.02658
2.31727
2.26108
1.8649
1.60766
1.4699
1.56256
1.79809
2.20212
1.99618
1.86638
2.15068
2.02871
1.37823
2.11874
1.83055
1.99264
1.66907
1.78297
2.10107
1.60384
2.43977
1.86
2.57406
2.17856
1.22972
2.05378
2.30676
1.60342
1.86356
1.53491
1.9906
2.078
2.15054
1.97898
2.14083
1.8466
2.39954
2.04435
1.67457
1.95852
2.17167
2.37533
1.80422
2.0571
1.50741
1.72415
1.76261
2.40404
2.79731
2.3939
2.19594
1.88475
2.05237
2.08665
2.33455
2.09823
1.86332
2.01624
1.85013
2.04071
1.88045
2.11107
2.15123
2.29254
2.0497
1.96655
2.47868
2.26026
1.79022
2.4134
1.87867
1.98646
2.46481
1.9443
2.06724
2.1798
2.08538
2.62621
1.76867
2.3491
2.07733
1.68339
2.21286
1.99283
2.09088
1.70922
1.98534
1.85777
1.93457
1.95846
1.83791
1.97378
2.25373
1.95884
2.11706
2.02373
2.08013
2.43633
2.08296
2.04266
2.15841
1.875
2.54195
1.92258
2.18209
1.76608
2.15044
2.1382
1.73544
1.6679
2.61483
1.57394
1.82486
2.43434
2.22242
1.91832
2.18127
1.41183
1.45496
2.40851
2.04659
2.01027
2.10062
2.55984
2.34047
1.83568
1.8367
2.07106
2.58591
2.00058
2.43502
2.05453
2.11229
2.21225
2.51409
1.97803
2.097
1.78279
1.83359
1.77545
1.91996
2.01383
2.07581
2.0823
2.17721
2.286
2.30384
2.29555
2.03105
1.78204
1.97733
2.13709
1.94696
2.21537
2.68539
1.68287
2.15919
1.74063
2.37609
2.47428
1.34636
1.91127
1.448
2.32851
2.49031
1.3804
1.88574
2.04768
1.65209
1.8872
1.80152
1.94364
1.6971
1.51594
1.83451
2.63111
1.67286
1.98301
1.97181
2.07816
1.58383
1.87066
2.44075
2.25269
1.79338
2.47343
2.13592
2.02939
2.28284
2.09269
1.94256
1.97145
2.06283
1.78372
1.42357
1.52494
2.13372
1.98127
1.75321
2.28428
2.1519
2.68534
2.0037
1.87615
1.97219
2.30197
1.95861
2.00336
2.27181
1.99166
2.29516
1.20571
1.94598
2.15208
2.09301
2.50595
2.38564
1.52848
1.85647
2.19104
2.49822
1.62245
2.05079
2.13889
2.13038
2.00855
2.11404
2.38262
2.30169
1.87657
1.47539
2.06806
1.93408
2.06597
2.49715
1.98279
2.16877
2.22347
1.81187
1.93225
1.62858
2.35082
1.93074
2.05451
2.04611
1.86809
1.87546
1.66802
1.59175
2.58887
2.12622
2.00108
1.88365
1.87059
1.77157
1.67528
1.87588
2.02245
1.63514
1.83941
2.05411
2.46852
2.16158
1.6345
1.92969
1.75815
1.97657
1.63536
1.40023
1.6705
2.02418
2.3749
2.41622
1.6681
1.66415
2.16248
2.0311
2.30201
2.0408
2.5757
2.34231
1.70784
1.92078
2.33042
1.97913
1.47307
2.22659
1.88763
1.69803
2.42673
1.41999
1.96342
2.04342
2.41431
1.92822
1.68981
2.21689
1.84661
1.91832
2.10372
2.23995
2.21751
2.23955
1.81617
1.77488
1.9607
1.48104
2.16702
2.0169
1.84788
2.19816
1.72421
2.30551
1.51257
2.29274
2.05222
1.89048
2.16773
2.23435
1.88688
2.22461
2.32763
2.38529
1.94245
1.66611
1.73521
2.07089
1.80637
1.76223
1.8832
2.25271
2.30577
2.04842
1.63051
2.14593
1.95482
2.4556
1.72916
1.61748
2.13476
2.12943
1.88992
2.7026
1.68005
1.44932
1.9353
1.59046
1.70922
2.0372
1.82952
2.30967
2.57526
2.31664
1.93642
1.81828
1.9262
1.13735
1.49599
2.57396
1.90351
1.92017
2.33588
2.16615
1.76491
1.85189
2.30896
1.91068
1.74169
1.68245
2.31613
1.84938
1.79931
2.34221
1.92231
1.82288
1.58292
2.52868
1.68871
1.96465
2.12019
2.44658
2.19958
2.02085
2.34495
1.47285
2.28786
1.84712
2.47094
2.19401
1.60315
2.04889
2.06446
1.25681
2.24351
2.08835
1.88304
2.27573
2.10405
1.97941
2.2523
2.29469
1.78227
1.06364
1.9188
2.19053
2.69701
2.2283
2.26626
1.64779
1.90163
2.25172
2.26344
2.12597
1.94743
1.75676
1.67602
2.36371
2.53951
2.04402
1.86513
2.17789
1.69668
1.86698
1.8981
1.63624
2.44172
2.2201
2.24291
1.33665
2.22735
2.074
2.33104
1.80415
2.35726
2.13413
1.75375
2.22726
2.09265
2.38218
2.03027
1.75462
2.46758
1.68426
2.06436
2.3623
1.7653
2.04728
2.07532
1.66517
2.19477
2.11198
2.23349
1.70578
2.14833
1.62652
1.08026
2.01582
1.4987
1.86583
2.23789
1.78403
1.7725
1.89544
1.99197
2.44518
2.60109
1.89626
2.32848
2.1431
2.217
2.08476
1.85339
2.08658
1.56875
1.98509
2.18145
2.19548
2.30393
2.48224
2.02424
2.35191
2.47696
2.07809
2.05632
1.92612
2.58966
2.37269
1.95086
1.59637
1.762
2.21957
2.56378
1.99188
2.21236
1.90721
2.20126
2.0676
1.74017
1.83061
1.75331
2.60064
2.26103
1.94658
1.60126
2.47
2.46086
2.57027
2.10984
1.75234
1.99309
2.16455
1.89887
1.95126
2.10842
2.21562
2.40995
1.99027
2.34112
1.45659
2.19687
1.89417
2.35604
2.28841
2.40404
1.7376
1.70904
1.6152
2.25247
2.25579
1.65634
1.76538
2.38669
1.63495
1.46684
2.33414
1.81144
2.3808
1.99257
1.99845
1.7916
2.03206
1.84749
2.18104
2.40879
1.9018
1.73877
2.79681
1.9673
1.46328
1.65739
1.74405
1.97161
1.99257
1.60627
2.15771
1.79918
1.78377
1.92752
2.26144
1.06827
2.08657
2.06306
2.74299
2.45387
2.15128
1.85282
2.31833
2.00653
2.40932
2.05998
1.55896
1.76823
2.20093
1.96333
1.79969
2.54457
2.13255
1.83179
1.99156
2.50378
2.0182
2.0588
2.33709
1.82913
2.09698
1.89193
2.2469
2.381
1.40099
2.04478
2.46479
2.13446
1.88675
2.3781
1.93947
2.03836
1.93821
1.68808
2.03306
2.34625
2.08989
2.44377
2.13536
2.00655
2.46599
1.95797
1.94833
1.49544
1.88808
2.00257
2.1387
1.52951
2.33845
2.43198
1.63521
2.40344
1.79308
2.77193
2.0968
2.11759
2.02221
1.61303
2.06078
1.94621
1.94342
2.44068
2.32049
1.48376
1.88166
2.40608
2.38721
2.25701
1.61113
1.87302
1.85987
2.00242
2.15835
1.81669
1.95967
1.95223
1.60428
1.57075
2.29678
2.53552
1.7491
2.21236
2.14854
1.775
1.51509
2.0248
1.999
2.28265
2.11775
2.62198
2.39279
1.63941
2.33337
2.19025
1.60573
2.35797
2.25648
1.72894
2.02185
1.6376
2.48838
2.0281
2.15614
1.81706
1.94487
2.14889
2.46104
1.77371
2.29113
2.19422
2.07189
2.00565
1.81415
2.17983
2.38823
1.6214
2.04606
2.01378
2.33043
1.61282
2.33631
1.65884
2.05984
2.10487
2.11059
1.78434
2.19005
2.25678
2.189
2.29445
2.45453
2.22592
1.60335
1.73515
2.39968
2.06372
2.07165
2.35998
1.77774
2.36377
2.1433
1.62151
1.14407
2.41159
1.35518
2.35548
2.29345
1.97503
1.49034
1.99094
2.16979
2.19054
2.50019
2.26679
1.77123
2.63455
1.76095
1.78531
1.65153
2.03289
2.21913
1.93869
1.99736
2.26684
2.19042
1.90927
1.77727
1.83049
1.9455
1.88114
2.23022
2.33189
2.4403
2.37605
2.13787
2.20858
1.99549
2.168
2.27304
2.32889
2.01063
2.26915
1.84049
1.88537
2.59448
2.31306
2.15307
1.98746
2.01669
1.91449
1.6476
1.56749
1.91816
1.68468
2.10126
1.54714
2.27285
1.85712
2.09313
1.84944
1.86765
2.58675
2.29665
2.17205
2.03914
1.8132
1.96935
2.2315
2.30006
1.71743
1.33215
2.8138
1.94358
2.75554
2.27904
2.01525
2.09934
1.78661
1.54683
2.48383
1.90015
1.9824
2.59429
1.41585
2.889
1.5548
2.32965
1.6491
2.31541
2.09603
1.99098
1.74353
2.21298
1.43941
2.2239
1.86014
2.29058
2.30543
1.85191
2.3047
2.11018
1.86018
2.33398
1.44589
1.61088
1.88406
2.35517
1.67708
1.1744
1.91033
2.07592
2.7341
2.1985
1.80636
1.76222
1.96861
2.07224
2.13895
1.6173
1.99339
2.85182
1.83049
2.36588
1.78789
1.99874
1.54372
1.58318
1.85267
1.85925
2.25443
2.01879
1.98605
1.80337
1.73956
1.58964
1.90157
2.00029
2.44526
2.1256
1.97828
1.90496
2.0423
1.96038
1.15265
1.75097
2.0075
2.26561
2.44207
1.65905
2.26727
1.90714
1.68201
1.77627
1.97845
2.50559
1.6481
2.54544
2.21996
2.21465
1.77743
2.00351
2.00367
1.98424
1.83778
2.25539
1.09949
1.98284
2.09584
1.73646
1.49711
1.62621
2.07378
1.89334
2.11194
2.12679
2.40287
2.17783
1.98934
1.7953
2.19115
2.1926
2.47312
1.95768
1.74788
2.31416
2.14727
2.24539
1.48006
1.8685
1.64059
1.86597
1.85609
1.19316
1.98539
1.79388
2.32404
1.78925
1.54117
1.91063
2.12982
2.07688
2.00499
2.07524
2.04605
2.03108
2.16532
1.86307
2.61975
2.36002
2.25246
2.28883
2.22732
1.67451
2.10639
2.3034
2.22995
1.82442
2.07765
1.83878
2.03732
2.01892
2.23077
1.59437
1.90447
1.72063
1.5052
1.64148
2.00494
2.0954
2.09194
2.04286
1.95163
2.15027
1.71484
2.55791
2.26451
2.19095
1.85973
1.92631
2.51987
2.10355
1.70777
2.16066
1.93688
2.12745
2.39711
1.75678
2.43983
1.65238
1.51563
2.02532
1.64147
2.5843
2.15292
1.77408
1.85213
2.03904
2.32512
2.30701
2.13624
2.19208
2.22831
1.36345
1.72171
2.14065
1.97303
2.19132
1.49503
2.16831
2.49745
2.00784
1.82966
2.14527
1.47805
2.05741
2.06483
1.71511
1.50719
2.29617
1.53387
1.97817
1.89662
1.84634
2.06907
2.21363
1.77604
2.19551
1.54591
1.85554
2.4122
1.66757
2.03004
2.62455
2.26512
1.78323
2.65735
1.85634
1.77106
1.93951
2.52529
1.99827
2.01044
1.98417
2.09536
2.17596
1.52991
2.12706
2.65244
1.59665
1.77361
2.62486
2.22535
2.17177
2.18791
1.66226
2.24664
1.92969
2.30634
1.49866
2.06149
2.29015
2.41947
2.24404
2.05003
1.90996
2.45905
2.3446
2.45566
1.99436
1.59111
1.84749
2.17607
2.16093
2.27275
2.11418
1.57376
1.75791
2.64085
2.30866
2.15756
2.47164
1.74813
2.21374
2.1641
2.01596
1.55485
2.04202
2.03556
2.09878
1.7421
2.25749
1.5222
1.84193
2.56195
1.80466
1.69301
1.56436
2.47318
1.90621
2.12099
1.69823
1.50754
1.80654
1.8354
2.30182
1.81002
2.24696
1.80652
2.43252
1.73079
2.02047
1.40443
2.28957
1.84484
1.70162
1.67985
1.65724
2.41479
2.56776
2.46582
1.86639
1.81004
1.75536
1.97247
1.99804
2.05939
2.40311
1.69289
1.90736
2.03698
2.33454
1.68947
1.71077
1.88888
2.37328
2.58547
2.06924
1.25522
2.01907
1.88417
1.77332
2.11204
2.238
2.81032
2.27175
2.05754
1.88658
2.33453
1.41346
2.02778
1.63935
1.89992
2.43554
1.51558
2.1592
2.05133
1.70364
1.63575
1.98803
2.39827
2.22676
1.92831
1.78229
2.45103
1.81575
1.97776
2.71451
2.37256
2.01776
2.18673
1.96086
1.93498
2.16388
1.98399
1.92277
2.15152
2.67367
2.28434
2.26986
2.33539
1.8503
1.74612
1.81881
2.14272
1.94598
2.16312
1.81308
1.35639
1.75484
2.20334
1.8628
2.13329
2.54839
2.37943
1.69403
2.27513
1.87746
2.19895
1.79778
1.98113
2.25829
1.65022
1.62556
1.87268
2.31093
1.8261
2.13949
2.10016
1.84852
1.69088
2.19153
2.15452
2.15959
1.97069
2.22685
1.90142
1.66106
2.46938
2.36536
2.3012
1.56629
2.03331
2.27108
2.04133
1.80947
2.0216
2.00143
1.87045
2.37824
1.73124
1.90365
1.73966
2.05513
1.57313
2.44043
2.06524
2.09725
2.07938
2.27486
2.04555
1.92937
1.82614
1.88334
1.68973
2.30114
2.32917
2.33198
2.09167
1.72653
1.73514
1.66775
2.33502
2.23263
2.26296
1.63176
1.66446
1.53972
2.56245
1.73392
2.09157
1.7134
2.32063
1.77705
2.72823
2.41942
2.1216
2.13947
2.34295
1.8276
1.51702
2.13226
2.04661
2.11067
2.00345
1.8394
1.69783
1.5928
2.16248
2.7026
1.38994
1.96224
2.26593
1.56223
2.44864
1.90679
2.27534
1.6438
1.86291
2.24102
1.97989
2.20425
2.22214
1.91282
2.12172
1.16582
2.1049
2.33256
2.07094
1.71569
1.96291
2.20528
2.07368
1.95412
1.5406
1.8041
2.41153
2.14581
1.7605
1.39803
2.03028
2.01037
2.43469
1.85113
1.8598
2.36234
2.26852
1.66232
1.93692
2.09073
1.90321
2.19605
1.92327
2.02205
1.73432
2.16685
2.09505
1.84809
2.28916
2.58327
1.59036
1.7461
1.95082
2.1542
2.01539
2.39437
2.2145
2.23925
2.46168
2.14018
1.76477
2.04074
1.13883
2.07881
1.6923
1.47284
1.9747
2.03496
1.6542
1.42766
1.75609
1.74979
1.94938
2.08382
2.49151
2.81939
2.0878
2.0736
1.95053
1.81532
1.83425
2.05391
2.18747
1.95899
1.86088
1.82422
1.45937
2.02943
2.34523
1.80958
1.89462
1.45397
1.93534
2.09024
1.64204
2.2795
1.71194
2.04707
2.13603
2.47843
1.73191
1.80345
2.27163
1.5543
1.41446
1.36658
1.84232
1.85388
1.84774
2.32693
2.12931
2.11237
2.03757
1.83425
1.6364
1.97153
2.12218
1.92386
2.044
2.18388
1.76032
1.93746
2.00492
1.69912
2.0197
1.85766
1.92625
2.41254
1.7134
1.92866
2.20176
1.68173
2.13121
1.66802
1.77077
1.61621
2.17983
1.68354
2.20227
2.14773
2.0266
2.49217
1.4297
1.88378
2.02374
1.96733
1.60023
2.21012
1.32345
2.16342
2.12943
1.79619
1.74145
1.90905
2.2777
1.97837
2.49985
1.91887
2.30094
1.9881
1.46733
1.69763
2.32431
1.93811
1.25521
1.59118
1.62513
1.21487
2.36717
1.78849
1.92728
2.01426
2.00799
1.73066
2.19184
1.91603
2.05127
1.86528
2.45322
2.07811
2.3528
2.36377
1.70488
2.03796
2.15268
1.58188
2.25756
1.67296
1.87863
2.26636
2.16618
2.02282
1.79475
2.1328
2.13906
1.79571
1.96404
1.78904
1.91955
1.89705
1.82177
1.88002
2.39744
2.13956
2.21318
1.90381
2.31509
1.7251
1.7645
1.93847
1.86818
2.49095
2.31444
2.07425
2.32244
2.03063
1.95964
1.30081
1.97959
2.02709
1.84104
1.60003
2.14191
2.3711
1.88668
1.24824
2.21263
2.25232
2.09954
1.8931
1.59474
2.21202
2.2381
2.24418
1.5149
2.21767
1.99225
1.87428
2.07612
1.8016
1.75118
1.58379
1.66171
2.06853
2.22848
1.85292
2.42185
1.89473
1.99594
2.26508
2.21855
2.02582
2.24757
2.76522
1.52036
1.94624
2.16018
2.15672
1.64776
1.90734
2.14433
1.94
2.65261
1.82473
1.56252
2.14267
2.01426
2.01858
1.89453
2.3729
1.94926
1.72438
1.76058
1.41473
2.38408
1.90179
2.29075
1.92384
2.33585
1.46625
2.35825
1.65066
2.49003
1.92135
1.90878
2.08876
2.62967
1.57873
1.8304
1.92728
2.0234
2.29227
1.76605
2.06785
1.88982
1.5999
1.63349
1.74227
2.50923
2.0377
2.17003
2.16701
1.90061
1.71704
1.90101
1.65602
1.94233
2.1321
1.77054
1.89364
1.82385
1.85119
1.76041
1.72963
2.42236
2.64289
2.03928
2.62647
2.11233
1.8607
2.35091
2.44946
1.80781
1.87047
2.11002
2.34489
1.74482
1.85269
1.95149
1.34486
2.20771
1.98674
2.11952
2.09192
2.02999
2.38474
1.76735
1.25546
1.6126
1.9504
2.085
1.50823
2.32563
1.88345
1.84236
2.50638
2.27938
2.22367
1.90109
2.17857
1.86022
1.94759
2.29028
2.08789
1.88378
1.66533
2.35326
1.9134
1.85077
1.99702
1.79876
1.83623
1.96321
2.29232
1.51996
1.96352
2.11528
2.47663
2.14884
1.86806
1.79937
2.15085
1.92076
2.01867
1.48471
1.82467
2.29282
1.27778
2.42146
1.72255
2.39827
1.99267
1.8952
2.51043
1.90687
1.90109
1.55724
1.60174
2.09167
2.12655
2.16605
1.35087
1.85704
1.9561
1.80081
2.03912
2.10073
2.25901
1.77844
2.58842
1.8904
1.9077
2.26091
1.91674
2.00105
2.07829
2.23078
1.62944
2.07335
2.1963
1.5384
1.84682
1.8107
2.0385
2.01413
2.24327
2.05347
1.78146
2.46643
1.81625
2.15408
1.94762
2.07241
1.80089
2.07254
1.97767
2.05983
1.22343
2.2507
2.03963
2.34169
1.80203
2.15134
2.32554
1.9297
1.7677
2.24207
2.3423
2.67356
1.6915
1.73733
1.91538
1.48406
2.26028
2.11763
2.20654
2.42839
2.16967
1.29192
1.78252
1.65857
1.74376
2.27242
2.18572
1.78293
1.79487
1.89302
1.84163
1.73926
2.07819
2.08862
1.95551
2.23654
1.84238
2.10927
2.00684
1.68318
1.77373
1.81146
2.02932
2.48236
1.85026
2.2297
1.81935
1.62859
2.12907
1.95084
2.43223
2.15337
1.82046
2.15906
1.66303
2.3666
1.78148
1.2892
1.80025
1.40735
1.5256
1.78882
2.05793
2.24705
2.08576
2.3622
2.44364
1.60138
2.34478
2.34076
2.24909
1.7953
1.85586
2.10102
2.01248
2.23111
2.08128
1.809
2.00538
1.87967
1.86878
2.18442
2.13939
1.55654
1.94731
1.90235
1.48459
2.02941
1.47425
2.48831
2.30183
1.63212
2.13667
1.97719
2.39869
2.02071
2.03339
1.7914
1.97591
2.71291
