5000
0.0512944
0.169402
0.18625
0.101764
0.57776
0.148762
0.669753
0.108223
0.651102
0.331093
0.448882
0.580918
0.0120341
0.567115
0.715112
0.0887131
0.23381
0.35195
0.0504495
0.196888
0.0029831
0.104854
0.224147
0.121124
0.0172455
0.713798
0.18191
0.316568
0.092073
0.492884
0.137281
0.249776
0.0876167
0.425624
0.160593
0.353865
0.0853032
0.277223
0.120166
0.0547401
0.0677965
0.272861
0.297693
0.116407
0.0689198
0.366608
0.0345082
0.0736121
1.87816
0.674279
0.103776
0.606291
0.293584
0.150873
0.313679
0.311992
0.117917
0.170126
0.196099
0.0166969
0.59509
0.655704
0.613774
0.201294
0.0484708
0.195897
0.061333
0.272967
0.00998006
0.752714
0.517242
0.606647
0.0917258
0.201365
0.0539197
0.578426
0.518095
0.144551
0.0649453
0.250421
0.90775
0.252368
0.0403419
0.375211
0.0315968
0.0413067
0.666855
0.489704
0.388458
0.929633
0.803536
0.623502
0.492185
0.468744
1.4081
0.0531577
0.0467036
1.49863
0.0818855
0.35713
0.0546708
1.04613
0.658192
0.191612
0.122689
0.176201
0.258394
0.0854676
0.228041
1.52698
0.2054
0.837959
1.33739
0.0967871
0.267347
0.0284731
0.4807
0.302753
0.220161
0.525921
0.120393
0.340431
0.292642
0.221408
0.1047
0.181118
0.167884
1.06819
0.120107
0.799442
0.00491054
0.601324
0.172227
0.0054429
0.0594776
0.284176
0.0516224
0.725827
0.301282
0.15763
0.00768109
0.585348
0.256305
0.295125
0.426729
0.137535
0.241494
0.30967
0.0583695
0.276363
0.0618598
0.301495
0.456286
0.280563
0.0658724
0.119271
0.228803
0.894033
0.162373
0.760356
0.0697451
0.15314
0.0608958
0.28888
0.258769
0.0378468
0.00392514
0.188973
0.83817
0.371749
0.0831597
0.735938
0.0629442
1.14398
0.993476
0.0841776
0.0186569
0.14638
0.104474
0.23239
0.0397226
0.1315
0.295619
0.0329504
0.0765891
0.563491
0.0201532
0.963946
0.592298
0.092557
0.404557
0.212915
0.265673
0.217226
0.213989
0.0379979
0.191152
0.379701
0.265043
0.844478
0.034509
0.0904041
0.525876
0.68634
0.0929569
0.0620258
0.0669656
0.159325
0.00923287
0.14224
0.772118
0.179968
0.0465612
0.0550144
0.00115936
0.524294
0.207458
0.645582
0.0130984
0.00836093
0.845806
0.24365
0.179253
0.0416216
0.0891492
0.369145
0.497965
0.979859
0.470343
0.385201
0.36259
0.128457
0.0238386
0.540912
0.0876541
0.118551
0.141713
0.228289
0.199561
0.131125
0.0200812
0.06327
0.434095
0.335152
0.35504
0.173381
0.135161
0.0475301
0.251133
0.0863128
0.0299578
0.089446
0.0170142
0.327531
0.0705726
0.0281048
0.00627872
0.0314829
0.143978
0.131404
0.0553441
0.138626
0.0473437
0.319009
0.335346
0.0843702
0.0705397
0.301669
0.133059
0.52049
0.0456104
0.198198
0.00652683
0.367167
0.117947
0.248911
0.0442596
0.122324
0.572446
0.285454
0.640393
0.919377
0.252002
0.0995602
0.267468
0.603315
0.159341
0.240746
0.616572
0.325388
0.438396
0.947868
0.304083
0.301274
0.0906423
0.359206
0.156309
0.0557714
0.0902392
1.46122
0.041917
0.316687
0.262492
0.283784
0.311278
0.0588279
0.38946
0.106772
0.0236062
0.489023
0.0913028
0.0068174
0.295517
1.01444
0.275496
0.530932
0.24854
0.0227686
0.139404
0.253308
0.480081
0.303818
0.0853134
0.01044
0.524671
0.0576208
0.0083623
0.0045423
0.24503
0.342017
0.035113
0.14794
0.479024
0.325877
0.00304915
0.95467
0.296654
0.355954
0.0315807
0.11427
0.349146
0.120513
0.0654388
0.502602
1.19181
0.318876
0.0302349
0.10633
0.349997
0.063539
1.02697
1.0736
0.6039
0.482438
0.0622326
0.287841
0.111094
0.188252
0.147949
0.0380598
0.222263
0.0547737
0.44376
0.00768391
0.00364318
0.609463
0.0156853
0.0546261
0.64192
0.0150326
0.164833
0.500963
0.405461
0.303493
0.294149
0.100233
0.294101
0.0934765
0.221607
0.296169
0.269005
0.022496
0.0703448
2.29033
0.62021
0.279531
0.183799
0.0583913
0.279624
0.213954
0.0579695
0.0460765
0.683963
0.358016
0.0801037
0.202384
0.107817
0.00437019
0.0178581
0.096289
0.136662
0.260714
1.11423
0.105221
0.00634741
0.606007
0.21641
0.122509
0.432002
1.12992
0.0536365
0.268636
0.316506
0.0138345
0.182278
0.700826
0.334035
0.0576124
0.305712
0.326358
0.0350935
0.161101
0.124515
0.0768214
0.781504
0.788325
0.569525
0.07277
0.0111194
0.233451
0.184204
0.189523
0.121625
0.454963
0.143845
0.408862
0.340908
0.0697553
0.568083
0.0256482
0.062784
0.358406
0.586531
1.05123
0.244201
0.0479519
0.385403
0.525493
0.0582007
0.506498
0.263684
0.157208
0.0132765
0.255998
0.101658
0.287493
0.541616
0.410301
0.0919616
0.0719405
0.222678
0.0844813
0.704104
0.124052
0.0245139
0.400544
0.42381
0.415351
0.384574
0.98493
0.23253
0.38839
0.728754
0.0499511
0.600264
0.163604
1.01609
0.401827
0.290645
0.0673476
0.220077
0.264577
0.0456125
0.264221
0.635243
0.228108
0.412128
0.0864226
0.36938
0.31971
0.0710814
0.275704
0.192165
0.332518
0.0667686
0.258565
0.10984
0.560245
0.0361368
0.118494
0.0796555
0.08703
0.0633352
0.384261
0.0292656
0.0390917
0.134519
0.0579876
1.12605
0.036965
0.15389
0.141456
0.24101
0.210773
0.133404
0.0712362
0.174245
0.194793
0.745171
0.00255261
0.152836
0.954478
0.0605035
0.331166
0.0433911
0.102598
0.0318855
0.339298
0.0555873
0.356141
0.10636
0.662193
0.104295
0.168211
0.172097
0.68926
0.463253
0.7301
0.456787
0.406612
0.108355
0.00797111
0.349033
0.13
0.0913159
0.246876
0.0833458
0.50095
0.276418
0.163758
1.25335
0.115382
0.0503137
0.0151421
0.0891833
0.0411537
0.162989
1.06553
0.0237424
0.577423
0.301118
0.0161174
0.0397404
0.0769443
0.0882366
0.329847
0.259609
0.928738
0.329903
0.294306
0.264229
0.0158673
0.548377
0.119477
0.102701
0.0711257
0.2472
0.0732499
0.0358176
0.186794
0.320588
0.0446029
0.766596
0.30956
1.17197
0.0073082
0.198002
0.120756
0.102149
0.0788696
0.176126
0.0862934
0.0974661
0.0351192
0.361502
0.0346724
0.162399
0.436186
0.0412693
0.0205025
0.0854119
0.0609163
0.243527
0.145058
0.364597
0.486764
0.141294
0.628306
0.0745119
0.144164
0.447432
0.285975
0.0413761
0.0976824
0.600105
0.0722403
0.394499
0.396872
0.102381
0.184358
0.0490515
0.0413895
0.81357
0.545173
0.11424
0.221617
0.713374
0.0870436
0.431859
0.0247171
0.0757559
0.302378
0.622814
1.19706
0.0442173
0.102549
0.0525583
1.27546
0.300054
0.0529508
0.169381
0.459118
0.0388523
0.261209
0.2565
0.0941509
0.050707
0.333797
0.477511
0.181672
0.142284
0.188823
0.173879
0.000626398
0.0173728
0.304453
0.0450523
0.277462
0.313389
0.821677
0.272779
0.458402
0.166456
0.0502215
0.34239
0.460557
0.224328
0.04043
0.00875858
0.268209
0.632668
0.0318036
0.241991
0.0290871
0.0157324
0.334277
0.296269
0.3317
0.0135967
0.389488
0.400596
0.215156
0.0380688
1.05363
0.260229
0.252676
0.254499
0.164987
0.456331
0.0513764
0.109244
0.33187
0.0703954
0.0826659
0.790687
0.138384
0.275018
0.039666
0.257382
0.0828042
0.49989
0.156097
0.0378828
0.466432
0.397054
0.0025298
0.0424884
0.187327
0.322373
0.142185
1.32331
0.763565
0.147939
0.43339
0.135695
0.0581783
0.451721
0.107732
0.342071
0.020551
0.459713
0.115431
0.00503176
0.236333
0.0880462
0.378191
0.318343
0.450173
0.00398834
0.976447
0.183848
0.345647
0.426754
0.377686
0.308305
0.586964
0.153712
0.157206
1.00501
0.131363
0.31989
0.355289
0.365699
0.0276374
0.0520287
0.0191829
0.0153106
0.0787087
0.216799
0.700295
0.470327
0.227636
0.149127
0.120958
0.536143
0.61872
0.00453885
0.137582
0.0697094
0.5005
0.574549
0.00892145
0.179868
0.0228132
0.345653
0.582614
0.363459
0.597213
0.0625692
0.81704
0.337536
0.0756408
0.292537
0.112519
0.187904
0.972543
0.985673
0.0314877
0.294727
0.158975
0.195188
0.19177
2.33377
1.04267
0.770814
0.610044
0.113757
0.00851829
0.214995
0.377962
0.00598915
0.0688519
0.343565
0.444384
1.42998
1.27793
0.268472
0.648252
0.13207
0.0716386
0.0711903
0.161096
0.0693714
0.475526
0.410522
0.157915
0.200816
0.171407
0.0322071
0.609652
0.172617
0.116486
0.0708805
0.378477
0.065402
0.0501332
0.204768
0.0190969
0.227279
0.00615914
0.231253
0.369411
0.0522114
0.327639
0.0782439
0.188431
0.394973
0.598691
0.192781
0.558986
0.0653462
0.304832
0.533625
0.0495963
0.00765683
0.228501
0.012717
0.244663
0.269234
0.117776
0.0357953
0.131346
0.0209074
0.163444
0.461331
0.576814
0.317339
0.0953991
0.0457422
0.520542
0.316802
0.517489
0.123882
0.441009
0.422011
0.0422626
0.19613
0.916748
0.325432
0.276994
0.0870607
0.19522
0.164533
0.0260728
0.00270743
1.71214
0.0540574
0.105819
0.273273
0.789235
0.223082
0.00700569
0.818669
0.314811
0.640828
0.541791
0.132582
0.31954
0.796794
0.311948
0.180925
0.219818
0.275476
0.141811
0.871935
0.0561412
0.181502
0.0665942
0.420981
1.1272
0.299001
0.170754
0.157972
0.14125
0.117634
0.389031
0.394825
0.307775
0.0829096
0.102678
0.0954904
0.601079
0.262011
0.141107
0.126496
0.0905293
0.00551696
0.0879624
0.0713383
0.92859
0.102728
0.0927645
0.0971855
0.412085
0.31198
0.0295728
0.389845
0.062433
0.40388
0.312904
0.136688
0.209199
0.258193
0.201087
0.0647825
0.0737872
0.335995
0.0428678
0.692322
0.840078
0.0791196
0.0702126
0.0446822
0.415999
0.48702
0.070298
0.772468
0.883863
1.26016
0.0331807
0.45592
0.0406444
0.223321
0.148761
0.604782
0.146628
0.497941
0.362999
0.061522
0.0764805
0.0429747
0.0287268
0.381357
0.345357
0.28668
0.126825
0.122674
0.719908
0.546114
0.608687
0.123398
0.515102
0.161561
0.149379
0.709822
0.348579
0.1511
0.124676
0.0559448
0.117073
0.197117
0.333092
0.471994
0.880975
0.176236
0.340706
0.246861
0.61066
0.526178
0.529938
0.0201841
0.258295
0.713705
1.08371
0.164346
0.0141084
0.0321158
0.095694
0.0522607
1.29057
0.146676
0.193769
0.655943
0.142994
0.0527762
0.0783141
0.205191
0.0038852
0.0896391
0.0259081
0.240976
0.320012
0.0102358
0.440033
0.0539358
0.281376
0.0126068
0.309416
0.028199
0.529646
0.0905482
0.482981
0.0959714
0.179427
0.195526
0.122514
0.873245
0.0577147
0.137954
0.150934
0.380027
0.398832
0.174858
0.333293
0.211061
0.12633
0.045422
0.160345
0.246523
0.251782
0.951736
0.447525
0.464553
0.170783
0.122995
0.554848
1.09883
0.368133
0.0730739
0.146583
0.0874481
0.367015
0.511488
0.525367
0.91108
0.253013
0.371981
0.00478722
0.0210425
0.193154
0.507577
0.399101
0.164998
0.0408941
0.39617
0.473433
0.297529
0.768194
0.260254
0.0520306
0.0499638
0.186763
0.410859
0.0734955
0.653034
1.29057
0.147916
0.985125
0.888153
0.222153
0.0843642
0.920958
0.352131
0.101133
0.333536
1.34072
0.165131
0.167243
0.171465
0.825243
0.170038
0.362918
0.518472
0.0417791
0.810782
0.16287
0.0344563
0.296405
0.215994
1.191
0.469302
0.228601
0.315143
0.148699
0.400011
0.63587
0.418158
0.778449
0.0722464
0.000540612
0.0901758
0.135451
0.197774
0.397972
0.328456
0.254846
0.417886
0.044816
0.0694833
0.438305
0.449958
0.115797
1.46201
0.188919
0.107647
0.128039
0.532766
0.00396407
0.289772
0.291341
1.56677
0.129961
0.580784
0.956878
0.406386
0.0113135
0.00568869
0.357719
0.061499
0.0577374
0.162601
0.128361
0.270239
0.0782031
0.369155
1.17632
0.640633
0.233832
0.0835949
0.143564
1.58963
0.000738561
0.118253
0.0451211
0.747812
0.106659
0.298374
0.177496
0.507957
0.321211
0.0366004
0.120621
0.0760111
0.398887
0.090431
0.869848
0.421466
0.309571
0.0670662
0.74815
0.595581
0.333494
0.070942
0.171609
0.209578
0.0500244
0.124635
0.333126
0.163327
1.40273
0.14729
0.222966
0.793246
0.276168
0.552254
0.00328154
0.551922
0.0191555
0.285065
0.175461
0.203024
0.240327
0.132282
0.584531
0.0179457
0.679026
0.0547146
0.00368099
0.974983
0.100217
1.21442
0.289592
0.442858
0.210545
0.0149906
0.0619664
0.203531
1.0191
0.160298
0.0102651
0.133935
0.0953572
0.171352
0.129081
0.562469
0.105297
0.00713381
0.870976
0.0780034
0.0258063
0.113678
0.00356768
0.350962
0.00108508
0.341853
0.0560857
0.628337
0.171911
0.0102892
0.324717
0.0106754
0.24165
0.245034
0.485161
0.277795
0.0153282
0.0550834
0.0739767
1.07586
0.145977
0.166239
0.0615502
0.216013
0.21799
0.0817625
0.178544
0.0809732
0.398869
1.21669
0.524187
0.182779
0.0516259
0.0241959
0.111713
0.142588
0.0169503
0.100333
0.28821
0.073784
0.22813
0.117022
0.23043
0.128993
0.309531
0.155209
0.208273
0.370809
1.10557
0.100116
0.797188
0.0652699
0.0673686
0.18397
0.146717
0.60056
0.324742
0.22231
0.169627
0.289873
0.454689
0.00266491
0.302976
0.025375
0.0414078
0.519643
0.434245
0.306145
0.154762
0.251538
0.0179783
0.289342
0.178525
0.320278
0.0509213
0.487658
0.0860133
0.210025
0.262224
0.125947
0.0189559
0.0367974
0.0313274
0.231139
0.401886
0.201944
0.397236
0.376644
0.00888105
0.0876885
0.430056
0.0205095
0.285496
0.460537
0.100267
0.922859
0.290501
0.0492005
0.0733277
0.223986
0.0199666
0.0612273
0.439784
0.906202
0.129075
0.298589
0.712297
0.313618
0.175025
0.612499
0.0823732
0.191972
1.16906
0.39269
0.173354
0.218709
0.357373
0.108873
0.070252
0.658764
0.0137732
0.0586136
0.573672
0.459352
0.901884
0.188424
0.220046
0.407719
0.0895982
0.143949
0.126093
0.171543
0.155537
0.179919
0.290545
0.0230681
0.745524
0.323941
0.103125
0.0123105
0.37562
0.317198
0.230598
0.376079
0.00103159
0.355142
0.0634113
0.058582
0.151083
0.427905
0.0751504
0.088606
0.02441
0.140088
0.272264
0.0498859
0.443366
0.000559197
0.106536
0.471597
0.122803
0.38214
0.950572
0.0117954
1.55684
0.106992
0.35492
0.141685
0.240699
0.359135
0.0686444
0.171868
0.347381
0.131495
0.175006
0.10109
0.747719
0.61077
0.295932
0.312502
0.163431
0.125881
0.296669
0.00517445
0.1555
0.0711674
0.155226
0.0246461
0.248197
0.336798
0.449631
0.0792301
1.01126
0.217704
0.200707
0.11368
0.019128
0.0536511
0.0972112
0.461367
0.103181
0.0962228
0.337114
0.238447
0.801559
0.0843195
0.019648
0.192414
0.00679214
0.0835445
0.0831079
0.375922
0.204311
0.0323159
0.126462
0.00380063
0.26095
0.205982
0.136428
0.100335
0.347139
0.0302814
0.319559
0.104227
0.396883
0.181883
0.523979
0.166212
0.101024
0.105645
0.392269
0.0234192
0.0372322
0.298079
0.121548
0.737383
0.0446457
1.26807
0.325682
0.116073
0.203237
0.268043
0.0210235
0.198868
0.136178
0.140098
1.06014
0.125806
0.596838
0.115863
0.202204
0.056743
0.14624
0.18592
0.127594
0.226751
0.0423955
0.876851
0.0330234
0.665821
0.216957
0.0664868
0.830654
0.294216
0.350978
0.100816
0.974508
0.0868464
0.203279
0.462684
0.0306556
0.27243
0.746021
1.15642
0.0138926
0.246875
0.0780853
0.289509
0.00172228
0.0713368
0.654529
0.185498
0.285591
0.536616
0.107739
0.815194
0.597676
0.393353
0.186761
0.329554
0.0340077
0.0690414
0.0370992
0.0144219
0.563628
0.0795994
0.555669
0.0668971
0.124204
0.379534
0.885896
0.895434
0.150937
0.513189
0.0312726
0.444549
0.0289747
0.121759
0.472533
0.0685333
0.198689
0.0673772
0.559501
0.331607
0.117418
0.249214
0.241277
0.0689286
0.0296075
0.199654
0.0135796
0.50098
0.753081
0.203104
0.515854
1.08158
0.0591574
0.661021
0.0181453
0.166302
0.0617828
0.0395247
0.304968
0.271777
0.0449385
0.037151
0.28211
0.0430414
0.119289
0.0658794
0.309558
0.782851
0.201672
0.860444
0.103727
0.934255
0.220803
0.0257598
0.777444
0.00109481
0.0758102
1.81202
1.11777
0.029531
0.278105
0.806884
0.34564
0.295308
0.272985
0.175887
0.45984
0.582832
0.183861
0.0237658
0.0202122
0.0166227
0.802417
0.248198
0.355332
0.172463
0.176615
0.186594
0.305824
0.739972
0.21008
0.0362368
0.103214
0.272482
0.0279115
0.0513108
0.0703627
0.474047
0.383255
0.160361
0.0244074
0.0821639
0.247538
0.224218
0.0671795
1.47977
0.579704
0.0711787
0.702538
0.771334
0.0306536
0.20384
0.417232
0.00950019
0.67176
0.116109
0.603912
0.660668
0.620176
0.13629
0.13262
0.0135476
0.0314425
0.126725
0.333225
0.0912593
0.0753676
0.388498
0.248022
0.150096
0.114146
0.863289
0.109555
0.432053
0.323061
0.221392
0.653803
0.591162
0.160179
0.0432673
0.101869
0.00994798
0.059502
0.391659
0.50016
0.0890663
0.0885585
0.0305685
0.0622595
0.554227
0.205762
0.0478494
0.52628
0.503286
0.0497098
0.159762
0.15806
0.0889215
0.0767453
0.293578
0.0929699
0.382282
0.0607745
0.0223166
0.633594
0.14452
0.0394274
0.587644
0.457565
0.0815058
0.205623
0.078587
0.0938404
0.173468
0.0316326
0.819269
0.550031
0.059101
0.105617
0.307984
0.167138
0.0206813
0.274754
0.0712509
0.0285691
0.350712
0.316316
0.120427
0.9923
0.548566
0.0078152
0.0595408
0.216731
0.0163322
0.221096
0.869091
0.16229
0.0754731
0.115184
0.290013
0.420334
0.0173168
0.338222
0.348777
0.592326
0.198152
0.335488
0.568383
0.288502
0.198781
0.60395
0.0560414
0.509458
0.0266374
1.16958
0.116778
0.105452
0.0495233
0.243778
0.310405
0.52761
0.345298
0.254206
0.14714
0.146375
0.034794
0.198187
0.345323
0.00266024
0.141938
0.148056
0.443693
0.0597303
0.0737056
0.0306781
0.394641
0.610149
0.0265245
0.0647512
0.48552
0.271585
0.474034
0.255039
0.143374
0.142186
0.00451007
0.45317
0.0954392
0.449267
0.335296
0.123361
0.183984
0.507669
0.348684
0.0800674
0.816168
0.185527
0.20484
0.030113
0.0399482
0.163312
0.201129
0.151914
0.599694
0.032232
0.0399507
0.235635
0.174012
0.0542581
0.348726
1.15006
0.16111
0.323321
0.202411
0.0223102
0.236338
0.140934
0.0931525
0.0746526
0.226749
0.0302431
0.375448
0.685507
0.221331
0.084012
0.0160057
0.0634593
0.129867
0.171966
0.459457
0.0747826
0.0699092
0.346637
0.0817033
0.76562
0.149089
0.00782427
0.337123
0.362272
0.0067811
0.305239
0.0248089
0.957089
0.0783574
0.136616
1.01248
0.5964
0.969168
0.225656
0.0960128
0.0425671
0.102868
0.577222
1.55408
0.171623
0.770806
0.542094
0.0482081
0.897345
0.468058
0.768343
0.0761832
0.0739277
0.527963
0.0262013
0.284017
0.380333
0.241127
0.179944
0.148325
0.881315
0.18249
0.133634
0.197021
0.676536
0.27424
0.338461
0.0051979
0.356757
0.508263
0.503794
0.186685
0.142943
0.153709
0.108519
0.1711
0.143432
0.148688
0.14052
0.427586
0.825741
0.0721184
0.134616
0.32255
0.433906
0.05767
0.108762
0.724666
0.540015
0.954073
0.0820852
0.069974
0.245485
0.849815
0.594825
0.550364
0.0536709
0.0683605
0.452177
0.992422
0.0280513
0.102901
0.0555967
0.0419318
0.141679
0.118439
0.0571647
0.780922
0.217241
0.808181
0.280953
0.424742
0.174761
0.300523
0.521616
0.0853986
0.294683
0.202973
0.0244226
0.00731119
0.312071
0.669599
0.139829
0.217166
0.65176
0.610813
0.871957
0.0810225
0.556669
1.09904
0.00283964
0.122632
0.121342
0.0700731
0.926339
0.247253
0.222863
0.0606744
0.201709
0.000980168
0.51888
0.061468
0.433237
0.124226
0.213369
0.0325495
0.0287782
0.123383
0.0900389
0.344787
0.215867
0.22415
0.156902
0.68444
0.168237
0.100804
0.200827
0.403843
0.0334786
0.37809
0.0171294
0.430927
0.354675
0.0579912
0.0463472
0.684096
0.185171
0.40878
0.209647
0.0156954
0.36484
0.562931
0.0921848
0.161297
0.42602
0.462467
0.205892
0.524357
0.0361572
0.12331
0.239088
0.0471859
0.0325958
0.160491
0.132999
0.316743
0.329293
0.078719
0.936509
0.0343619
0.719855
0.249451
0.12141
0.420835
0.971251
0.0408917
0.286446
0.110622
0.0634034
0.50974
1.09886
0.425702
0.192347
0.0139162
0.522405
0.00105161
0.500277
0.206883
0.389778
0.0552632
0.276494
0.0381515
0.0156443
1.32925
0.74826
0.140859
0.325688
0.176314
0.0247386
0.121036
0.450595
0.0989758
0.0229169
0.0206355
0.0699929
0.150702
0.589789
0.330487
0.218078
0.292058
0.0579764
0.185269
0.385541
1.01186
0.326349
0.793935
0.125857
0.40691
0.271611
0.140063
0.402061
0.0190928
0.113161
0.043558
0.143324
0.300881
0.0625052
0.00638479
0.748816
0.854824
0.0819748
0.210071
0.633541
0.00787936
0.343249
0.0404826
0.280427
0.0724374
0.157541
0.0319086
0.554664
0.13228
0.473599
0.240382
0.398465
0.000823828
0.0283852
0.115563
0.0180983
0.902102
0.0219684
0.432116
0.205788
0.643608
0.0462633
0.607891
0.18936
0.193972
0.570651
0.31553
1.0364
0.835497
0.213344
0.151311
0.203345
0.349246
0.0216633
0.605526
0.82666
0.20291
0.0989936
0.469643
0.226587
0.505885
0.0777985
0.0787737
0.112695
0.0814284
0.0622699
0.113562
0.248068
0.213599
0.164862
0.414962
0.089597
0.12064
0.888274
0.619292
0.0279202
0.275758
0.351451
0.211541
0.314951
0.302851
0.231645
0.560135
0.0533383
0.28637
0.319396
0.0480991
0.414568
0.382398
0.00205141
0.229585
0.124927
0.174978
0.16902
0.100206
0.219803
0.0717936
0.0149231
0.267121
0.645296
0.0602574
0.149374
0.419003
0.317217
0.715975
0.368437
0.0712467
0.709192
0.139644
1.3044
0.305304
0.154726
0.136946
0.352077
0.133328
0.205219
0.486916
0.015979
0.443329
0.222351
0.223622
0.150574
0.215232
0.0638753
0.0676321
0.0855897
0.335474
0.267467
0.572406
0.0976894
0.0481592
0.288146
0.561201
0.143324
0.308794
0.327353
0.588873
0.190889
0.750865
0.13828
0.684731
0.0295933
0.437708
0.00205975
2.00976
0.104992
1.45765
0.26493
0.117511
0.0239802
0.0518827
0.0615678
0.114966
0.0996285
0.122675
0.917206
0.614839
0.063612
0.0961306
0.772003
0.968153
0.0975227
0.154344
0.271482
0.184629
0.129076
0.331523
0.42498
0.333125
0.160412
0.424807
0.120014
0.185815
0.0689955
0.0234706
0.455625
0.215739
0.00930589
0.12657
0.949872
0.146019
0.618651
0.220787
0.315243
0.131348
0.0473159
0.116812
0.255844
0.289027
0.362573
0.0187363
0.248659
1.22433
0.0475811
0.00237385
0.188298
0.415037
0.110909
0.108953
0.125408
0.0677909
0.126541
0.715743
0.215141
0.36939
0.508345
0.319104
0.215497
0.173923
0.139949
0.377653
0.0347158
0.261824
1.38595
0.142942
0.141716
0.308633
0.171198
0.192925
0.028787
0.458934
0.652175
0.220556
0.179517
0.0864383
0.136368
0.0475789
0.694018
0.138594
0.00103906
0.0351981
0.298314
0.0690654
0.0611421
0.629516
0.239509
0.425524
0.0170458
0.125144
0.190882
0.36811
0.567191
0.24241
0.233202
0.0160606
0.0345598
0.474154
0.886594
1.36078
0.631885
0.43831
0.540137
0.0297701
0.402457
0.577636
0.142136
0.107973
0.0322623
0.313771
0.179708
0.0497656
0.0187178
0.268193
0.203282
0.679429
0.219217
0.157042
0.231445
0.34768
0.283571
0.00245664
0.0208329
0.224277
0.465126
0.0866411
0.639471
0.538586
0.359093
0.21
0.652611
0.104564
0.0316449
0.242599
0.0924787
0.219837
0.0422983
0.0734537
0.016476
0.0499638
0.188114
0.0900934
0.86324
0.0490504
0.0246125
0.529249
0.180583
0.0117908
0.411626
0.0419667
0.0224857
0.333549
0.0758866
0.115363
0.18194
0.253862
0.045721
0.492576
0.00856436
0.00608171
0.101651
0.128497
0.229591
0.212423
0.0117287
0.154534
0.916467
0.758762
0.0345991
0.424997
0.729414
0.156882
0.0769928
0.131776
0.269783
0.565214
0.451551
0.062642
0.0828506
0.459641
0.180065
0.03437
0.113071
0.360202
0.0823653
0.0448673
0.343954
0.357753
0.431491
0.0637914
0.153555
0.0430697
0.362987
1.08146
0.000305651
0.0366111
0.590865
0.0307755
0.321395
0.313595
1.25443
0.0858106
1.12826
0.00123278
0.768329
0.0535954
0.331704
0.0421518
0.0271284
0.0428609
0.250337
0.720841
0.253655
0.0536055
0.0460772
0.802624
0.135372
0.331747
0.784
0.0737712
1.05385
0.835647
0.00817784
0.977495
0.381157
0.226184
0.0683485
0.0835032
0.202156
0.475562
0.050557
0.25385
0.565399
0.128564
0.00238916
0.114345
0.249412
0.146135
0.605509
0.489196
0.052523
0.11976
0.682003
0.167401
0.207548
0.158107
0.500665
0.275173
0.275813
0.757125
0.44821
0.154787
0.16009
0.0626469
0.187344
0.0629727
0.0945172
0.0455291
0.255637
0.326595
0.257537
0.796575
0.456127
0.323987
0.057313
0.469844
0.64771
0.576734
2.7631
0.460747
0.501805
0.279094
0.494321
0.701074
0.00531082
0.729106
0.653486
0.577454
0.654424
0.478967
0.00782475
0.362249
0.308735
0.19463
0.0501633
0.771691
0.294765
0.0736746
0.401089
0.45137
0.811926
0.36817
0.516276
0.0689152
0.207594
0.353066
0.186826
0.290171
0.0398862
0.144109
0.657844
0.106636
0.371685
0.0688095
0.467291
0.644132
0.260066
0.376342
0.0711764
0.48561
0.268621
0.104004
0.709159
0.0653395
0.122885
0.429354
0.3391
0.27217
0.0112889
0.352219
0.500645
0.146298
0.188117
0.121946
0.430544
0.260798
0.805699
0.0544482
0.254042
0.189233
0.346464
0.0609602
0.249651
0.0717994
0.107155
0.0253141
1.66273
0.0549124
0.0837559
0.0678147
0.156897
0.401882
0.16738
0.522389
0.573775
0.30053
0.958321
0.0202807
0.304817
0.226262
0.092152
0.0196325
0.324377
0.264119
0.206788
0.0177397
0.00755883
0.0597366
0.211969
0.207511
0.127425
0.130292
0.588798
0.643431
1.22853
0.0309252
0.0775946
0.160313
0.22276
0.173236
0.469654
0.326261
0.0961168
0.134806
0.174467
0.173256
0.159829
0.297197
0.00214212
0.261104
0.0373857
0.0745554
0.100178
0.15427
0.0279534
0.106616
0.868903
0.542759
0.0882211
0.00622136
0.913565
0.0752946
0.234315
0.314573
0.0720945
0.11017
0.315147
0.198075
0.185282
0.0282873
0.118911
1.07213
0.246244
0.354084
0.00290951
0.0716582
0.0234683
0.324663
0.00349987
0.820168
0.0374748
0.296334
0.00772736
0.145608
0.369109
0.0768124
0.228339
0.500747
0.18529
0.124432
0.0475378
0.826719
0.363282
0.724516
0.026777
0.0438458
0.115264
0.331203
0.523233
0.0423898
0.332253
0.105177
0.101915
0.696331
0.0449254
0.197162
1.09644
0.0874215
0.268828
0.013761
0.220773
0.0980273
0.4964
0.0861477
0.0507405
0.0873409
0.0734975
1.11836
0.648645
0.664397
0.531091
0.0264934
0.274228
0.153528
0.078764
0.682381
0.282218
0.206597
0.346248
0.146144
0.0565161
0.590476
0.0163151
0.287389
0.274596
0.325682
0.122241
0.465104
1.37469
0.0134403
0.129966
0.014377
0.181491
0.561039
1.17331
0.227072
0.263872
0.453768
0.321124
0.174035
0.624214
0.47833
0.454503
0.389248
0.0180073
0.0479194
0.0564621
0.131741
0.120831
0.0276726
0.934949
0.084642
0.356638
0.457046
0.710033
0.475062
0.159663
0.044855
0.0278641
0.403143
0.689068
0.368168
0.483676
0.0154151
0.469699
0.0646334
0.19751
0.0220821
0.341289
0.0123793
0.160653
0.328074
0.153678
0.0888761
0.122977
0.0544423
0.105468
0.456245
0.0367269
0.276243
0.213326
0.687601
0.164842
0.032983
0.592816
0.105127
0.12246
0.821159
0.383025
0.494351
0.0781048
0.185868
0.459713
0.118517
0.026736
0.0103408
0.180969
0.634502
0.224989
0.312137
0.0679966
0.229853
0.122328
0.00026857
0.0120792
0.0965609
0.158973
0.173683
0.538912
0.393707
0.508339
0.270807
0.0471056
0.0889384
0.807303
0.0973954
0.0853874
0.048923
0.00495071
0.0248582
0.209399
0.046138
0.571378
0.379016
0.413447
0.739462
0.0237063
1.27485
0.0464622
0.161439
0.159653
0.54002
0.00123226
0.673036
0.760363
0.0827186
0.0561682
0.369425
0.149617
0.00554103
0.258538
0.311727
0.0255163
0.154859
0.489084
0.806477
0.042658
0.368007
0.050167
0.0316446
0.232758
0.279845
0.143669
0.28523
0.00758242
0.189844
0.595752
1.18275
0.929224
0.680764
0.0919134
0.0770459
0.320521
0.539433
0.252047
0.14122
0.102331
0.185442
0.887751
0.132451
0.801486
0.966545
0.354559
0.0569457
0.456474
0.747849
0.190863
0.0484772
0.456455
0.337234
0.380259
0.146554
0.0930951
0.601245
0.543946
0.0384752
0.00285603
0.0843042
0.162523
0.503891
0.193695
0.374162
0.0817733
0.717903
0.279568
0.100017
0.850245
0.097377
0.210796
0.00155502
0.667466
0.211079
0.555522
0.719314
0.500773
0.395034
0.456371
0.314076
0.183061
0.416724
0.850287
0.161646
0.0642318
0.122823
0.179771
0.0281927
0.211654
0.445754
0.149382
0.00029756
0.325444
0.516082
0.091284
0.0837197
0.333079
0.251996
0.0498804
0.211863
0.243219
0.38451
1.01792
0.0665287
0.504965
0.33718
0.399549
0.0164329
0.598253
0.0446246
1.02563
0.218216
0.132795
0.11591
0.108099
0.00309155
0.111051
0.509905
0.328798
1.03162
0.156647
0.168183
0.236633
0.693085
0.0624189
0.0311311
0.29432
0.603638
0.546286
0.165797
0.861227
0.456657
0.0497904
0.0822871
0.497424
0.0638849
0.303532
0.158314
0.342848
1.08535
0.645094
0.595428
0.2013
0.10536
0.205613
0.852333
0.0416438
0.122798
0.229235
0.0766523
0.266956
0.0287353
0.0495024
0.250771
0.182206
0.350823
0.25843
0.0306888
0.0969893
0.474863
0.0401825
0.70589
0.62924
0.316316
0.12768
0.356331
0.233629
0.0147362
0.293036
0.56526
0.054146
0.175053
0.412745
1.61462
0.378873
0.19994
0.0993313
0.145596
0.0978058
0.576471
0.5603
0.266422
0.485218
0.0791327
0.445462
0.355642
0.43289
0.413728
0.660419
0.121255
1.04442
0.82546
0.0703861
0.529403
0.832395
0.389364
0.5426
0.47945
0.207326
0.0501621
0.608062
0.395836
0.481164
0.612932
0.145424
0.133447
0.443718
0.205255
0.522168
0.339767
0.312863
0.242143
0.6314
0.183563
0.0102068
0.0669916
0.256666
0.0785059
0.444051
0.412134
0.122362
0.102433
0.224644
0.215316
0.195463
0.218072
0.183435
0.0388439
0.055272
0.00309355
0.163654
0.27605
0.0732047
0.0419742
0.173621
0.684575
0.0679924
0.128695
0.431195
0.090391
0.101302
0.165207
0.685779
0.0224087
0.333389
0.101445
0.0332746
0.203506
0.0840773
0.509215
0.272925
0.0277603
0.172662
0.390467
0.345663
0.0109363
0.318856
0.375602
0.133405
0.0817614
0.154669
0.179615
0.0932407
0.553274
0.0196464
0.149016
0.245388
0.235667
0.0894345
0.257311
0.241766
0.179842
0.0955041
0.163743
0.194436
0.186507
0.0113579
0.160927
0.311937
0.0846169
0.302288
0.00518742
0.037752
0.118325
0.576675
0.215386
0.154283
0.228698
0.0663995
0.00466121
0.0378582
0.255588
0.204221
0.252581
0.0945652
0.0335027
0.774813
0.732893
0.175937
0.125234
0.481131
0.204104
0.0800743
0.0782596
0.0467319
0.129844
0.272373
0.290793
0.128331
0.19036
0.0742512
1.22491
0.354648
0.373033
0.00961664
0.071822
0.105802
0.748329
0.351709
1.1179
0.096005
0.506097
0.170207
0.0179804
0.394498
0.386391
0.0412306
0.0583171
0.0610677
0.196474
1.48744
0.734427
0.663214
0.255731
0.792898
0.0723661
0.0940643
0.283267
0.148734
0.878126
0.831015
0.664233
0.518193
0.132294
0.099218
0.527606
0.304175
0.207984
0.277339
0.763826
0.231431
0.108645
0.121387
0.722849
0.376466
0.0606754
0.230875
0.651772
0.873453
0.495098
0.097081
0.213649
0.482197
0.19751
0.0249005
0.347859
0.431064
0.217872
0.0111917
0.176937
0.193836
0.626567
0.0613594
0.491236
0.18977
0.330243
1.08735
0.646073
0.0828649
0.14827
0.0249921
0.156451
0.654066
0.226531
0.12679
0.0118618
0.254315
0.00414658
0.368343
0.337107
0.156964
0.821455
0.472755
0.446855
0.122611
0.25141
1.0473
0.65789
0.264643
0.337042
0.0782946
0.319353
0.118672
0.830662
0.317246
0.187601
0.645889
0.0126466
0.45443
0.525719
0.139131
0.944667
1.26564
0.327518
0.963253
0.106414
0.0027552
0.3141
0.783868
0.336358
0.417815
0.0475001
0.0438455
0.108026
0.0489892
0.0536986
0.208088
0.232463
0.00224527
0.114914
0.1132
0.301713
0.0900473
0.00982462
0.203771
0.468879
0.259607
0.739376
0.328832
0.287449
0.664817
0.151924
0.0717939
0.0184328
0.263079
0.111126
0.374752
0.387379
0.134295
0.0572489
0.519086
0.0792976
0.605559
0.058765
0.526193
1.07338
0.222406
1.8226
0.135093
0.357193
0.0839316
0.310832
0.114654
0.141981
0.608551
0.12303
0.0532585
0.622901
0.266962
0.0784612
0.555927
0.191201
0.0511113
0.45924
0.274628
0.146554
0.0916034
0.172384
1.04383
0.801033
0.0696458
1.41457
0.178497
0.459376
0.0840158
0.0711389
0.0463356
0.125201
0.236486
0.0446662
1.10247
0.713148
0.0243526
0.158349
0.543855
0.102693
0.628881
0.0618187
0.427533
0.0738317
0.291557
0.255463
0.213488
0.138868
0.332181
0.969866
0.0227112
0.14803
0.649426
0.772189
0.423059
0.201008
0.898758
0.424772
0.564327
0.0698914
0.676671
0.149534
0.0625212
0.417222
0.673312
0.247785
0.26172
0.249176
0.28313
0.150643
0.592337
0.256182
0.356573
0.334247
0.0273483
0.143097
0.432706
0.111904
0.425007
0.0112915
0.53081
0.152279
0.0673322
0.529608
0.70279
0.0988776
0.0374228
0.0175677
0.842504
0.184827
0.132778
0.365406
0.0775877
0.0361594
0.177229
0.225475
0.211387
0.149544
0.223817
0.242477
0.0740835
0.311684
0.0769362
0.695074
0.0705926
1.12373
0.0207099
0.0300068
0.406407
0.121459
0.270488
0.660399
0.0690082
0.304076
0.198618
0.0494936
0.0478971
0.0335717
0.143869
0.258279
0.229233
0.0566365
0.178951
0.511455
0.201423
0.534816
0.154191
0.189791
0.102391
0.592803
0.0643846
0.0832925
0.239799
0.0229121
0.512549
0.286783
0.242031
0.0273404
1.14246
0.0269349
0.0763451
0.0878348
0.638731
0.720872
0.389464
0.1376
0.564132
0.23969
0.117112
0.84851
0.238773
0.0606322
0.24446
0.245961
0.375408
0.0922619
0.267606
0.0117025
1.48752
0.869719
0.13244
0.240198
0.0369491
0.283217
0.105075
0.090303
0.305182
0.777218
0.0172423
0.397368
0.343608
0.224999
0.742232
0.0702937
0.398385
0.496795
0.192157
0.162577
0.256717
0.164755
0.103318
0.36774
0.434752
0.112339
0.220936
0.328381
0.0525366
1.00947
0.0156238
0.678862
0.072131
0.753283
0.159487
0.140869
1.19828
0.151718
0.0833857
0.211246
0.198492
0.209186
0.071332
0.336011
0.166366
0.0890708
0.175949
0.403144
0.746446
0.943465
0.0281838
0.0155241
0.268477
0.00165963
0.383081
0.35265
0.092562
0.88946
0.110787
0.274444
0.0945527
0.270578
0.797675
0.0333777
0.321518
0.000693656
0.507906
0.0410515
0.166023
0.0705246
0.993107
0.202329
0.40036
0.0107772
0.0187589
0.418258
0.112024
0.139037
0.28785
0.207245
0.665819
0.210641
0.361632
0.104376
0.328477
1.04824
0.195169
0.720103
0.529462
0.208066
0.781826
0.0894804
0.199961
0.620319
0.142545
0.226096
0.652248
1.22466
0.187714
0.0987518
0.014354
0.0757553
0.280907
0.420517
0.265357
0.0698018
0.739144
0.247607
0.0712434
0.428468
0.477243
0.15026
0.603785
0.848175
0.174612
0.931762
0.103637
0.14969
0.20463
0.0525551
0.542525
0.0327859
1.0111
0.0693117
0.0462607
0.411118
0.691073
1.01329
0.155706
0.0278218
0.25853
0.194867
0.0227272
0.0747794
0.0207359
0.1812
0.850414
0.542644
0.0656839
0.566135
0.276122
0.493251
0.127414
0.796297
0.348867
0.173893
0.162165
0.0432864
0.0718143
0.948505
0.0489385
0.420072
0.173916
0.054913
0.0946704
0.154402
0.215498
0.18317
0.0227016
0.66431
0.105874
0.419069
0.252841
0.246252
0.613578
0.0231775
0.265886
0.174398
0.0918992
0.306619
1.13028
0.305875
0.959159
1.29818
0.02689
0.778896
0.025803
0.0485798
0.336063
0.137647
0.231731
0.0250555
0.335968
0.29432
0.593979
0.11067
0.0126239
0.244879
1.0047
0.421633
0.853926
0.117521
0.18771
0.0463292
0.0098769
0.118951
0.186824
0.244759
1.1387
0.146521
0.0395971
0.0642601
0.28425
0.434193
0.975141
0.296908
1.31541
0.193469
0.0263375
0.274083
0.0516436
0.737802
0.0472801
0.283949
0.0775899
0.069783
0.0261231
0.269458
0.171353
0.150411
0.00199711
0.215947
0.366439
0.114251
0.918541
0.142382
0.638301
0.0120043
0.0835887
0.0369753
0.727746
0.0544155
0.0127499
0.119202
0.735738
0.076914
0.832809
0.0568373
0.427422
0.386271
0.0938536
1.23323
0.177757
0.716818
0.0144783
0.5921
0.387591
0.298131
0.154867
0.0237655
0.016647
0.0737474
0.783852
0.282786
0.698269
0.432551
0.0924672
0.0135944
0.277846
0.0572281
0.595415
0.146915
0.334963
0.0775561
0.410686
0.410339
0.494683
0.484407
0.0683422
0.991846
0.716328
0.225324
0.209855
0.596519
0.622182
0.23198
0.226078
0.160811
0.582977
0.292956
0.051944
0.0231655
1.03489
0.0870438
0.438985
0.276734
0.184048
0.398713
0.334496
0.324956
0.264397
0.983791
0.0454041
0.241161
0.107931
0.188682
0.0854162
0.135918
0.0427092
0.0662602
0.430556
0.407337
0.433226
0.0655014
0.297425
0.415452
0.0452682
0.00224071
0.0200136
0.313618
0.17572
0.25594
0.739478
0.0487312
0.652228
0.58593
0.0674149
0.226699
0.454325
0.225664
0.200021
0.269271
0.0502257
0.640804
0.335725
0.0610942
0.351522
0.400207
0.458842
0.443612
0.0464264
0.359804
0.222892
0.94761
0.00670362
0.150405
0.474763
1.05844
0.243968
0.132383
0.204265
0.487184
0.00570302
0.198647
1.3779
0.619475
0.147698
0.208917
0.373121
0.183897
0.0512615
0.637615
0.185165
0.245915
0.25933
0.136837
0.508197
0.0417347
0.439634
0.00293759
0.44162
0.288787
0.252283
0.0249694
0.0810148
0.215381
0.0943282
0.159954
0.374481
0.138391
0.513569
0.865866
0.149619
0.0238898
0.197227
0.592052
0.131933
0.0891154
0.106313
0.011633
0.0838226
0.00932052
0.0447314
0.0392275
0.0111029
0.315514
0.329145
0.193332
0.0165894
0.0532432
0.0496876
0.133827
0.150642
0.526735
0.0770167
0.148618
1.00432
0.00252693
1.07611
0.451757
0.420644
0.119369
0.0701635
1.0019
0.0702125
0.0436105
0.773912
0.0297063
0.208391
0.00409175
0.339535
0.179042
0.299907
0.0447052
0.584953
0.166101
0.405173
0.188465
0.434709
0.411054
2.7631
0.41897
0.0639386
0.0210287
0.422529
0.0784207
0.0300426
0.245356
0.419241
0.874931
0.106709
0.277803
0.0762572
0.170475
0.240422
0.415877
0.0270379
0.207747
1.28276
0.143133
0.00476624
0.724159
0.10588
0.00389367
0.389601
0.184479
0.518028
0.3777
0.582634
0.595265
0.0788584
0.987662
0.0880917
0.288182
0.299218
0.717149
0.411951
0.402585
0.395752
0.2403
0.331939
0.191611
0.111267
0.0518494
0.285157
0.181744
0.272733
0.406767
0.227003
0.426138
0.146354
0.151928
0.121929
0.0428204
0.273932
0.421886
0.162038
1.55133
0.249369
0.115998
0.316521
0.126301
0.0302136
0.076048
0.124431
0.0362321
0.0173461
0.0772404
0.026284
0.581797
0.0434737
0.105362
0.26242
0.805822
0.304769
0.248291
1.17302
0.0688841
0.036256
0.0830228
0.0307071
0.0671353
0.00385968
0.56338
0.0348061
0.0281843
0.0232659
0.0575895
0.261372
0.157613
0.19323
0.0212319
0.135457
0.34147
0.10898
0.156304
2.11551
0.177167
0.289627
0.220176
0.0871953
0.0381231
0.315491
0.0745798
0.127978
0.255188
0.842531
0.240335
0.247722
0.0121903
0.0878388
0.0149052
0.301841
0.637151
0.130551
0.0950108
0.109655
0.318899
0.230393
0.142564
0.0664671
0.015464
0.150821
0.672175
0.478014
0.0624795
0.579499
0.239186
0.28778
0.000328137
0.140172
0.245178
0.136733
0.029898
0.0772384
1.55415
0.184032
0.0972341
0.376162
0.117527
0.356861
0.266491
0.146892
0.605149
0.0392064
0.000172776
0.338755
0.127683
0.48176
0.254634
0.328969
0.0573617
0.0139746
0.897668
0.361186
0.47466
0.466991
0.128774
0.329107
0.419042
0.0651435
0.209233
0.229657
0.0724265
0.794171
0.0984843
0.090736
0.258353
0.0934658
0.0257069
0.0689233
0.589768
0.211642
0.176702
0.0569111
0.058934
0.284177
0.0620416
0.749526
0.0731692
0.254579
0.127658
0.626298
0.116703
0.162042
0.043603
0.246329
0.444223
0.847585
0.197078
0.240054
0.20642
0.35433
0.0831353
0.624401
0.0314113
0.444506
0.23432
0.452352
0.0453196
0.198209
0.121157
0.0994928
0.633067
0.496109
0.0409382
0.663236
0.37249
0.0897495
0.329173
2.02561e-005
0.0434303
0.0632363
0.0815766
0.218463
0.0162803
0.438645
0.062138
0.111649
0.700123
0.593616
0.208078
0.0893002
1.36391
0.414206
0.287377
0.129158
0.301369
0.063517
1.04083
0.385541
0.9762
0.767848
0.024804
0.37045
0.0390744
0.214727
0.132656
0.118366
0.15867
0.168137
0.018083
0.0461434
0.0347456
0.0216746
0.183069
1.50546
0.477645
1.20522
0.193123
0.74032
0.0509444
0.679585
0.164532
0.0236927
0.100318
0.00511707
0.0840397
0.0766228
0.11085
0.0107973
0.0465836
0.0821476
0.603505
0.554314
0.0929413
0.236249
0.032086
0.448314
0.381343
0.187147
0.0946065
0.471933
0.0811399
0.59474
0.0618822
0.319666
0.132334
0.387689
0.0416609
0.0571344
0.223018
0.109849
0.0664002
0.014185
0.0645531
0.585458
0.17795
0.628999
2.05239
0.0116385
0.234026
0.0773475
0.383478
0.656619
0.293946
0.0055512
0.0442814
0.146965
0.151109
0.306118
0.586009
0.527343
0.033237
0.280323
0.768349
0.0864353
0.0820332
1.51811
0.147587
0.389365
0.57445
0.0710694
0.0219624
0.177776
0.19294
0.218721
0.00483308
0.271948
0.00614254
0.295355
0.258846
0.868094
0.120364
0.267752
0.152324
0.352885
0.121114
0.354412
0.321058
0.0560465
0.0162966
0.301453
0.773664
0.0114411
0.693516
0.261717
0.196771
0.296037
0.516788
0.119053
0.117498
0.27273
0.34336
0.0359454
0.509727
0.564238
0.180042
0.153389
0.231164
0.151835
0.0698836
0.237812
0.575648
0.0275039
0.124312
0.379729
0.00482081
0.755136
0.508153
0.340488
0.308563
0.00877916
0.372079
0.27143
0.101573
0.0871329
0.209605
0.648848
0.0684275
0.435685
0.251732
0.419333
0.0740477
0.0246978
0.0788186
0.0852312
0.250349
0.0660185
0.685403
0.790483
0.239507
0.361116
0.292893
0.509234
0.468998
1.02469
0.481891
0.0146779
0.214342
0.521784
0.702517
0.49939
0.0354505
0.0661936
0.438455
0.386436
0.50743
0.0744737
0.371765
0.214648
0.0707415
0.250525
0.201831
0.213794
0.450312
0.414131
0.254661
0.113528
0.0905331
0.0569525
0.0311137
0.416884
0.0575647
0.170962
1.54992
0.0361606
0.212746
0.84394
0.106558
0.311443
0.180705
0.440715
1.00894
0.0107396
0.00802899
0.558693
0.309081
0.155534
0.131491
0.100223
0.0653769
0.00724481
0.00499864
0.382331
0.936799
0.521942
0.183958
0.00915673
0.0827244
0.16087
0.470656
0.137865
0.0826544
0.173773
0.338274
0.295272
0.557783
0.382673
0.109343
0.228683
0.495405
0.251961
0.108339
0.152295
0.390355
1.16923
0.75823
0.390489
0.00489674
0.0332504
0.0975486
0.179197
0.154363
0.0705442
0.540931
0.16994
0.252296
0.155396
0.405339
0.59866
0.080388
0.34257
0.00276987
0.18651
0.0382547
0.0448383
0.0996451
0.00140142
0.119816
0.0111731
0.173381
0.128631
0.169059
0.221634
0.128766
0.141552
0.643548
0.417312
0.0448306
0.723925
0.0382678
0.461119
0.109363
0.103285
0.153979
0.13634
0.0477995
0.177336
0.588888
0.269065
0.187007
0.0232807
0.831591
0.729429
0.196984
0.498178
0.0772898
0.0747065
0.644021
0.577716
0.00922302
0.553998
0.193859
0.230284
0.244551
0.519441
0.425142
0.636025
0.47517
0.315796
0.0592624
0.38016
0.517242
0.599635
0.313507
0.0850211
0.365679
0.413116
0.0817418
0.249382
0.313893
0.564077
0.0231694
0.0551722
0.133546
0.119052
0.0948746
0.408746
0.00350727
0.126833
0.312207
0.266483
0.0648637
0.637262
0.030628
0.0668408
0.508252
0.356849
0.139877
0.0696837
0.33377
0.105365
0.351701
0.551804
0.0028064
0.202491
0.129168
0.00345199
0.100098
0.0641353
1.03451
0.259456
0.134015
0.03945
1.03543
0.0713223
0.0853004
0.197981
0.386447
1.19851
0.304089
0.407338
0.435724
0.025208
0.226685
0.159395
0.120982
0.412592
0.524075
0.136062
0.093348
0.0851654
0.468915
0.00120957
0.296357
0.208661
0.250874
0.93267
0.251389
0.181115
0.124896
0.108291
0.223742
0.256737
0.748784
0.473053
0.0791489
0.189773
0.446928
0.0870288
0.0463701
1.67642
0.0331154
0.212191
0.302642
0.0905003
0.506251
0.00888956
0.377864
0.184527
0.0875779
0.0443929
0.45227
0.0389757
0.319244
0.0715266
0.0937729
0.335421
0.290571
0.302401
0.122193
1.23067
0.0264036
1.46331
0.00677114
0.0292756
0.300277
0.424004
0.152434
0.165398
0.0226028
0.427126
0.394996
0.0709391
0.111167
0.0946099
0.799158
0.713951
0.085955
0.0162613
0.42881
0.144129
0.252823
0.0356626
0.418619
0.113673
0.47203
0.137874
0.23517
0.245634
0.292124
0.261487
0.0292329
0.187038
0.000979126
0.433796
0.390544
0.591764
0.034935
0.217465
0.00517624
0.209705
0.354747
0.157116
1.17706
0.370427
0.407875
0.210219
1.46835
0.0508214
0.026076
0.0584114
0.229416
0.864149
0.00355012
0.378928
0.131179
0.00240329
0.0323345
0.0972977
0.102748
0.0215982
0.19171
0.0713281
0.210152
0.0348034
0.918769
1.12346
0.368359
0.814604
0.339419
0.133591
0.841692
0.376298
0.211185
0.487891
0.50519
0.0040836
0.0772829
0.771433
0.222256
1.3463
1.07397
0.178346
0.0435313
0.0271559
0.232868
0.169166
0.762855
0.0914188
0.502061
0.108914
0.522085
0.60097
0.43272
0.206276
0.313591
0.714929
0.11199
0.0273655
0.0914497
0.0287768
0.0911787
0.665267
0.04485
0.564602
0.245692
0.017274
0.158638
0.136029
0.0242913
0.0824389
0.0945447
0.0930483
0.854216
0.0931639
0.352239
0.0525406
0.0505716
0.0918172
0.0894201
1.11411
0.0421612
0.236309
0.308277
0.108975
0.0607146
0.119731
0.529524
0.0309492
0.174012
0.0560556
0.194362
0.106556
0.257162
0.00987027
1.02975
0.0119623
1.20483
0.0271975
0.329254
0.214692
0.152553
0.163843
0.399948
0.919138
0.848274
0.436249
0.935022
0.16676
0.797234
0.140933
0.0895264
0.152626
0.678773
0.354659
0.667796
0.210181
0.834201
0.00524581
0.121646
0.257016
0.234594
0.516187
0.113179
0.555454
0.113531
0.132281
0.481723
0.050116
0.342955
0.668899
0.0517402
0.188747
0.0587876
0.615131
0.104987
0.463886
0.197251
0.240955
0.0461246
0.0695584
0.0332924
0.145888
0.124619
0.0218365
0.670535
1.60209
0.162924
0.646518
0.0424113
0.37669
0.442415
0.522881
0.341557
0.570113
0.0468587
0.16821
0.151249
0.154356
1.61049
0.311497
0.216961
0.113328
0.249718
0.528292
0.0874721
0.369055
0.12382
0.187438
0.00335107
0.354876
0.288155
0.0134852
0.427772
0.171267
0.339883
0.403648
0.0912771
0.956526
0.802888
0.143337
0.0267907
0.542531
0.0535192
0.0309966
0.53407
0.132838
0.642629
0.38073
0.498442
0.0125954
0.00814266
0.0133569
0.649141
0.0278942
0.0962926
0.213307
0.144101
0.288735
0.183631
0.0250346
0.271016
0.630917
0.0512528
0.190757
0.00362019
0.272026
0.441486
0.67841
0.255862
0.0119429
0.828085
0.24451
0.479097
0.203626
0.332796
0.118665
0.353919
0.0580858
0.213615
0.582817
0.122724
0.444648
0.130657
0.0304895
0.0629731
0.102509
0.232911
0.247754
0.5059
0.147642
0.273902
0.0275473
0.244805
0.0415697
0.385598
0.565469
0.860885
0.357209
0.220794
0.562656
0.693014
0.47492
0.443035
0.44
0.406809
0.0469569
0.0431679
0.189825
0.105829
1.18576
0.0682545
0.0149539
0.0794581
0.438826
0.234127
0.517793
0.136308
0.00290772
0.0361116
0.0217466
0.0703317
0.162503
0.05494
0.227817
0.0441483
0.936
0.570378
0.136304
0.582621
0.428666
0.180577
0.563206
0.291964
0.0675042
0.224937
0.0897006
0.302629
1.68363
0.273771
0.0487631
0.154307
0.133909
0.129822
0.490662
0.0684996
1.20197
0.060259
0.189634
0.307021
0.0222059
0.0393038
0.462569
0.382253
0.395138
0.124541
0.0540659
0.359578
0.359906
0.0801178
0.0302002
0.233352
0.711784
1.03914
0.443276
0.573696
1.12251
0.17277
0.0436246
0.279622
0.196741
0.414653
0.735651
0.497455
0.222426
0.222239
0.219976
0.590211
1.12335
0.248663
0.0262783
0.249137
0.333327
0.0410754
0.270941
0.0630759
0.943447
0.0141339
0.187191
0.260593
0.0362205
0.195157
0.243547
0.683827
0.757369
0.618411
0.509692
0.195747
0.49681
0.303379
0.105563
0.209173
0.599262
0.507718
0.0651127
0.0369656
0.168812
0.31003
0.133482
0.00422412
1.41168
1.32353
0.0218275
0.165194
0.187558
0.266386
0.957437
0.00977359
0.388396
2.82798e-005
0.263303
0.230856
0.156943
0.0874888
0.157291
0.503464
0.00193741
0.0633319
0.256666
0.070512
0.157293
0.587945
0.0523727
0.0901182
1.06708
0.247412
0.160367
0.109301
0.732913
0.232913
0.273674
1.01707
0.272594
0.280524
0.121405
0.2448
1.48905
0.23686
0.332427
0.211615
0.355361
0.835075
0.0145185
0.00125882
0.141235
0.503354
0.594378
0.14958
0.407332
0.342226
0.562056
0.406075
0.227547
0.0169383
0.312807
0.173868
0.321718
0.550717
0.113511
0.259386
0.366653
0.574241
0.201849
0.00518915
0.0720244
0.0745554
0.0990751
0.0230013
0.179338
0.397282
0.154358
0.0144322
0.153618
0.0835631
0.00899096
0.0785878
0.107807
0.279609
0.0589133
0.320614
0.30126
1.09853
0.099981
0.205371
0.0370467
0.17724
0.605568
0.0864659
0.223031
0.319591
0.746689
0.0270285
0.00588645
0.249271
0.779674
0.118521
0.0852302
0.222566
0.0908001
0.0785454
0.192318
0.0656931
0.0909741
0.168202
0.0547961
0.509982
0.179339
0.469901
0.238776
0.0883346
0.424722
0.0571007
0.999779
1.26943
0.436193
0.0765
1.16312
0.710073
0.0027406
0.546228
0.696331
0.0451982
0.302753
0.229499
0.037601
0.608769
0.847809
0.0766195
0.0541737
0.402379
0.38071
0.211452
0.0647846
0.112986
0.170307
0.0788328
0.591614
0.868263
0.57795
0.847466
0.0265788
1.1663
0.2563
0.212369
0.233873
0.107589
0.0245261
0.137752
0.0871842
0.317414
0.398845
0.299652
0.641395
0.260228
0.229249
0.273359
0.605752
0.286696
0.349274
0.244694
0.143296
0.34548
0.462413
0.571305
0.0367311
0.49663
0.370077
0.011819
0.0934651
0.0157643
0.137624
0.369029
0.760748
0.89278
0.561419
0.0895346
0.402781
0.280509
0.003458
0.287307
0.546942
0.139338
0.0851239
0.0128377
0.0129255
0.419399
0.0441392
0.21639
0.454491
0.258106
0.166012
0.59363
0.280972
0.0633954
0.180832
0.318535
0.199081
0.215616
0.33569
0.24108
0.0972441
0.0376786
0.3637
0.644139
0.295851
0.843719
0.243677
0.0422412
0.174019
0.137914
0.975857
0.0598547
0.78847
0.172172
0.091395
0.53588
0.156106
0.1725
0.284708
0.377324
0.602569
0.507295
0.523953
0.0574193
0.373582
0.68962
0.501694
0.17576
0.550881
0.454027
0.566957
0.257081
0.0331027
0.611438
0.216006
0.115271
0.818982
0.47259
0.611316
0.287375
0.106695
