4000
3.11792
2.82484
2.78777
2.84968
3.07647
3.03735
3.27183
2.73875
2.86716
2.87905
3.27503
3.12612
2.87746
2.98128
2.85286
3.33111
2.87771
2.94704
3.12459
2.53388
2.98216
3.14157
3.18091
2.92536
2.90172
2.76326
3.34382
3.27118
3.39088
2.97549
3.14855
2.92176
2.92274
3.40983
3.01792
2.94574
3.16003
3.24873
3.34207
3.29291
2.74903
2.98455
3.46302
3.1122
3.09011
3.2285
2.82368
2.85596
2.94721
2.86125
2.91166
3.01704
3.00709
3.09989
2.67803
2.73911
2.98035
3.08311
2.86592
2.90662
3.15903
2.99791
2.77584
3.27143
3.13165
2.68757
3.18176
3.51567
2.93527
3.34995
2.80925
3.20388
2.85154
3.01999
3.1012
2.75356
3.398
2.65264
2.54553
2.85841
2.80745
3.13528
3.17514
2.99509
2.94757
2.83863
3.0771
3.04757
2.7232
3.05304
2.9876
3.0287
2.78658
2.98019
2.7851
3.05451
3.09282
3.19648
3.04335
2.83536
2.84608
2.8239
3.24989
3.23098
2.99579
3.23564
3.14157
2.90588
3.06335
2.97242
2.95598
2.87774
2.90592
2.98833
2.94584
2.77884
2.8201
2.75847
2.85298
3.34721
3.0856
3.04611
2.90314
3.18255
3.04441
3.12944
3.007
3.26316
2.92574
3.46549
2.77427
3.16566
3.63779
3.11176
2.88347
2.97484
3.37533
3.0667
3.08254
2.9267
2.74306
2.70906
2.85885
2.6923
3.18406
2.93014
3.08268
3.22021
2.94053
3.35386
3.02272
2.96315
2.80833
2.64639
2.90026
2.98436
2.75328
3.20206
3.17697
3.03931
3.25204
2.89008
3.08612
3.22434
2.95963
3.23835
2.84102
3.09911
3.06501
2.8682
2.66638
3.274
3.17217
2.5676
2.57362
3.08591
3.22242
3.06477
3.07975
2.79852
3.00519
2.95614
2.84797
3.21788
2.97953
3.41443
2.75837
2.84431
3.1506
2.90214
3.1909
2.8612
2.86581
3.05016
2.99906
2.85287
3.37909
3.23113
3.10073
2.85773
3.1184
2.93719
2.96629
2.73421
3.26986
3.106
3.07908
3.0737
2.94677
3.19798
3.09111
3.27337
3.07156
2.92631
2.98785
3.11689
3.45324
3.03081
2.84979
2.9885
2.99072
3.11158
2.76186
2.85046
3.52762
2.76159
2.81735
2.77056
3.34499
2.95407
2.69812
2.87836
3.0963
2.96283
2.99431
3.30732
3.22011
2.9719
2.69503
2.99113
3.06216
3.21804
2.95553
2.98094
2.80797
3.20052
3.20135
2.96594
2.72174
3.05732
3.0988
2.93
2.74205
3.04405
2.90529
3.09848
3.33563
3.00279
2.95187
2.94388
3.08574
3.16102
3.02616
2.78351
2.99682
2.68742
3.29222
2.9596
2.7059
2.88549
2.78003
2.80881
3.08614
3.27748
2.79661
3.2198
2.81951
2.88237
2.85747
3.00333
2.95971
2.86331
3.11724
3.21834
3.03756
3.04865
2.69921
3.07915
2.8255
3.07351
2.91503
2.95027
2.86827
3.31394
3.10086
2.99691
2.70665
3.12839
2.89003
2.76271
3.17086
2.87218
2.70012
2.81637
2.73315
3.21886
2.74512
2.88524
2.81326
2.57642
2.909
3.16581
2.83499
2.76537
2.81764
2.64088
3.03434
2.85336
2.79322
2.99614
2.97423
3.29797
2.72848
3.01734
3.2656
2.73639
2.85038
3.1044
3.01146
3.11079
3.05107
3.08517
3.19954
3.18431
3.06298
3.03029
2.675
2.892
3.37008
2.95959
2.95397
2.91304
2.83421
3.04007
3.28169
3.29258
3.07319
3.0495
2.80075
3.18286
3.39107
3.08882
2.83444
2.8247
3.22994
3.21192
2.77954
3.01087
2.92522
3.03909
3.32171
3.08543
2.71009
3.04851
3.04556
3.17772
2.62834
2.94096
2.75105
3.06256
2.99842
3.03148
2.91303
2.76919
2.94201
2.93823
2.82691
3.04981
3.06761
3.2336
2.91201
3.22242
2.99946
2.95889
2.90183
3.0425
2.7915
2.8359
3.00102
2.94481
2.95603
3.16513
3.41744
3.02389
2.95794
2.80011
2.78939
3.24592
2.81405
3.09177
3.33969
2.88959
3.2593
2.77881
2.76934
2.60919
2.72299
3.12559
3.09962
2.6955
3.12897
2.86837
3.23181
3.19606
2.76627
2.81188
3.10569
2.85067
2.80484
2.84534
3.28987
3.0863
3.13568
2.89961
3.09757
2.91585
2.83232
2.96286
3.10935
3.01648
3.08342
3.30205
2.76813
3.21962
2.78236
3.11723
3.06663
2.87296
2.71749
2.93988
3.04069
3.16195
2.85609
3.06417
2.98338
3.23504
2.6875
2.69114
3.03489
2.97963
2.8998
2.81623
2.7927
3.11155
2.85377
3.01008
2.64926
3.23706
2.95142
3.08518
3.05183
3.12966
3.29956
3.27716
2.75845
3.00661
2.82384
2.6921
2.9656
2.79097
2.93749
3.03237
3.018
2.81908
2.80868
3.06031
2.78293
2.73048
3.22045
3.16766
2.90552
3.33178
2.99138
2.74397
3.19234
2.88618
2.77675
3.08933
2.8059
2.70452
3.06119
3.00896
3.092
2.68769
3.025
2.48683
3.05586
3.28216
3.41263
2.84843
2.8899
3.1381
3.20653
2.91287
3.5895
2.72924
3.10317
3.00405
3.11403
2.53866
3.12169
2.89745
3.21718
3.14366
2.96766
2.84818
2.69294
2.87001
2.90339
3.06472
3.00458
2.8934
2.93596
3.27523
3.39105
2.87269
2.61204
2.89283
2.7854
3.07173
3.05662
2.93055
2.86624
2.51574
2.92951
2.8353
3.14102
2.73814
2.43631
2.98525
2.83508
2.86351
2.82374
2.95095
2.98571
2.98459
2.92483
3.00059
3.04958
2.82491
3.10065
2.96596
2.93284
3.02195
2.90676
3.01737
2.76895
3.39576
2.98984
2.76129
2.74894
3.05799
3.01635
3.23946
2.91553
3.07879
2.84566
2.97293
3.23096
2.77598
2.67382
3.14103
3.09895
3.1809
2.9138
2.8353
3.04289
3.05621
3.16817
2.96116
3.33742
2.89797
2.97518
3.10135
3.11756
3.0994
2.90249
2.78819
3.11288
2.91987
3.10262
3.17052
2.96954
2.81447
2.84472
3.09317
3.17565
3.14221
3.30167
3.04901
3.61885
3.01023
2.66773
2.96476
3.00163
3.03507
3.06085
2.99694
2.89866
3.22372
3.00174
2.77752
2.7336
3.02621
3.01259
3.07369
2.83919
3.26678
2.94783
3.1405
2.7551
2.6817
2.90289
3.39101
2.61224
3.15015
3.13281
2.89532
2.84279
3.02309
3.01121
3.09325
3.14885
3.46581
3.21283
3.15352
2.91971
3.13169
3.11417
2.93968
3.13095
2.9241
2.94154
3.44217
2.68434
3.28679
2.99174
2.97764
3.33384
3.05726
3.10948
3.16652
2.81841
2.90977
2.22664
2.83758
2.99556
2.73512
2.87251
3.02434
3.40436
2.86045
3.13212
3.07032
2.9494
2.90668
2.89674
2.76198
3.01249
2.85046
2.93789
3.41081
3.02269
2.92345
3.1872
3.09927
2.86425
2.91624
3.21616
3.19708
3.03565
2.92325
2.95036
2.91833
3.00563
2.83278
2.99893
2.51733
3.36919
2.79023
2.98141
2.91777
3.25342
3.02698
2.79646
3.19637
3.26511
3.29288
2.97257
3.42885
2.99221
2.59007
3.07625
3.04779
3.01669
2.91847
2.97316
3.12842
2.93218
2.88276
2.99542
2.8264
3.03648
2.95421
2.9496
3.25014
3.13931
3.11784
3.02967
3.2732
2.98617
2.99675
3.15603
3.17348
2.73758
3.62964
3.15437
2.89943
2.65721
3.02198
2.61101
2.82661
2.54444
3.16405
3.03433
3.31849
2.98586
3.25282
2.88657
3.09296
3.23888
3.03607
2.83044
2.94263
2.92529
3.32357
2.93571
2.90953
3.32337
3.11337
2.89607
3.32488
2.94175
2.61493
3.04803
2.78114
3.04462
2.79466
3.29674
3.27557
2.90203
2.80274
2.87774
3.26281
3.09057
3.31499
3.21038
2.69158
2.9909
3.07563
3.05188
2.91653
3.60949
2.84466
2.99291
2.72179
2.78887
2.92086
3.11799
3.04566
2.71358
3.17424
3.02191
3.09242
3.27606
2.763
2.88322
2.93006
3.31515
2.65306
2.79346
3.14953
2.96929
2.96796
3.33906
3.35015
3.12446
3.11695
3.25702
2.63769
3.0425
3.02538
2.88904
3.17533
2.96286
3.22318
3.21422
2.74836
3.03435
2.77901
3.00297
2.77389
2.81831
2.66834
3.06299
2.84386
3.06119
3.10479
2.79254
3.10118
2.98829
3.20188
2.86756
2.89795
2.99299
3.00006
2.75284
2.92074
3.23939
3.02892
2.89971
2.77856
2.7445
3.10522
2.6274
3.22913
3.24154
2.75492
3.21736
3.03015
2.94296
3.05811
3.03749
2.60791
3.4125
3.11174
3.00251
2.69559
2.92053
2.97613
2.96924
2.65464
2.998
2.69518
3.01418
3.06156
3.19041
2.69935
3.01588
2.93246
3.23663
3.02758
2.78548
3.10364
3.11177
2.7867
3.04969
3.28506
3.38738
3.25982
2.70487
2.89661
3.31412
2.81327
2.96006
2.94155
3.02591
3.2961
2.763
2.9516
2.77359
2.65803
3.4119
2.77809
2.80666
3.44599
2.9197
3.09492
2.90177
2.75032
2.91765
3.04717
3.03789
3.05817
2.82286
2.65154
3.02872
2.95518
3.14314
3.22495
2.93078
3.40795
2.9463
2.96163
2.91059
3.36489
3.0583
2.83272
3.14392
2.87662
2.74549
2.53421
2.9936
2.71092
3.13483
2.95343
2.59698
2.95545
3.21446
3.0967
2.85703
3.47442
3.04138
3.06895
3.1558
2.85239
2.96188
2.89666
3.20748
3.09188
3.15891
3.17489
3.05603
3.04417
2.98199
3.36988
3.07176
2.73814
3.07515
3.22095
2.99698
3.00721
3.14788
2.94912
3.24585
3.18077
2.81496
2.93313
2.88484
3.23554
2.64177
2.80867
2.94262
2.70859
2.77468
3.01618
2.73682
3.19709
3.06955
3.1364
3.32044
2.98166
2.98701
2.94004
3.12183
3.12898
3.33501
2.69342
3.21557
2.93921
2.8923
3.0063
2.96366
3.17325
3.07878
2.74367
3.04298
3.28836
3.0773
3.00439
2.77202
2.9923
2.97327
3.00844
3.02522
2.86898
3.1444
2.99397
3.22065
2.77115
3.43642
2.99534
2.88705
3.08334
3.13993
2.97274
2.8635
3.33301
3.39213
3.02166
3.07251
3.07968
2.96124
3.0701
3.02801
2.96877
3.43025
2.73087
2.97348
3.15948
2.72202
2.87036
3.21925
2.72493
3.18336
2.75337
3.03847
3.29738
2.86953
2.53961
3.06707
2.97237
2.9484
2.96267
2.98923
2.81077
2.95099
2.73267
2.8516
2.98237
3.10832
2.79942
3.12112
3.37886
2.82055
2.93816
3.24877
2.94778
2.5553
3.23432
3.23576
2.96039
3.02873
3.09341
2.85062
2.95685
3.02132
3.24505
3.05981
3.07919
2.9098
2.76928
3.4401
2.96156
3.03535
2.87373
2.73684
2.89097
3.12555
3.19928
2.68111
2.83273
2.95759
3.25754
2.86705
3.06365
2.6995
3.0802
2.72752
2.89441
2.99927
2.98441
3.22605
2.84074
3.06196
2.96054
2.6052
2.83165
2.99217
3.22753
2.84604
3.00082
3.0033
3.26397
3.28162
3.01393
2.88914
2.87342
2.71712
3.19367
3.02395
3.2731
2.89633
3.31573
2.8746
2.64593
3.07192
3.14034
3.19412
2.91034
2.89586
2.90482
3.22732
2.57527
3.266
2.85774
3.00519
3.17054
3.02277
2.89549
2.82878
3.19876
2.90923
3.29802
3.00663
3.08232
3.25002
2.98848
2.85273
2.84384
2.88757
2.96051
2.73131
3.18762
2.85766
2.88302
2.80563
3.25694
2.88143
2.87158
3.05016
2.62438
3.02544
3.11882
2.9856
3.56973
2.97259
2.51686
2.83985
3.46485
2.67657
2.99226
3.14617
2.72482
3.33906
3.0118
3.13151
2.80905
3.28325
2.8176
2.91139
3.21114
3.04917
3.01844
2.84629
2.94302
2.97053
2.91162
2.95354
3.0235
3.27766
3.29768
3.25163
2.81052
2.87522
2.70112
2.94511
3.11368
3.28222
3.16908
3.25913
3.06133
2.87367
3.16345
3.42966
3.28738
3.0368
3.25133
3.02676
2.78239
3.00473
3.37881
2.86031
2.97846
2.38297
3.48992
3.2666
3.22485
3.42017
3.13098
3.12761
3.04461
3.10364
3.41533
2.61705
3.08899
3.1661
2.80491
3.19194
3.14483
3.10216
2.91292
3.04006
3.04588
3.19339
2.79733
3.19575
3.10205
2.61044
3.33909
2.99915
3.0997
2.64358
2.75702
2.84286
2.90104
3.25759
2.78959
2.71961
3.24351
2.97554
3.26612
3.1937
2.72642
2.81626
3.06883
3.0188
3.25357
2.69966
2.90891
3.08111
3.22017
2.98393
3.0651
3.28304
3.06201
2.83593
3.17972
3.02547
3.04332
2.94273
2.58953
2.79465
2.85258
3.02511
3.16139
3.00756
2.73172
3.07095
3.15044
3.20184
2.95602
2.94764
2.89728
3.36128
3.15989
2.82737
3.16898
3.26637
2.86837
2.94458
3.11131
3.14695
2.92816
2.98868
2.88952
2.83632
2.91062
2.94306
2.9835
2.7269
3.00725
3.21953
2.73955
3.05904
2.77461
2.6352
2.84838
3.17424
2.72161
2.77813
2.84747
2.83088
2.82996
3.08397
2.92083
2.95706
2.92807
3.00765
3.10474
2.88484
2.58352
3.16894
2.90142
2.52553
2.83323
2.81948
3.44651
3.0791
3.26175
2.93148
2.99574
3.01765
3.16648
2.87624
3.01474
3.16993
3.00095
3.11806
2.9267
2.86495
2.70104
3.13744
3.16711
3.27747
3.40924
2.94523
2.9155
3.02397
2.82671
2.95443
2.95777
2.70309
2.47415
2.98389
2.95021
2.93032
2.54822
3.23718
3.40114
2.93781
2.83524
2.81627
3.16258
2.98959
3.13743
2.73255
2.9773
3.01439
2.913
2.81731
3.00008
2.90887
3.10441
3.16454
2.98664
3.05513
2.87583
2.97702
2.77231
3.07661
2.77334
3.07561
2.78549
2.98376
3.29971
3.00147
3.11872
3.0903
2.90564
3.04474
3.16668
3.08483
3.47792
3.21353
3.1043
2.80496
2.92724
3.05871
3.03142
2.66044
2.89928
3.11303
2.81688
3.25271
2.78321
2.82523
3.12369
2.73641
3.13212
3.08305
2.84619
3.19969
3.04678
2.84622
2.89837
3.10754
3.15822
3.08191
2.72029
2.87864
2.75883
2.61255
3.06109
2.73736
2.91484
3.04732
2.96722
3.0378
2.88407
2.70024
3.30963
3.14151
2.84511
3.32718
3.16062
3.06733
3.08546
3.09866
2.73038
2.83812
3.1484
2.85953
2.94699
2.69141
2.91617
2.88659
3.01526
2.88744
2.86035
3.21434
3.11882
3.07862
3.06709
3.0912
2.74172
2.94654
3.14038
3.02303
2.88986
3.00371
3.01202
3.00535
2.92534
3.2123
2.89028
2.93603
3.11061
3.0623
3.23311
3.04768
2.96832
3.50889
3.08097
2.9027
3.3286
3.0553
2.73299
3.24085
3.07014
3.17004
2.87525
3.0646
2.65486
2.98157
2.88683
2.99264
2.94964
2.75585
3.12718
3.13773
3.32463
3.18593
3.10299
3.25843
3.4115
3.09863
3.29526
3.21463
2.92087
2.9813
2.94638
3.21485
2.99606
3.00456
2.70137
3.10154
2.9912
3.48487
3.16028
2.75031
3.53501
3.30526
2.77426
2.92346
3.02633
2.99229
2.95898
2.81181
2.86634
3.22962
3.1156
3.13627
2.68162
2.76219
2.98511
3.00526
3.22318
3.04127
2.81354
2.97772
3.09223
3.0349
3.00524
2.90726
2.80807
2.79031
2.77914
2.83641
2.94162
3.1271
2.90168
2.71601
3.30307
2.90754
3.0882
2.83277
2.5516
2.8524
2.69889
2.84676
3.34855
3.0275
2.79548
2.61591
3.08298
2.89193
3.2493
3.03727
3.17439
2.8841
2.76561
2.87846
2.89977
2.87032
2.69428
2.82738
3.03949
3.09199
2.93501
3.31261
2.47978
2.81726
2.90403
3.23566
3.08078
2.86027
2.91238
2.69945
2.85698
3.11691
3.02347
2.73631
2.7663
2.90888
3.07513
2.95782
2.8809
2.91387
3.29297
3.17954
2.8471
2.99828
3.0776
2.74035
3.04994
3.10574
3.12703
2.80736
2.86369
2.95136
3.17704
2.79101
3.15951
2.64016
3.01148
2.97365
2.53503
3.06792
3.08056
2.71241
3.07425
3.13222
2.96053
3.02035
3.19297
3.19452
3.16517
2.90425
3.36155
2.84284
2.95812
2.71691
3.47113
3.04596
2.83402
3.30646
2.84645
2.79762
3.2004
3.10953
2.96738
3.07974
2.99022
2.99969
2.80496
3.18413
2.55134
2.88468
2.98039
3.06934
3.09129
2.6163
3.10565
2.95972
2.54144
3.44098
3.37926
2.6772
3.2182
2.67536
3.26819
3.26669
3.03349
3.12624
3.49885
3.11756
3.50777
2.96527
3.11771
2.89433
2.72534
3.16387
3.43929
3.15372
2.86137
3.0069
3.18992
3.2
2.9033
2.79444
2.78731
3.18762
2.96938
3.3504
3.08907
3.08031
3.37856
3.45512
3.03688
3.06138
2.87447
3.10793
3.02558
2.57976
2.96594
3.01371
3.18727
3.26873
3.0706
2.86532
3.26149
3.54472
3.00212
2.87535
2.87203
2.88292
2.63426
3.07868
3.339
2.63655
3.20812
2.88581
3.15299
3.38026
3.02891
3.52454
2.8505
2.98451
3.30326
2.82971
3.26704
2.99243
3.049
3.159
3.08704
3.05328
2.92413
2.83773
2.74304
3.06164
3.12607
3.13322
3.03275
3.02733
3.04465
2.80558
2.83107
2.87927
2.78698
3.18313
2.79779
3.32435
2.93268
2.91108
3.15088
2.56445
3.20639
3.16716
2.9998
3.10895
3.12552
2.91934
3.18349
3.27158
2.92825
3.24163
3.11462
2.84455
3.02293
2.67931
2.7254
3.00314
2.61407
3.12828
3.04922
3.06075
2.91577
3.11577
2.87931
2.87971
3.26456
3.00926
3.25496
2.93742
3.43718
3.20199
3.14617
2.77874
3.28168
2.98498
2.77045
3.0328
2.81075
2.90044
2.94637
2.96533
2.86367
3.17252
2.70272
3.06307
3.19528
3.56921
2.76747
3.05822
3.05238
2.96978
2.70102
2.88094
3.12778
2.87817
3.08584
2.73583
3.05703
2.77962
3.22679
3.18937
3.00106
2.74882
2.75473
2.68551
2.80925
2.95986
2.67536
2.88247
3.24883
3.09667
2.87764
2.83826
3.02156
3.34458
3.07536
3.0644
2.79026
2.90437
2.88471
3.09073
3.21529
2.98196
2.7653
3.1266
2.7181
2.68395
3.05872
3.18553
2.9488
3.03769
3.17107
3.044
3.38102
3.28816
3.09629
2.86761
2.93937
2.88613
3.0731
2.97938
3.09741
3.06427
3.04095
2.89103
2.59834
3.27113
2.82241
2.93072
3.37611
3.17339
3.31269
3.08113
3.05026
3.21317
2.94958
2.99808
2.99373
2.90384
3.10801
2.78786
3.09142
2.97074
3.32877
3.09707
2.86596
3.12464
2.97739
2.91485
3.08521
2.56739
3.03819
3.0577
2.88555
3.04142
2.8605
2.70649
2.92164
2.91224
3.06925
2.75799
2.79862
2.79849
2.72207
3.14936
3.09639
2.64453
2.98367
3.22254
2.89491
3.04156
2.66826
3.03919
3.49858
3.15007
3.45729
2.97758
3.21453
2.75468
3.11005
3.08313
2.83814
2.6966
2.54563
3.50414
3.00159
2.92045
3.11837
3.16168
2.84888
2.90334
3.34754
3.19585
3.32666
3.21164
3.00446
3.01992
2.94268
3.20817
3.441
3.15328
2.84871
3.2748
2.73544
2.79058
3.31161
3.21865
3.09048
3.14256
3.02638
3.09448
3.13835
3.11774
3.00822
3.39253
3.06004
2.96911
2.597
3.0091
3.06086
2.93116
3.4631
3.02511
3.06732
3.14884
2.98878
3.03234
2.88218
3.19502
2.75047
3.00861
2.95902
2.75581
3.20351
3.32414
3.0693
2.86946
3.0423
3.3315
3.28047
2.86717
3.0992
2.50669
3.09096
2.77255
3.00324
2.7136
3.49712
3.07018
3.15921
2.92789
2.97474
3.02046
3.30064
3.01646
2.89567
2.95069
2.70386
3.00574
2.85525
2.67476
3.04185
2.59123
2.90997
3.08857
2.99312
2.85721
3.14729
3.06223
2.79081
2.90931
2.76928
2.80135
2.64352
3.24754
3.1796
2.86375
3.2663
3.13076
3.20071
3.21166
2.86394
3.07305
3.11807
2.9529
3.07021
3.01419
2.81359
2.93277
2.99918
3.11073
3.01975
3.02797
2.90586
3.15245
3.1205
3.46307
2.95653
2.9323
3.06037
2.93644
2.82936
2.91795
3.09108
3.20924
2.71507
2.94817
2.70017
2.92823
2.86044
3.32275
2.5591
3.10361
3.18807
2.9443
2.8774
3.06406
2.96872
3.26066
2.90146
3.00248
3.09794
2.87151
2.92928
3.15502
3.04552
3.38596
3.46024
2.95865
2.77047
3.00701
2.60355
2.88998
2.77951
2.79695
3.18154
3.10926
3.04575
3.21909
2.87979
2.85833
2.89218
3.22702
3.13912
3.08599
3.14355
3.11441
3.19034
3.28193
2.86251
2.82613
3.05543
3.03094
3.04193
2.96785
2.79803
2.94182
3.14181
3.09165
2.85703
2.94479
2.93024
3.08061
3.19494
2.87095
3.09838
2.95797
2.85128
3.11407
2.98799
3.06442
2.90964
2.77732
2.95635
3.04792
2.94916
3.24405
3.25213
2.82743
2.8602
2.67179
2.91015
3.09847
2.79532
2.59213
3.03344
3.27962
3.15315
3.08777
2.89914
3.35162
2.83461
2.66878
3.23739
2.90444
3.01032
2.77898
3.11687
2.96563
3.16867
3.11031
3.38903
3.21351
3.42852
3.11431
3.20428
2.87995
3.16001
3.05714
3.13398
3.07607
3.01736
3.05151
2.467
2.77027
2.75923
2.99713
3.44316
2.95294
3.11092
3.08607
2.96592
3.16165
2.77728
3.14046
2.9676
3.04157
3.05586
3.04651
3.20271
3.04312
3.1022
3.46709
3.21046
3.24165
3.15616
2.88119
2.85869
2.87057
2.98484
2.74747
3.09354
3.22308
3.25067
3.12159
3.36204
2.74928
2.84022
3.43304
2.61025
3.08008
3.3155
2.7626
2.99797
2.86589
2.75747
3.1079
3.11322
2.8189
2.97256
3.15683
3.0287
3.32884
2.61748
2.73146
2.99429
2.90186
2.37746
3.38809
2.84671
3.27478
2.74967
3.08808
3.15247
3.08618
3.09893
3.05815
3.1502
2.87707
3.63239
2.89607
2.90594
2.93976
3.09064
3.38725
3.19728
2.90721
2.81797
2.98941
2.90081
2.75528
3.2984
2.94773
2.86886
2.63866
2.99383
2.94082
3.04741
3.22536
3.08529
3.14357
2.90316
3.00046
2.90377
2.93336
2.66865
2.76255
3.15133
2.82977
3.39515
3.16296
3.23783
3.53602
3.26621
3.27016
2.52091
3.01741
3.12058
3.02541
2.89432
3.12994
3.06545
3.19033
2.89534
2.91129
2.82899
2.92164
3.19003
3.14275
2.8468
2.97823
3.07222
2.97739
2.74948
2.83528
2.42791
3.06655
2.9934
3.0542
3.07584
3.19975
2.97353
2.47947
2.88855
2.96339
2.96629
3.17719
2.85997
3.06272
3.19872
2.99556
3.06314
3.0709
3.13436
2.9709
2.93762
2.99534
2.90058
3.48192
2.96699
2.7085
3.07462
2.72015
3.39439
3.02371
3.02063
3.19497
3.06858
2.93232
2.81839
2.94742
2.93295
3.10467
3.01903
3.29638
3.19898
2.78236
3.36109
2.89698
3.26084
3.34086
3.06297
2.97839
3.01693
3.25227
3.39826
3.03583
3.06532
2.82669
3.15134
2.90046
2.73166
3.32452
2.95166
2.95265
3.26042
3.3134
3.26611
3.3073
2.77678
3.34325
2.82655
2.99696
3.03777
2.75163
2.91434
2.81138
2.96112
2.8349
2.93726
3.28573
2.93182
3.1548
2.73815
2.87979
3.24166
3.02334
3.13385
3.20483
3.60225
3.1629
3.41497
2.95731
2.84883
3.12454
2.87662
3.2649
3.11944
3.19316
2.70636
3.13868
2.83253
3.2441
3.26519
2.90775
3.178
2.97545
2.71589
3.19226
2.97749
2.93331
3.23138
2.83802
3.01553
3.03149
2.9207
2.95035
2.84789
3.42473
2.9842
3.03359
3.0974
2.93926
3.36715
3.0401
3.16623
3.11531
3.0217
3.00589
3.24564
2.52123
2.52674
3.05607
3.05068
3.32853
2.92961
2.99714
3.01489
2.96875
3.0085
3.18605
3.24494
3.04788
3.04511
3.01586
2.81482
3.18914
2.85193
2.9475
3.07701
3.13601
2.90243
3.33661
2.97953
3.09002
3.40178
2.97619
2.6561
3.29351
3.35508
3.19499
3.09207
2.91764
2.86124
3.28005
3.03198
3.30428
3.19926
2.92356
3.05749
2.85666
2.64333
3.05038
3.30121
3.12461
2.96189
3.16196
3.09631
3.30784
3.15808
2.87717
2.90621
3.24014
2.74167
2.85749
2.58058
3.0526
3.17294
2.90431
2.98956
3.14384
2.88078
3.17422
2.88872
3.24565
3.43499
3.39679
2.91007
2.99553
2.85341
3.28332
3.06618
2.92292
3.23505
3.01715
2.86351
2.92245
3.38493
2.99246
2.89077
2.88671
2.78433
2.87864
3.23039
3.0895
2.51642
2.82923
3.18539
2.92666
2.94407
3.14714
2.92358
3.11924
2.72161
3.14054
2.77323
3.11567
2.96805
3.03683
2.99643
2.89438
3.25287
2.87852
2.98577
3.05024
2.78338
2.58989
3.06628
3.05395
3.19133
3.22637
2.97992
2.88453
2.95453
2.85256
3.02309
2.90664
2.96804
2.95401
2.81404
3.2694
3.21251
3.05522
2.99483
3.10863
2.98012
2.75361
2.97024
3.25765
2.77463
3.1544
2.77393
3.04354
3.09999
2.96773
3.36806
3.14299
2.93011
2.99253
3.10782
2.96568
2.65623
3.16522
2.8156
2.73518
2.79338
3.07501
3.11019
2.92906
3.16606
3.03782
2.74618
2.8947
2.6804
3.03712
3.36199
2.93945
3.23659
2.83562
3.13526
3.03255
2.72632
3.10213
2.81072
3.21989
2.80958
2.89572
2.65172
2.87751
3.039
3.01517
3.0861
2.33993
3.01094
3.13368
3.26671
3.19523
2.94456
3.34108
3.12625
3.04691
2.86483
2.93414
3.22801
2.8347
3.07416
2.82532
3.12482
3.25084
3.05943
2.67412
2.81731
3.1241
2.6095
2.93622
3.18524
2.90731
2.95199
2.9356
2.83775
2.80032
2.81563
2.8704
2.89915
3.05401
3.18941
3.09365
2.56792
3.27685
3.11589
2.84121
3.00191
3.04932
2.89024
3.17193
3.02866
2.97486
3.10786
2.95807
3.40914
3.15816
2.88939
3.02883
3.19417
2.93655
3.19073
2.79939
2.99361
2.66407
2.73574
2.7775
2.94835
2.65854
3.42758
2.6898
2.89491
2.84195
3.24516
2.72698
2.80597
2.7007
3.21499
2.92303
2.75331
2.98935
3.02933
3.03875
3.03863
3.08148
2.98975
2.67822
3.12229
3.21049
3.26168
2.75288
3.1381
3.20303
3.00832
3.04547
2.45757
3.03012
3.10038
3.3646
3.00091
2.79273
3.04502
2.955
3.23726
2.71845
2.82731
3.18536
2.90314
3.06875
3.16165
2.85543
2.97798
3.13363
3.10765
3.22464
2.88885
2.65674
2.60323
3.10457
2.93272
3.28078
2.69422
2.96429
2.78046
3.0892
3.17924
3.06586
3.23118
2.7338
3.15249
2.92006
2.64943
3.12229
3.24212
2.93148
2.92036
2.93404
3.0092
3.214
3.18354
3.12438
3.11168
2.49224
2.90397
2.58099
3.2536
2.96431
3.40395
3.06044
2.98107
3.01209
2.82038
2.94047
2.45442
3.13434
3.0034
2.89907
3.08097
2.76095
2.8885
3.26656
2.92796
3.1694
2.95186
3.31524
2.96492
3.18409
2.84365
3.09969
3.13976
3.15234
2.84218
2.7871
2.86602
2.90895
3.31874
2.69574
3.25445
2.87128
2.81861
3.04347
2.67013
3.08269
3.29279
2.84544
3.00558
3.08108
2.83905
2.67979
2.60797
2.95405
2.88434
2.96604
2.81198
3.03201
3.18349
3.31252
2.76387
2.96976
3.15137
3.02658
2.83941
2.81142
2.82694
2.89447
2.95683
2.94512
3.03278
2.89336
3.36803
3.12605
3.29416
2.5056
3.06115
3.08955
2.57952
2.98764
3.49356
3.16908
3.16273
3.08579
3.21775
2.63162
2.65807
2.70387
3.00673
3.14445
3.29783
3.0738
2.87817
2.64508
3.13481
2.85091
2.97976
2.99666
3.33027
3.3038
3.14516
2.62099
2.6159
2.82114
2.73353
3.0685
3.1109
2.87961
3.16389
3.47351
2.69451
3.21332
3.23511
3.00337
3.09741
3.12263
2.75435
3.065
3.06523
2.75431
3.15274
2.85799
2.93766
3.09821
2.86674
3.08748
3.06679
3.32288
2.97699
2.69367
2.84137
3.11163
2.90987
2.9859
2.60316
3.02421
2.85332
3.24831
2.72816
3.06245
2.96095
2.91724
3.04467
3.07122
3.28439
3.10239
2.99442
2.74615
3.43752
3.33125
2.74602
3.28211
3.02793
2.92972
2.85583
3.2876
3.29606
3.05557
3.11139
3.2142
3.32315
3.18201
3.3218
2.90672
2.95895
2.87057
3.19563
2.75808
2.71696
3.16813
2.66835
3.20346
3.19812
2.80462
2.80202
3.13611
3.02406
2.98179
2.85497
2.89668
3.04082
3.04437
3.07172
2.82733
2.67826
2.61599
2.95635
3.10239
3.00593
3.02091
3.08277
2.89931
2.68765
2.94638
3.18311
2.96173
2.79955
3.38259
3.14005
2.97396
2.83281
3.03525
3.09458
2.65861
2.95075
2.97238
2.83777
2.966
2.727
3.10521
2.99342
2.64739
2.74207
3.26252
3.21239
2.97801
3.17557
3.15458
3.03647
3.38901
3.26803
3.2415
3.22341
2.99224
3.25914
3.09932
2.95337
2.71505
3.17227
3.29474
3.16598
2.95924
3.26283
3.08485
2.80104
2.89722
3.26999
3.09451
2.6646
3.20958
2.90535
2.99371
3.24375
3.01262
2.4938
2.58081
3.4475
2.91517
3.21199
3.21457
2.42914
3.30731
2.75824
2.90106
2.71207
3.13477
2.86601
2.95573
3.1213
3.07854
3.14345
2.94393
3.31521
3.09781
3.05082
3.35355
3.38338
2.76911
3.31376
3.16719
2.54482
3.06494
3.15765
2.91533
3.07027
3.02479
3.0107
2.75101
2.82176
3.03645
2.84403
3.08393
2.99363
3.1385
2.81977
3.24875
2.71758
3.02085
2.76634
3.17342
2.94404
2.77677
3.14569
2.80297
2.81044
3.22601
3.07056
3.17711
3.07442
2.85412
3.20668
2.77239
2.84395
3.34779
2.81396
2.83442
3.05381
3.30153
2.74528
2.7457
3.24751
2.91898
3.02192
3.33492
2.97534
3.11832
3.2764
2.85111
2.77312
2.90733
2.86202
2.90641
3.23689
2.73537
3.22467
3.14635
3.08529
2.85524
3.04578
3.24653
3.05303
2.99125
3.49709
3.39638
3.11007
3.32889
2.97973
3.06259
2.92453
3.40221
3.03172
2.69664
2.94508
2.88784
3.51751
3.07233
3.15624
3.27047
3.10084
3.14417
2.78513
3.15304
2.93702
2.948
3.20079
3.29847
2.77169
2.62414
2.71328
3.09956
2.97456
2.92446
3.27945
3.12922
2.62806
3.35623
3.21161
2.77274
3.29135
2.69465
2.99193
3.0768
2.91734
3.12057
2.65674
3.10122
3.08991
2.98552
3.10092
2.82562
3.50357
3.09373
3.12409
2.68743
2.66594
2.80568
3.44497
2.83484
2.89153
2.56113
3.02366
3.10206
3.09867
3.13938
3.18209
2.99863
3.17309
3.04223
2.90981
2.96804
3.131
2.70393
3.1193
2.95595
2.82147
3.17067
2.83074
3.10685
2.91938
2.58657
3.01395
3.25456
2.83501
2.74663
2.94682
2.97666
2.96995
3.18624
2.95308
3.00364
3.03012
2.8032
2.82239
3.18119
3.30629
3.02456
3.05749
2.96391
2.87141
2.73351
2.8739
3.17713
3.04671
3.2621
3.12858
3.31232
3.40177
2.98229
3.1456
2.7705
2.7667
3.23054
2.89692
3.41295
3.10991
2.72056
2.9013
3.09353
3.01778
3.02271
2.69229
2.77984
3.12726
3.06716
2.87487
3.10302
2.90581
3.08297
2.98181
3.07462
2.99426
3.21306
2.9102
2.93519
2.89921
2.97947
2.75791
3.23635
2.83946
2.78508
2.89553
3.03745
3.05022
2.73746
3.12079
2.87134
3.14624
3.12235
2.93797
2.82019
3.22985
2.91649
3.21946
2.72038
3.0962
2.95205
2.97976
2.64296
2.76294
2.72306
3.10011
2.83549
2.93935
3.16727
3.04666
3.06806
2.89163
2.97698
2.82752
3.01852
3.04016
2.99929
3.24842
2.90384
2.84605
3.00024
3.0911
3.02648
3.4265
2.97053
2.6894
2.97356
3.08534
2.9726
2.80208
3.21925
2.67464
3.20018
2.97739
2.85905
3.20446
2.68861
2.93322
2.92476
3.24567
3.01634
2.99714
2.75105
3.06199
2.80483
2.96842
2.86583
3.08732
2.82486
2.65994
2.88885
2.98973
3.14264
2.81994
2.94702
3.14251
3.31982
2.74362
3.19734
2.6305
2.80648
3.30425
2.85533
3.17222
3.10018
3.51366
2.91274
2.77866
3.27718
2.59766
2.58291
3.45958
2.81086
2.90319
3.14209
2.62892
3.13777
3.18769
2.90319
2.99268
3.01774
3.03035
2.96181
3.06408
3.17789
2.78947
3.18819
3.1023
3.14437
2.8417
3.05392
3.04721
2.92041
3.11481
3.0494
3.14502
3.34927
3.2742
2.90222
3.38164
2.5398
3.07396
3.02523
2.80791
2.96441
3.20666
2.99254
3.06032
3.14962
2.89476
3.20396
3.2643
2.5475
2.94608
3.4452
2.84242
3.1109
2.71349
2.68663
3.16432
2.70816
3.2274
2.91775
2.76507
2.72539
3.05682
3.29619
3.10025
2.89241
2.39202
3.16591
2.89475
3.17526
3.42058
2.62291
3.17052
2.86401
2.59613
2.70668
2.94479
3.08154
3.07274
3.00521
2.92701
2.98769
3.33257
2.71922
3.35378
2.85214
3.05075
3.07551
3.07679
2.83907
3.18953
3.27977
3.02346
2.75498
3.0767
3.42068
2.9733
2.82421
2.95645
3.11592
2.64099
2.75593
2.99697
3.10868
2.80864
3.09618
3.13067
3.36528
2.88367
3.10357
2.7962
3.01927
2.85621
3.18685
3.25355
2.88249
2.7967
3.27388
3.00669
3.44187
2.78679
3.18529
2.76807
3.32214
2.81714
3.0603
2.76021
3.18751
3.25167
2.85584
3.17304
2.6695
3.00956
3.10849
2.93519
3.10288
3.18135
2.90883
3.31123
3.05517
2.81304
3.08701
2.96845
2.78708
2.94414
3.52417
2.95793
2.98334
3.0499
2.91934
3.04508
3.04888
3.01201
3.01623
2.74265
3.06058
3.15139
2.96792
2.80411
3.21792
2.77776
2.73042
2.82816
3.05813
3.1824
2.82988
3.10477
2.80616
2.55256
2.92362
3.12203
3.00449
2.87693
2.92927
2.93136
2.91226
3.03343
3.14129
2.77092
3.21582
3.07272
3.07988
3.2388
2.95449
3.00792
3.08988
3.09246
2.80511
3.25719
3.1864
3.1053
3.20891
2.66742
2.98779
2.90956
2.9278
3.28632
2.94211
2.94834
2.94951
3.06284
2.83879
2.95763
3.11221
2.80402
2.95528
2.92324
2.89458
3.00365
3.16001
3.02734
3.05583
2.95163
2.97322
3.06436
3.15324
2.88712
3.08029
2.966
2.91065
3.26917
2.90191
2.72351
2.96695
2.69824
2.98437
3.12569
2.7218
3.15457
3.07236
3.22068
3.09992
3.15557
2.99161
3.15553
2.99004
3.37228
2.95126
2.63142
3.10853
3.30823
3.0595
3.20212
2.96498
3.29711
2.86441
3.08074
2.84938
3.15025
3.20365
2.96717
3.21414
2.66534
3.32694
3.26367
3.34683
2.78638
2.83748
2.95937
2.65008
2.49413
2.95264
2.97473
2.89653
2.95297
3.07486
2.96037
2.92287
2.98082
2.66706
2.87016
3.18191
3.30293
2.71867
3.23088
2.93249
3.10734
3.08166
3.08026
2.86279
3.09824
2.83232
3.18198
2.80198
2.71619
3.09099
3.13059
2.93671
3.29044
2.71052
3.1156
2.84166
3.08931
2.90974
3.24626
2.95338
2.84541
2.95503
2.96961
2.97827
2.84309
2.96093
2.74613
2.93669
2.93868
2.90066
3.05452
2.81686
2.88462
2.67494
2.9735
3.32251
3.02889
3.28592
2.93959
3.407
3.06225
2.95761
2.82235
3.14697
2.46319
3.03018
2.83356
3.04029
3.32618
2.81809
2.61816
3.15934
3.12347
2.87957
2.73568
2.65107
3.20652
2.98283
2.81678
3.08475
2.88994
2.9803
2.7886
3.03901
2.87211
3.23563
3.22057
2.78884
2.71232
3.01133
3.34616
2.91476
2.96916
3.15849
3.19266
2.9818
3.11864
3.28072
3.06277
3.20497
2.97358
2.49267
3.20112
2.84377
3.04463
2.8134
3.4795
2.90503
3.09828
3.23476
3.14121
2.79331
2.72761
3.17806
3.04035
3.12065
2.94383
2.97322
3.0192
3.14964
2.80595
2.99818
3.35447
3.04532
3.12151
2.94616
3.33683
2.62856
3.11931
3.10118
2.80334
2.82357
3.10383
3.19299
2.80081
3.14841
2.96122
3.13436
2.73948
2.98971
3.17459
3.09459
2.99326
3.15415
3.10462
2.70626
2.89039
2.9768
3.08888
3.11647
3.36031
3.19536
2.94591
3.38808
3.05892
2.98819
3.19417
3.29869
3.30925
2.88626
2.73257
3.01021
3.18976
3.02306
3.03694
2.83438
2.71525
3.21004
2.93058
3.08687
2.71422
3.06172
2.8265
3.09099
3.18734
2.6355
2.89665
2.90516
2.84066
3.1121
2.91469
3.18461
3.08445
2.77274
2.67831
3.03801
2.77938
2.80289
3.30032
2.86552
3.14278
2.5187
3.00455
3.02345
2.86105
3.01224
3.10786
2.89035
2.90952
2.78691
3.07238
2.8181
3.16877
2.99203
3.40642
3.01651
3.09067
3.1425
3.08416
2.87744
3.01498
3.52983
3.04582
2.9614
2.77286
3.22558
2.90561
2.96172
2.92076
2.91303
2.94554
3.05578
3.14201
2.76445
2.84111
3.11054
3.32409
3.20923
2.8332
3.32418
2.91017
3.11864
3.01693
3.03987
2.75723
3.07209
2.58252
2.97355
3.08222
3.03731
3.09064
2.81972
2.69845
2.91445
3.12472
2.67802
2.89719
3.09105
3.02917
2.8732
3.30801
3.11802
3.24715
2.92426
3.27084
2.83136
3.04805
2.75898
2.76242
2.95569
2.98553
2.91896
3.0305
3.10841
2.72089
2.81143
3.05032
3.16471
2.83952
3.14687
2.93407
3.10789
2.81468
3.00808
2.99542
3.23306
3.07399
3.20205
2.99665
2.93874
3.03758
3.02852
2.82219
2.92381
2.95084
3.08573
2.8804
2.6531
3.02955
3.14578
2.92749
3.17486
3.393
3.08053
3.06654
2.97982
2.83521
2.74576
2.96592
3.20443
3.08228
2.83145
2.83446
3.08083
3.18616
2.90046
2.60756
3.1145
3.2618
3.31013
3.18527
2.92051
3.01991
2.88718
3.16163
2.92374
3.02726
3.00209
2.7559
3.2677
2.93917
2.50179
2.92142
3.42988
2.7472
2.82328
2.74495
3.04181
2.98708
3.32855
3.04972
3.01627
3.03433
3.09729
3.01755
2.86753
3.00437
3.41832
3.03759
3.07647
3.16694
2.92051
3.00067
2.98746
2.84424
3.14341
2.9991
3.30435
2.85819
3.19518
3.14106
2.96101
3.09653
3.07306
3.26862
2.92884
3.11837
2.95157
2.77769
3.21254
2.99088
3.05803
3.06218
3.12394
2.58478
3.05108
2.97214
2.87164
3.30019
2.95622
2.57788
2.97235
3.22388
2.87526
2.88727
3.28307
2.75036
3.2324
3.13467
3.46816
2.98281
2.67513
3.05807
2.94985
2.88839
3.11252
3.27339
3.34267
3.16501
2.73648
2.89021
3.33892
3.10218
3.22624
2.84329
2.37601
2.94791
3.24548
3.08365
3.20751
2.86445
2.64624
3.4897
3.18709
3.10864
2.66127
2.93374
2.92856
2.67785
2.81121
3.38009
3.03465
3.06589
3.21233
3.15039
3.0405
2.80303
3.34753
2.82997
2.86723
2.80597
3.13168
3.12145
3.08204
3.06394
2.9728
3.01053
3.06073
2.96599
3.19907
3.14014
2.97353
2.72151
2.73551
2.88891
2.71789
2.76693
3.09754
2.76806
2.89101
3.04878
3.51884
2.9628
2.88414
3.16463
3.01452
2.9082
3.13099
3.10447
2.95301
3.16599
2.86532
3.11077
2.9701
3.28407
2.87447
2.60208
2.9707
2.85856
3.31804
2.974
3.29137
3.14852
2.93609
2.67178
2.98072
2.98455
3.12483
3.23815
3.05996
3.05019
3.57323
2.93828
3.08021
3.08289
3.53689
2.91642
3.09565
3.17151
2.91334
2.99758
2.88859
3.09902
2.83858
2.66122
2.73107
2.9082
2.93211
2.8285
2.74165
2.90019
3.04927
3.21282
3.05879
2.97702
2.82783
2.85862
2.58385
2.71228
2.888
2.81578
3.33173
2.96135
2.77877
3.04866
2.64346
3.09702
3.13864
2.86036
3.26746
2.88726
2.79953
3.22244
3.2197
2.96199
2.8781
2.74722
3.05286
2.8916
3.16196
2.8529
3.30288
3.35168
2.73152
2.97481
2.77347
3.13498
2.89413
3.00806
2.81149
2.96204
3.12158
2.71842
3.0358
3.22702
3.12018
2.33834
3.06165
3.08272
2.74443
3.05922
3.45024
3.06148
2.71913
3.03863
3.03322
2.67642
3.03894
3.01418
