5200
0.983254
0.98268
1.02827
0.888292
1.00232
1.03858
0.899006
1.04835
0.993714
1.0114
1.01636
0.950325
1.00495
1.02546
1.12718
1.04887
1.01535
1.0117
1.0222
1.02868
1.01153
0.984925
0.960665
0.999606
0.961049
1.05188
0.951407
0.97028
1.02803
1.03219
0.997559
1.04833
0.905254
0.979971
0.962489
1.0568
0.991576
1.00146
1.05394
1.0271
0.973859
0.974134
0.92484
0.986231
0.985693
0.96832
1.05146
0.994048
0.979851
1.05698
1.09157
0.950111
0.991069
1.07709
1.01799
0.997758
1.04177
1.07368
1.05346
0.997693
0.938194
1.05003
0.953889
0.962591
1.02166
1.00695
0.993611
0.984264
1.0681
0.984248
0.964721
0.988147
0.969026
1.02212
1.00219
0.964888
0.927764
1.0932
1.02774
0.912297
0.897891
1.06385
1.04305
0.946346
0.933355
1.02754
1.0264
0.944548
0.959265
0.937213
1.07616
1.07244
0.90773
0.94436
0.807424
0.909516
1.01264
1.11662
1.00676
0.992988
1.02684
1.04864
1.12015
1.02159
1.01185
1.01903
0.984737
1.04781
1.04304
1.03317
0.99322
0.884467
1.00629
1.01571
1.00251
1.01639
0.99408
1.04289
1.00821
0.952212
0.97314
1.0172
0.992532
0.967353
0.953847
0.965808
0.990243
0.985452
1.00971
0.931136
1.02721
0.939503
1.09361
1.01539
0.972683
0.934549
0.981923
0.976303
0.97397
1.08011
0.973831
0.97095
1.03621
0.96654
1.07876
0.98193
1.00321
0.982558
0.962454
0.981907
1.00303
0.989534
1.0564
0.965371
0.933993
0.997757
1.03662
0.936179
0.922701
0.977127
1.01663
1.05948
1.01751
1.00316
1.05562
1.02089
0.923422
0.991044
0.989125
1.03254
1.04141
0.99254
0.975211
0.959002
1.03605
0.965694
0.998258
1.03914
1.03292
0.969422
0.97286
0.956506
1.00917
1.02089
0.988092
0.975551
0.999845
1.09708
0.965171
1.03619
1.0042
0.93047
1.07752
0.99518
1.02233
1.02471
0.985415
1.00874
1.02953
1.06548
1.0628
1.04717
0.97113
1.03723
1.04643
1.02736
0.952662
1.07403
1.00227
0.968339
0.917547
1.00412
0.92229
1.04148
1.03646
0.977552
0.996834
1.02748
1.01064
1.00529
0.920694
0.862064
1.00989
1.06647
1.03661
0.969665
1.07242
0.925753
1.01587
1.07282
1.08581
1.0183
1.04131
0.94441
1.04535
0.911091
0.930956
0.976076
1.05324
1.028
1.01117
0.998504
1.02169
1.03872
0.98559
1.02423
0.989029
0.935534
1.0706
0.896619
1.14666
1.01596
0.934391
1.0572
0.943818
0.988557
1.00225
1.06226
1.00387
1.02047
1.01379
0.920972
1.09981
0.942952
1.00243
0.973852
0.907728
1.03107
1.04418
1.00285
0.992378
0.913182
0.982687
1.01194
0.987651
0.998542
0.943376
0.989293
0.912131
1.03709
1.0064
1.00456
1.00684
0.969731
1.03446
0.999437
1.05744
1.02929
0.944014
1.01388
1.0453
0.972253
0.966295
0.994988
0.920552
0.990369
0.981526
1.08157
1.07018
0.964992
0.933389
0.936595
1.04046
1.0115
0.920929
0.943412
0.979884
1.03098
0.965663
0.937518
1.03208
1.01762
0.92529
1.10672
1.0097
0.965617
0.952553
1.06095
1.01804
1.06778
0.974366
0.999447
1.03307
1.08022
1.06309
1.05558
0.969442
0.952962
1.01536
1.05117
0.986699
1.02951
1.05726
1.04758
1.0201
1.03083
1.03772
1.04584
1.04456
1.0688
0.957739
0.981543
0.980354
1.00765
1.04719
0.989146
0.983084
1.00094
1.09898
0.941768
1.01692
1.01317
0.963412
1.07133
1.04025
0.975483
1.00774
1.0102
0.98246
1.05576
1.09911
0.957184
0.991436
0.975522
0.985968
1.03188
0.976723
0.974977
0.923105
0.970292
0.956434
0.956374
0.957734
1.00334
0.997333
1.0407
0.923017
0.860082
0.894074
0.933668
0.971598
1.07824
1.04821
1.05415
1.03141
1.002
1.0372
0.994472
0.969
0.913247
0.960764
0.969529
0.976673
0.948497
1.06208
1.0582
1.02143
1.0699
0.99243
1.03294
0.915412
1.01714
0.968346
0.994312
0.990093
1.05122
1.03691
1.03593
1.02526
1.00778
0.961904
0.976159
1.01531
0.942783
1.02852
0.97898
0.940796
0.99866
0.972246
0.904218
0.990791
1.0846
1.09563
1.03652
1.1122
0.999205
0.948526
0.924686
0.971302
0.945688
1.01486
0.998053
1.00477
1.01896
0.980257
0.939049
1.01876
1.05434
0.96757
1.0145
1.05693
0.980522
0.99645
1.02111
1.01947
1.00038
0.982063
1.01506
0.990025
0.999464
0.993546
0.985925
0.987868
1.01344
1.00471
1.06136
0.956601
1.09382
0.948576
1.03494
1.0524
1.03247
0.953759
1.02221
1.02586
1.04493
0.998935
0.906048
0.953201
0.951554
1.02517
0.985808
0.969449
1.04886
1.0988
0.990344
1.01991
0.931707
0.995994
1.00472
1.10559
0.95778
0.9563
0.928779
0.960565
0.975878
1.01431
0.990946
0.89099
0.969647
0.967985
1.07057
1.05116
0.994924
0.956185
0.935206
0.948946
1.08826
1.00274
1.01938
0.95331
1.03637
1.00719
0.993687
1.02746
1.01291
0.945322
1.06506
0.977989
1.03482
1.08681
1.00405
0.982566
1.06596
1.0641
1.06373
1.03787
1.00853
1.05079
1.03969
0.953004
1.02703
1.04564
1.03394
0.95627
1.00817
1.00775
1.02928
0.925596
0.962835
0.906763
1.05088
0.998346
0.971089
0.926361
0.995061
1.0634
1.02764
1.04317
0.96907
0.954516
1.01066
1.01809
0.948929
0.981053
0.935999
0.991631
1.03764
1.10119
1.02183
1.02347
0.984579
1.00603
0.990327
0.94346
1.02108
0.971845
0.98846
1.04461
0.937251
1.0006
0.952429
1.01517
0.959776
0.985471
0.951757
0.916468
0.933731
0.964268
0.991968
1.05974
1.02264
1.00818
0.987294
1.04797
1.04451
0.975108
1.00952
0.933516
1.00713
0.996809
0.909195
1.06516
0.869305
1.01397
0.961999
0.992584
0.9285
1.01533
1.01004
0.985299
0.940583
1.00388
1.05528
1.02737
0.97498
1.03825
1.05476
1.00332
0.963716
0.939719
1.03061
1.06014
1.0755
0.986767
1.0795
0.903171
0.982222
1.02828
1.02089
0.960968
0.939698
0.983669
1.0643
0.921936
0.964411
1.03455
0.984276
1.06743
1.00539
0.95442
1.01332
0.905233
0.979893
0.981181
0.960266
0.992263
0.968167
1.01305
1.0464
0.971986
0.998097
0.92423
1.09069
0.97948
1.00365
0.976355
1.04228
0.843755
1.03408
0.981293
1.03051
0.966014
0.99832
0.987949
0.828798
0.937928
0.980544
1.0895
1.08003
1.03381
1.03276
0.963384
1.05734
0.926684
1.01064
0.970842
0.929057
0.955744
0.921352
1.05546
0.933198
1.0181
0.987504
1.00186
1.06328
0.981167
0.99497
0.893908
1.01008
1.0081
1.10237
1.08031
1.09418
0.957452
1.03387
1.06226
0.963667
1.13007
0.955655
1.05147
0.982593
1.0684
1.01066
0.999292
0.959997
1.02484
1.01544
0.95931
1.07647
1.00517
0.994672
1.10685
1.10771
0.897141
0.971227
1.01298
0.929975
1.06842
0.989688
1.01366
0.907437
0.939901
1.01549
0.950139
0.996803
1.03364
1.01937
1.01207
0.952223
0.984673
0.982643
0.968863
0.953518
0.967842
0.970096
0.907515
0.981159
1.0299
1.00377
0.997178
0.978009
0.948037
0.981361
1.03847
1.00218
0.952407
0.99485
0.971538
1.07475
1.03706
1.02271
0.927105
0.933364
1.06818
0.943748
0.930346
0.940374
0.919635
1.02692
0.989712
1.00701
1.01472
0.942658
0.939211
1.05051
0.997069
1.02794
1.03071
0.985466
1.00128
0.922291
1.08407
1.08989
0.952027
0.983483
1.04531
0.961222
0.991857
1.02921
1.01717
0.99666
1.05373
1.07192
0.892221
1.04973
1.04361
1.09468
1.02192
1.02927
0.985071
0.984007
0.968167
0.944747
1.01024
1.03943
0.951216
0.949984
0.85675
0.978305
1.03351
0.982444
1.06038
1.04604
0.937111
1.01317
0.957824
0.942632
0.944334
0.995451
0.940219
0.961227
1.03467
1.03703
0.973823
1.01331
0.972703
1.02111
1.00771
0.962321
1.03749
1.02312
1.04536
0.998576
0.911408
0.980753
1.00965
1.00529
1.00135
1.02169
1.00322
1.03487
0.952695
1.07534
1.02508
1.04509
0.997384
1.01256
1.09246
1.0025
0.896323
0.954273
0.966829
1.03496
0.972487
0.925875
1.04248
0.9637
1.07607
1.01701
1.11782
0.980034
0.966823
0.954744
0.993191
1.03191
1.03383
0.954775
1.09613
0.982366
1.08878
1.01483
0.9836
1.05577
1.00984
1.02541
1.05842
0.998493
1.03033
0.984843
1.01408
0.960133
0.947459
1.01817
1.02904
0.916868
0.950903
0.986466
1.02366
1.03465
1.00202
0.960059
1.01851
1.00746
0.93598
1.05004
0.986024
1.03422
1.04722
1.05451
0.973783
1.01136
0.950353
0.95704
1.01607
1.04589
1.02005
1.05978
0.969409
1.00363
0.995592
1.03013
0.942353
0.948543
1.00641
0.974981
0.968491
1.00709
1.026
1.0355
0.923518
1.14545
0.930801
0.973355
0.976429
0.970515
1.05915
1.01381
1.03195
1.04713
1.02128
0.901169
0.95739
0.955058
1.02046
0.967953
0.936456
0.933601
0.98306
0.974523
1.04389
0.972295
0.971352
1.07535
0.982976
0.964208
0.99952
1.05296
0.996633
0.9828
1.01882
0.985407
0.94267
0.931879
0.94206
1.03005
0.922791
1.01017
0.916039
0.90469
0.938692
1.07833
0.973969
1.00455
1.07721
0.952881
1.00575
0.941205
1.05379
1.0268
0.974324
0.997579
0.972602
1.01768
0.958922
1.06127
1.05332
0.978264
1.01408
1.03965
0.920629
1.00805
1.00931
0.892779
1.00346
0.974485
1.06134
0.956816
0.994093
1.01611
1.02154
1.07069
0.991101
0.942054
1.01393
1.04112
1.01706
0.978413
0.998817
0.928141
1.04038
1.06577
1.03896
0.952749
1.04651
1.02578
0.971901
0.991877
0.987088
1.00494
0.965933
1.01701
0.937176
0.972473
0.961
1.05685
0.937742
1.02522
1.00866
0.89671
1.03304
1.00994
1.00829
0.914392
0.963921
0.981726
0.989346
1.04979
1.0734
0.987379
1.00712
0.978568
1.0381
1.05928
0.955248
0.994751
0.949605
0.967263
1.02446
1.02359
0.984383
0.910301
0.955727
0.969022
0.997472
0.949247
0.976536
0.983375
1.04253
0.999524
0.974903
0.862196
1.03316
0.96401
0.996196
0.974084
0.94222
1.00775
1.03042
1.04009
0.985993
0.945267
1.03878
1.01135
0.993914
0.906631
1.05054
1.04458
1.06963
0.993867
1.0138
0.967119
1.03421
0.995592
0.908054
0.991068
1.10436
1.03536
1.03818
1.01552
0.903516
0.990407
0.990578
1.01325
1.01954
1.06019
0.952851
1.02968
0.967841
1.0419
0.980073
0.960288
0.996582
1.09545
1.03793
0.96635
0.9949
1.01045
0.995232
0.952404
0.969195
0.972454
1.00458
0.94171
1.03401
0.949864
0.980715
1.00858
1.05264
0.945218
1.10594
0.965013
1.05425
0.982932
1.02747
1.01128
1.08795
1.00512
1.01752
0.944159
0.966935
0.997159
1.07318
1.02739
1.05595
0.929942
0.959668
0.994406
1.01325
0.929158
1.00523
0.911608
1.12683
0.956914
0.972907
1.01547
1.02859
0.964799
0.969084
0.966924
0.921486
1.05973
1.03232
1.06951
0.975653
1.02822
0.908227
1.09204
0.951808
0.987791
1.0362
0.983138
0.997218
0.968278
0.984223
1.00744
1.00403
0.992035
0.986401
1.01341
1.00921
1.10105
1.03841
0.928239
0.935389
1.04418
1.00553
1.05122
0.948315
1.03999
0.939314
0.979674
1.00984
0.960121
1.00853
0.963695
1.01799
0.981473
0.949026
0.993672
0.930159
1.07107
1.00438
0.961909
0.985817
1.04939
0.895213
0.949147
1.05091
1.00046
1.08858
1.03126
0.886145
0.990874
0.997016
1.00347
0.966898
0.991401
1.03174
1.1357
1.00441
1.01731
1.01143
0.992429
1.01251
1.02285
1.02638
0.975777
0.999813
1.13327
0.956021
0.982183
0.923063
1.06363
0.887521
0.913914
0.949978
1.02076
0.9876
1.03561
0.953052
1.09306
1.03245
1.04389
1.05837
0.942947
0.99607
0.870153
0.907141
1.03811
0.985019
0.972772
0.954399
1.09823
1.07083
0.982828
0.997152
1.03745
1.00899
0.990749
0.98639
0.97122
0.980744
0.954363
1.05857
0.955866
0.950979
1.02235
1.13224
0.969543
0.965783
0.974234
0.976202
0.944521
1.00551
1.01558
1.06429
1.03875
0.994901
0.899017
0.964671
1.03113
0.891792
0.981644
0.997095
0.957037
0.963341
1.01681
1.00669
0.968279
0.925238
0.895775
0.988514
1.05035
0.952601
1.06397
0.899825
1.04644
1.02352
0.989338
1.0257
1.01496
0.97586
0.957034
1.11648
0.972237
0.982182
0.989641
1.04462
0.991867
1.04238
1.00194
1.04843
1.03957
1.01208
0.998095
1.0051
0.989441
0.979655
1.01377
0.891405
1.09017
0.936826
0.886642
1.04234
0.986538
1.03737
1.01832
0.995415
1.00314
1.09821
0.911182
0.960664
0.998779
1.00011
0.981348
0.969725
1.00615
0.947789
1.07987
1.08251
0.944078
1.0171
1.0768
1.00906
0.934767
1.04486
0.888056
0.956381
0.973522
0.961954
0.943182
0.929088
0.971222
0.995044
0.99615
0.943867
1.06252
1.00815
0.98586
0.965845
1.00132
0.968321
1.07936
1.02085
1.02797
0.9902
0.940418
0.951561
1.02624
1.05704
0.939147
1.06462
0.965414
1.16817
1.05213
0.985125
0.993012
1.00976
0.945056
0.990992
0.921913
0.984441
0.929195
1.03064
1.02855
1.02369
0.975202
1.03053
0.98626
1.00182
0.945091
1.09038
1.06337
1.042
1.00224
1.09273
0.986893
1.01989
0.96395
1.0741
0.953473
1.11106
0.990184
1.09267
0.960126
1.05231
1.0263
0.973079
1.03864
0.959989
1.01765
1.01297
1.0421
1.01871
1.05894
0.963695
0.993143
0.990067
1.02586
1.01266
1.03965
0.971965
0.986678
0.948752
1.08594
0.952903
1.03167
1.02252
0.97952
0.968984
1.03504
0.940682
1.02619
1.0682
1.08359
0.983304
0.981341
1.08831
1.06581
1.06836
0.947864
0.944762
1.06216
1.00648
0.993111
0.964484
1.0015
0.972907
0.984241
1.06642
1.07805
1.05014
0.971306
0.90449
0.976277
1.02623
0.92803
0.982273
1.04565
0.914485
0.990396
1.0259
0.973208
1.01965
0.998803
0.975637
0.942427
1.01239
0.94881
0.998921
1.01876
0.93142
0.932398
0.98849
0.993048
1.03998
1.04165
0.981116
1.00542
1.05671
0.978591
1.01436
1.03398
0.956842
1.00278
1.05774
1.04511
1.01543
1.03148
0.957336
1.04293
1.07154
1.05604
0.928008
1.0114
0.947794
0.950792
0.990273
0.982288
1.04282
1.05908
1.02012
1.12494
0.973462
0.991376
1.06307
1.10696
0.979239
1.09033
1.03124
1.0028
0.927423
1.01148
1.06365
0.977198
0.981345
1.06437
1.08875
0.999434
1.00961
1.04594
1.06322
0.958825
1.02622
0.976103
1.02853
0.952851
0.958395
0.980119
0.936432
0.947546
1.0393
0.993556
0.999807
0.95456
1.02214
1.0209
1.00022
0.999406
1.03036
0.983168
1.03355
1.06559
1.0942
0.924875
0.961683
1.08574
0.983743
0.95894
0.9091
0.985229
0.962338
0.957229
1.08346
1.0138
0.926076
1.09355
0.997748
1.04401
0.945468
0.962672
0.965589
1.00987
1.00465
1.06857
1.01089
1.02777
0.982346
0.946015
0.920913
1.09659
1.12421
0.942775
1.00738
1.01073
0.979696
1.05959
0.985646
0.968537
1.00337
0.943567
1.00448
1.0476
1.02312
1.06295
0.862565
0.916173
0.983696
1.001
0.989369
1.01103
0.964764
1.00554
1.08406
0.921612
0.968623
1.00237
0.993936
1.04138
1.05291
1.02591
0.923417
0.95376
0.962182
0.981505
1.03991
0.994251
0.984557
1.03534
0.965406
0.989222
1.0712
1.00393
1.023
0.990537
1.01986
1.06307
1.02378
0.924989
0.932013
1.05356
0.989591
1.00047
0.942894
0.965328
1.09797
1.00638
0.959983
1.03685
1.01372
1.06071
1.04634
0.980738
1.06085
1.01867
0.964083
0.987097
1.04576
1.01942
1.10391
0.990096
0.932586
1.00051
0.984743
1.12026
1.04046
0.974449
0.926822
0.986134
1.01981
0.991503
1.04181
1.08729
0.941849
1.04687
0.993157
0.952572
1.13258
0.995053
1.02653
0.997481
1.03409
0.928194
0.95922
0.994178
1.08124
0.988167
0.998368
1.07116
0.970939
1.04295
1.10661
1.03942
1.01455
1.02553
0.941549
1.00996
1.08459
0.962557
1.01773
0.927039
1.01702
0.985717
0.955193
0.952919
0.966747
0.9322
1.00696
1.00842
0.914019
0.962639
1.00854
0.988853
1.00905
0.989978
1.0492
0.968381
0.933347
0.99436
0.984842
1.02824
0.916047
1.0637
1.0335
0.965753
1.02951
0.935266
1.00156
1.03936
1.08694
1.03074
1.02861
1.03016
1.0172
0.990537
0.91741
0.952389
0.901319
1.09364
1.03019
1.03997
0.932882
1.07725
1.047
0.909536
0.990446
0.972333
1.05408
1.07288
1.07112
1.09039
1.00539
0.927767
0.939869
1.00739
0.967196
0.959462
0.997062
1.02729
1.03372
0.930108
1.00488
1.04569
1.08319
1.10325
0.978955
1.00253
1.00728
0.995584
0.951834
0.887195
1.00559
1.00685
0.961362
0.961236
1.03421
0.976641
0.990701
0.989044
1.05795
1.08882
0.933855
1.01381
0.982261
1.06538
1.02307
0.976169
1.07748
0.957396
1.01682
1.03587
0.982763
0.999615
0.987846
0.94737
1.00826
0.984232
1.0266
1.05746
1.04913
1.05149
0.891619
0.981753
0.991386
1.13524
0.971933
1.03301
1.02608
1.00669
1.04518
1.04857
1.01772
0.980304
1.05423
0.982915
0.985272
1.03534
0.978634
1.02966
0.964647
0.976358
1.0605
1.02409
1.02357
1.03104
0.99744
1.00135
0.975523
0.985227
1.0634
1.01207
1.04988
0.958152
0.89632
1.0462
1.04498
1.07936
1.08183
1.00399
1.03444
0.950067
0.877883
0.987215
0.95454
1.00478
1.04512
1.0259
1.07297
1.00758
1.03536
1.04238
1.00313
1.02675
1.09449
1.11442
0.985252
0.960671
1.04243
1.05866
0.980068
1.014
1.0034
1.04363
0.954527
1.00307
1.10015
1.01055
0.996791
0.965258
0.949091
1.01437
1.02285
1.01615
0.979116
0.97668
0.981501
0.92745
1.012
0.915928
0.96537
0.920041
1.04148
1.12373
1.0595
0.992852
0.997025
1.01827
1.07166
1.00884
0.968135
0.965969
0.953563
0.940315
0.98308
1.04694
0.916304
1.07854
1.02704
1.0274
1.01223
0.990064
1.09085
0.987994
0.980271
0.962574
0.992088
0.946944
0.900961
1.06898
0.911618
1.04902
0.930793
1.06277
1.0713
0.992891
1.04156
1.00965
1.04383
0.98666
1.01856
1.00254
0.962886
1.04906
1.04673
1.01687
0.966912
0.955558
1.01444
0.989646
0.892177
0.965959
1.0297
1.02623
0.990733
0.992552
1.03081
0.980868
0.902277
0.991757
0.986647
0.971674
0.957886
0.924818
0.966707
0.945553
1.00989
1.06908
1.02486
0.923425
0.985356
1.0079
0.847563
1.03395
1.02108
0.937414
0.9217
0.929254
1.04233
0.980871
1.0685
1.04718
1.05405
0.918871
0.977571
1.01758
0.99017
0.896189
0.915418
1.01715
1.03703
0.993848
0.939044
0.936851
0.938752
1.03063
0.946973
1.03446
1.12027
0.970257
1.05363
1.04875
0.910092
1.03126
0.924672
1.01713
0.978866
0.985748
0.914929
1.03192
0.928584
1.02603
1.04101
0.949627
0.981547
0.98441
1.07042
1.09588
0.956359
0.937683
1.08611
0.940377
1.08253
1.08346
0.966118
0.942842
0.96089
1.07292
1.04246
1.01759
0.982099
1.00836
1.04842
1.00347
1.01828
0.956016
1.05492
1.02334
0.98773
0.92128
1.03355
1.04066
1.00424
1.09105
0.948918
1.06277
0.917706
0.976003
0.976815
1.06532
1.02563
0.957496
0.990154
0.93643
0.978716
1.0579
0.947388
0.948559
0.999935
1.10064
0.987983
1.01388
1.01471
1.01029
1.01105
1.04151
1.06423
1.0493
1.02195
0.954019
1.07189
1.08855
0.9336
0.921828
1.0389
0.987125
1.07364
0.970368
0.866552
0.962488
0.988583
1.04446
1.01285
0.979497
0.981585
0.993378
0.948849
0.935331
1.02437
1.02475
0.958721
1.10739
1.00969
1.01813
1.02645
0.970059
1.00223
1.07482
1.04691
0.976942
0.999732
1.0249
1.0362
0.988862
1.01679
1.06914
0.930712
0.917095
0.92195
0.985632
1.05518
0.989773
0.962594
0.910146
1.00982
0.980133
1.0113
0.91861
0.998061
0.949222
1.02101
0.991392
1.01012
0.996643
1.06767
0.941187
1.03432
0.935112
1.01551
1.09117
1.02268
1.02866
1.02038
1.02875
1.11921
0.993048
0.980101
0.93088
0.987317
1.01
0.957985
0.982555
0.984908
1.02898
1.08511
0.943246
0.949332
1.06532
1.08068
1.01936
0.999846
0.934426
0.950718
0.978049
0.9883
1.04393
0.995941
0.940862
1.04919
0.936128
1.08507
1.02487
1.06418
1.04394
1.0553
1.06578
1.01335
0.917466
0.98579
1.02126
1.02221
1.03092
1.05346
1.00483
1.03156
1.01965
0.974558
1.00248
1.08483
0.928582
1.02429
0.931698
1.07528
1.03491
1.0375
0.941105
1.0988
1.03047
1.02411
0.966816
1.02414
0.97371
1.05229
0.989451
0.978503
1.05427
1.04029
1.04185
1.01123
1.00385
0.989122
1.02055
1.02886
0.931376
1.08433
0.980845
1.0048
0.960112
0.955041
0.884887
0.945593
1.04628
1.01456
0.9876
0.969613
0.975007
1.02556
0.990094
1.09097
1.02716
1.01746
0.96258
0.97653
0.971522
0.960385
0.929349
0.95613
0.98382
0.977591
1.02553
1.06811
1.01449
1.01632
0.990995
0.949968
0.997136
0.998025
1.02644
1.02115
1.03775
1.03676
0.993256
0.872763
1.00733
1.04223
1.01769
1.01918
0.931798
1.00477
0.989185
0.994108
1.06721
0.984903
0.979184
0.947175
0.983375
1.05107
0.970381
1.03115
0.97725
0.994103
1.03747
0.970029
0.960446
1.02989
1.09565
1.01388
0.88746
0.905465
0.947832
0.927132
1.0142
1.02735
1.07266
1.01427
1.03344
1.09351
1.07969
0.984844
0.929648
0.92783
1.06053
0.996627
0.94372
0.990915
0.975092
0.983657
1.08889
0.977673
0.956682
1.0435
0.989565
0.932756
1.12256
1.02281
1.05684
0.977047
1.01439
1.03517
0.955045
0.992206
0.981743
0.997722
0.97482
0.971532
1.0773
1.0686
1.00989
0.939638
0.966346
1.02008
0.898548
0.993084
1.04834
1.01965
1.01386
1.02415
1.01811
1.01446
0.982859
1.0397
1.00809
1.08798
1.05785
1.03046
1.01687
0.971986
1.05352
1.02846
1.06691
1.05805
0.957672
0.974784
1.00795
0.997993
0.982456
0.863493
1.02945
0.964098
1.04132
1.00711
1.02798
1.05128
0.992744
1.03256
1.01737
0.953029
0.938436
0.956609
1.02
1.03354
0.966489
0.946715
0.976641
1.09775
1.00003
0.939795
0.946486
0.908674
1.04081
1.0513
0.983393
1.04843
0.970018
1.01169
0.967799
0.977247
1.11723
1.02585
1.01799
1.07465
1.01043
0.884014
1.03463
1.00065
0.997237
0.974297
1.01313
0.933996
0.911063
0.966605
0.984067
0.954627
1.00554
1.028
0.974946
1.07638
0.909498
1.01595
0.921019
1.02225
0.983406
0.958561
1.02813
0.945372
0.951781
0.967492
1.02485
1.06352
0.990497
0.946332
0.929479
1.01595
1.06426
1.02854
0.941686
1.05539
0.939226
0.936525
1.02555
1.01401
1.03253
1.03699
0.981425
0.973921
0.998056
1.06726
0.97725
0.993811
0.943866
1.00326
1.02793
0.95347
1.02198
0.979181
0.944441
0.987758
1.00047
0.88089
1.07336
1.00902
0.971729
1.02191
1.04867
1.14245
0.99584
0.943855
0.949861
1.01271
0.999786
0.941566
0.888646
1.03749
1.0624
1.01249
1.01375
1.0622
1.00657
0.994727
1.02104
0.981802
0.982324
1.02163
1.00865
1.05105
1.09427
1.06882
0.831454
1.0115
1.06147
1.01937
1.01111
0.987244
1.01013
0.9673
0.965788
1.08336
1.03409
1.06769
1.05971
0.945681
0.964593
1.08208
1.06176
1.02818
0.974088
0.968617
1.02191
0.993508
1.07141
1.0046
1.00269
1.0024
1.02826
0.918145
0.962576
1.03177
1.01517
0.959963
1.00017
1.04293
0.924101
1.06184
1.08092
0.895192
1.00348
1.03699
1.00599
1.02165
0.991755
1.02549
1.0607
0.958508
0.990316
1.02709
1.03089
0.957158
0.986927
0.925426
1.00584
1.01393
0.99331
1.00382
0.950317
0.979408
1.04853
1.01898
0.955948
1.01148
1.00124
1.02725
0.909006
1.02731
1.06628
1.01257
1.09214
0.943412
1.01038
0.973472
0.987919
0.911063
0.976577
1.02821
1.01526
1.01757
0.973417
1.00085
0.927238
1.02338
1.01875
0.965408
1.0293
0.970588
1.06437
1.0421
1.0752
0.994847
1.02
0.916728
1.00835
1.01996
1.02981
1.07022
1.02487
1.03578
0.887771
1.02596
1.05585
0.983971
0.915209
1.0394
0.985162
1.00219
0.971693
1.05583
0.915477
1.02154
1.02672
0.994961
0.994826
1.04135
1.00872
1.07032
0.960919
1.10233
0.99025
1.02356
1.03716
1.0412
1.02134
1.04552
0.924891
1.0644
1.05722
1.05024
0.98828
0.989917
0.979478
1.11581
0.996745
0.907137
0.957054
1.05566
1.0785
1.09809
0.969428
0.986615
0.920457
0.89688
0.983016
0.988359
0.97626
1.02479
1.03085
1.02028
1.04964
1.09855
0.99996
0.963323
1.06733
1.0262
0.964945
1.05893
0.991798
0.95327
0.98241
1.00407
0.986362
0.941088
1.05772
0.950803
0.962566
0.970362
1.05086
0.963913
0.963914
0.948576
0.993592
0.967075
1.0002
0.888022
0.946524
1.0419
1.051
0.997245
0.968601
1.03797
1.05546
1.02866
0.963044
0.937748
1.08713
1.04082
1.04586
0.993429
0.933423
0.968617
1.00386
1.03907
0.951128
1.08887
0.952776
0.971469
1.05012
0.984262
1.03481
1.113
1.0094
1.03284
0.998323
1.01359
0.973313
0.963801
1.02334
1.00936
0.993465
0.921159
0.97435
1.04748
0.952791
1.02574
0.985125
1.01928
0.98253
0.981034
0.998467
0.956827
1.05872
1.06183
1.02155
1.05715
1.04584
1.07762
0.994894
0.973763
0.977101
1.01415
0.995277
1.03033
1.00198
0.924512
1.02941
1.07452
1.07271
1.00324
1.01974
1.03008
1.04438
0.997916
0.938118
1.10085
0.908198
1.01011
1.01004
0.979534
1.09041
1.00609
1.00661
0.953096
0.987753
0.882056
1.01838
0.92514
1.02535
1.04089
1.00422
0.973602
1.0218
0.933558
0.980833
1.01612
0.999052
0.98846
1.11658
1.02748
0.976473
0.959371
0.999245
1.0063
1.03556
1.00209
1.06358
0.964134
1.00844
0.958961
1.02602
1.00457
0.977049
1.01376
1.0878
1.02021
0.946341
1.05305
1.0194
1.08252
0.985771
1.06815
1.08239
1.0806
1.01868
0.880305
1.05217
0.941547
1.03435
0.994844
1.09465
1.02348
1.09279
0.878162
0.917132
1.08429
1.00222
1.04264
1.02971
0.984893
0.982351
0.979491
0.9625
1.01639
1.12728
0.960287
1.00427
0.999083
1.04061
1.04174
1.01294
0.985344
1.1285
0.979716
1.03936
0.997956
1.04661
1.03832
1.01114
1.00555
0.95129
1.15063
0.977325
0.942865
1.01056
0.930372
0.962509
0.974046
1.01298
1.03583
1.05603
0.938627
0.964577
1.02027
0.948163
0.998766
0.985656
0.928386
1.03196
0.999278
0.951042
0.987161
1.08757
0.991376
1.05253
0.933693
0.997828
1.01831
0.989221
1.00505
0.969852
0.943644
1.01505
1.08667
1.00969
1.0026
1.04935
0.992782
1.05946
1.01818
0.929054
1.03677
1.11447
1.00651
0.981345
1.04451
0.93842
0.93708
0.989515
0.957075
1.04114
1.00357
0.951757
1.09461
1.00655
1.03278
0.976817
0.970035
1.03952
1.0066
1.01689
1.01561
1.07974
0.987889
1.00763
1.03343
1.00288
0.931974
0.963875
0.988378
0.975194
1.04742
0.972826
0.994014
1.09911
1.03621
0.973479
1.04092
0.992262
0.966083
0.921487
0.980398
0.986059
0.977725
0.951318
1.03119
1.07829
0.99282
0.97431
1.0168
0.977357
0.966578
0.99986
0.95592
0.967137
0.982045
1.03694
1.03359
1.07152
1.05553
1.0298
1.02856
1.0307
0.969146
0.992297
1.08008
0.910749
0.992091
0.968493
0.990912
0.946937
1.03666
1.06785
1.01559
0.983307
0.944275
1.10943
1.01814
1.00758
0.984524
0.992751
1.0191
1.05891
0.991645
0.998342
0.980132
1.01478
0.998025
1.00271
0.9358
0.972948
0.903232
0.988594
1.09717
1.0056
0.996466
0.995829
1.18168
1.00863
1.0532
0.910979
0.962474
1.04257
0.975798
0.92077
1.09293
1.0673
1.03279
0.966059
0.976671
0.974864
0.926531
0.961277
0.937495
0.972223
0.961492
1.06504
0.965773
0.975279
0.958079
0.993603
1.0003
1.05689
1.02078
0.995626
1.03969
1.09367
1.03812
0.998722
0.916759
1.06206
0.897168
1.0628
1.04686
0.98999
0.912388
1.0592
1.03778
1.02747
0.98984
1.0153
1.0237
0.949822
0.978558
0.998596
0.983758
0.99307
0.940604
0.931533
0.969789
0.93709
0.95623
1.01065
0.984198
0.983586
0.996522
1.00233
1.00634
1.00509
0.967674
1.02117
0.982629
0.999011
0.968353
0.981836
0.941483
0.976271
0.938818
1.01913
0.972205
1.06442
0.977499
0.986336
0.991773
1.0502
1.14442
1.05259
1.06209
1.00381
0.964227
0.861667
0.994233
0.998876
1.04573
0.95201
1.05995
1.09973
0.934339
1.00758
0.959007
1.00105
1.01066
0.981758
0.976477
1.01837
0.989261
0.94481
0.983969
1.03617
1.0072
0.995762
0.904844
1.08777
1.03359
0.993347
0.953391
1.01827
0.995495
1.06397
0.945758
1.00969
0.983693
1.00641
0.9617
1.00441
1.00228
1.07262
0.919229
0.982954
0.945552
1.05005
1.01583
0.985255
0.956532
1.06826
1.03621
1.04782
1.07389
0.944359
0.976338
1.07703
1.01495
0.922477
0.975065
0.967095
1.06731
1.07834
1.0691
1.02508
0.925908
1.07113
0.949462
0.994482
1.02476
1.00323
0.849496
1.00672
0.934989
0.991232
0.975103
1.05915
1.03251
1.00829
0.923983
1.0227
1.06298
1.02204
0.992598
0.973349
1.04155
0.929081
1.0108
0.875683
1.02707
0.999434
0.928541
1.06195
0.995341
0.937165
1.02295
0.999234
0.955077
0.938355
0.979494
0.982378
0.993988
0.936575
1.00212
0.990083
0.952475
0.951234
0.982453
0.933077
0.993507
0.987556
1.08011
1.03069
0.970065
0.951112
0.955517
1.0205
0.908013
1.03991
1.04766
1.01699
0.980575
1.03726
0.967516
1.04168
0.961371
1.00261
1.05813
0.900922
0.995494
0.977651
0.96113
1.03673
1.00001
1.01098
1.04376
1.00328
1.03363
0.979944
0.927094
1.02529
0.97734
1.02455
1.02541
1.0714
1.0109
1.01626
0.893586
1.02202
0.954037
0.996754
0.998066
1.00336
0.955509
0.945715
1.03332
1.08398
1.00314
0.971257
0.910122
1.02124
1.06012
1.09149
1.02481
1.00756
0.986708
0.957794
0.996576
1.1491
0.963133
1.00167
0.991997
1.02216
0.972739
0.929478
0.972895
1.00058
1.06198
1.00708
1.12544
1.02981
0.995121
0.969903
1.06779
0.96362
0.984811
1.05521
0.996359
0.977043
0.961061
1.01047
1.07339
1.00676
0.995007
0.973486
0.980273
1.0911
0.92123
1.06142
0.947036
0.971772
1.05696
1.02337
1.03568
0.948373
0.989224
1.08244
0.978856
1.03884
1.0312
1.00151
1.09745
1.02723
1.04664
0.94651
1.03044
0.987425
0.954956
1.00889
0.950944
0.986573
0.989949
0.967886
1.01154
0.961865
0.955253
0.957614
0.906705
0.978034
0.933362
1.02049
0.923123
0.951917
1.01859
0.941032
0.968143
0.974421
0.938954
1.0319
1.08787
1.02607
0.966687
0.947297
0.879646
1.01702
0.976537
0.967025
0.94177
0.969148
0.966118
1.04669
0.943353
0.994689
0.999165
1.04746
1.02612
1.01021
0.997518
1.07337
1.04818
0.999824
0.97267
1.03907
1.034
0.897083
0.992058
0.970838
0.954817
0.990475
1.09278
0.927531
0.98947
1.00036
1.04537
0.988902
1.01598
0.986513
0.905856
1.01147
1.03096
0.952268
1.02159
1.05541
1.06102
1.00535
0.949417
0.903232
1.00871
1.01845
0.991695
1.02422
0.933983
0.965386
1.06426
1.01782
0.989655
0.9741
1.00593
0.92871
1.0399
1.04514
1.01297
0.991384
0.978296
1.03999
1.06177
0.940065
0.959295
0.988326
1.00606
1.08082
0.981145
1.02917
0.941862
1.01454
1.02179
0.968591
1.01782
1.02475
0.973281
0.950136
1.04931
0.979325
1.05579
0.941116
1.08061
0.975466
0.972841
1.05738
1.05825
1.02804
0.97453
1.00694
0.997392
1.04947
0.941391
1.0315
0.940468
1.01423
0.947761
0.960049
0.980126
0.968837
0.992461
1.05884
0.958577
1.05199
1.09912
1.05969
1.03929
1.03166
1.03737
1.06501
0.99317
1.01374
1.0276
0.978571
1.03681
0.926981
0.934644
0.94495
1.03393
0.995364
0.951785
0.979209
0.981625
1.03786
0.955249
1.01679
0.961712
1.01668
0.993384
1.03493
0.981926
1.07323
0.97489
0.938741
0.943376
1.05444
1.02359
1.0359
1.0119
1.08769
1.03095
1.08665
1.00259
0.975119
1.01674
1.04134
0.981206
1.07245
0.97557
0.997902
0.910487
0.967863
1.07579
1.0684
0.939919
0.98883
0.978839
0.933847
0.987946
1.02356
0.955689
1.12139
1.02021
1.03094
1.00131
0.907859
1.05567
0.949172
1.0047
1.02797
1.10628
1.00416
1.11102
0.944993
0.990326
1.0139
1.00578
0.915747
1.03839
1.04418
0.991455
1.0166
1.11374
0.970889
1.05651
1.01318
1.00615
0.97127
1.05233
1.03208
1.01592
1.04677
0.970781
1.03234
0.955117
0.983524
0.927813
0.986888
0.958883
0.996237
0.962942
0.997728
0.980211
1.00615
0.999783
0.986305
0.972244
0.983899
1.05777
1.00214
1.07293
1.07385
0.98117
0.97578
0.942801
0.932987
1.00882
1.03537
0.973182
0.97538
0.992355
0.99789
1.00045
0.984721
0.977762
1.03793
1.0347
0.893908
1.01389
0.906483
0.965975
0.980323
0.99826
0.932892
0.962845
0.910144
1.11199
0.993211
0.929982
0.976387
0.995207
0.983049
0.976449
0.939303
0.97461
1.00167
1.04167
1.04221
0.989163
0.99966
0.971872
1.00284
0.931903
1.06406
1.08024
0.969697
1.08504
1.10513
0.965198
1.04817
1.0422
1.04564
0.95194
0.993732
0.916859
1.03322
1.02379
1.07749
1.005
1.02196
0.997284
1.0603
0.960576
1.06844
1.01752
1.04539
0.972052
1.03483
0.978014
1.10964
0.958826
0.980507
0.966053
0.994429
1.08966
0.94318
1.0006
1.09072
1.02246
1.11575
0.930784
1.00173
1.02831
1.01823
0.945631
0.919792
1.01924
1.0091
1.05446
1.03936
0.957233
1.02381
1.11175
0.937734
0.999938
1.04043
1.07389
1.02107
0.934016
0.894035
0.944077
0.992202
0.987928
0.962892
1.05517
1.08531
1.03972
1.01478
0.868793
0.973196
1.04665
0.944762
0.929474
1.03741
0.964948
0.957958
0.977032
1.06773
1.02759
0.924264
0.898875
0.913099
1.0463
1.07691
0.97575
0.932042
1.00355
0.908397
0.981618
1.05123
0.97745
1.01102
0.997502
1.00448
0.987507
0.97597
1.02355
0.983453
0.966155
0.947858
0.936427
0.977635
0.963094
1.02376
1.06746
0.950433
1.00257
1.01327
1.00193
0.965693
1.01385
1.00434
1.06387
1.00766
0.98825
1.06077
1.02432
0.946575
1.07542
1.03251
0.950429
1.004
0.974643
1.00415
1.00898
0.93458
1.01628
0.989484
1.00668
1.02915
0.940717
1.05203
1.03782
1.03894
1.04092
0.91294
1.05674
0.953498
0.963906
1.02425
1.00288
1.0197
0.996635
0.971315
0.982782
1.0243
0.94511
1.03378
0.993747
1.05155
0.990769
1.03857
1.01728
0.990063
0.928159
0.986597
1.02771
1.0413
0.999135
1.05301
0.943842
1.00476
0.974463
1.02744
0.962842
1.02005
1.00584
0.936846
1.0242
0.968486
1.07381
0.934178
1.0006
0.937693
0.947425
0.943872
1.06982
1.01139
0.960867
0.94415
0.987293
1.0362
0.972095
0.990312
0.947111
1.05146
1.02924
1.0038
1.0162
0.996044
0.992559
1.00933
0.990166
0.919459
1.00422
1.00875
1.01762
1.05464
0.977874
0.930314
1.06612
0.996578
1.0484
1.02607
0.963094
0.948296
1.00061
0.974113
0.953464
0.987762
0.935882
1.06082
1.07455
1.08222
1.12099
1.04296
0.972308
0.962025
0.981778
1.04714
1.02726
1.07117
1.1004
1.02317
1.01763
1.05294
0.944726
1.00022
0.954924
0.939606
0.938442
0.995213
1.0534
0.990085
0.952631
1.06295
0.976712
1.03269
1.00822
1.04357
0.968157
0.898988
0.958903
0.968
1.07179
1.01875
1.05259
0.928777
1.08161
1.05887
0.917708
1.08105
1.02187
1.06227
1.08295
0.98064
1.02092
1.02645
1.05321
0.979827
1.03427
0.968718
0.931765
1.04253
0.978286
1.03411
0.938365
0.992925
0.993177
0.913304
1.00209
1.00366
1.02102
0.974017
0.937305
1.10391
0.91283
1.01238
0.888609
1.01736
1.07814
0.990545
0.984071
0.950367
1.09614
1.01027
0.938299
0.972708
1.04459
1.03817
1.0093
0.993247
1.02586
1.04304
1.06128
0.8995
1.00179
1.06129
1.02557
0.974144
0.912516
1.01737
0.986859
0.854996
0.953279
1.07199
0.931131
1.08182
0.955246
1.01457
1.0731
0.968537
0.96297
0.962111
1.01796
0.978219
0.900995
1.08595
0.954858
0.999928
0.982592
0.928567
0.95204
0.981307
1.02468
1.0407
0.961841
1.01632
1.1197
0.958414
1.02301
0.986085
1.01941
0.918382
1.00316
1.00447
0.974032
1.04106
0.943575
0.980934
0.92908
0.970659
1.05948
0.973874
1.00805
1.07234
1.00143
1.03038
1.01173
1.06136
1.04886
1.00884
0.984826
1.05055
1.07105
0.98273
0.971663
1.02415
1.07316
1.02255
1.0249
1.06428
0.989614
0.922672
0.909599
0.983142
0.911908
0.894045
1.02469
0.950362
1.07407
0.971465
1.05745
0.951098
1.03448
1.07182
0.967118
1.08351
0.995295
0.95923
1.04234
0.977584
0.970677
1.05034
0.974142
0.935341
1.00072
1.08364
1.02609
1.00402
1.00153
1.00618
0.957307
1.0084
0.995563
1.03144
1.09633
0.966368
0.962344
0.978336
0.952011
1.02285
1.03104
0.99141
1.01523
1.01
0.96098
1.02155
0.972327
1.01984
0.953886
0.93633
1.0494
1.04026
1.04652
0.967743
0.863512
0.97748
1.05233
0.894863
1.02618
1.00739
1.03092
0.997756
0.953545
0.890382
0.944123
0.999072
0.945597
1.00113
0.934236
0.966035
0.966591
0.945071
1.08703
0.901222
1.0325
1.01147
1.03662
1.15406
1.03842
0.964943
0.945037
1.02571
0.990902
1.02439
1.01866
1.01202
0.969276
0.969985
0.951975
0.934325
0.98757
1.06847
1.04793
1.03334
1.0009
0.980898
0.968983
1.01066
0.99147
1.03573
0.919494
0.918174
1.01343
1.0235
0.986601
1.01943
1.00218
1.01018
1.01872
1.05159
0.939786
1.01434
1.03301
1.03209
1.0007
1.01282
0.983137
0.969998
0.998302
0.998966
0.977114
0.942915
1.04372
0.983806
0.942681
1.00126
1.0088
0.909658
0.959591
1.01306
1.05196
1.01756
1.0945
0.972144
1.03949
0.862254
1.03692
0.982878
0.950638
1.02313
0.919113
1.00411
1.04864
1.07372
1.01227
0.884496
1.03712
0.990639
1.05722
0.988858
0.917244
1.00339
1.01215
1.05018
0.991156
1.02968
0.961102
1.00349
0.981487
0.988115
1.01089
0.999343
0.975575
0.995329
1.03431
1.02099
1.02853
0.981558
1.06908
0.971702
1.13547
0.912103
1.07182
1.01759
1.00896
0.923084
1.04597
0.961059
1.02736
0.899779
0.939603
1.04256
0.974951
0.932059
0.953335
1.02302
1.11555
0.972965
1.01313
1.12028
1.01128
1.07522
0.888949
0.898558
0.995791
0.900666
0.991603
1.01432
0.964016
1.09026
1.04821
1.0058
1.03106
1.11273
0.950927
0.977086
1.0824
1.0399
1.02621
0.9838
0.971586
0.992178
0.922928
0.892817
0.955807
0.994121
0.962043
1.08453
1.08411
0.993668
0.916925
0.946138
1.00138
0.998468
0.966836
1.12464
1.012
0.93774
1.03619
0.982288
0.926682
1.10226
0.983175
1.01542
1.01325
1.02521
1.02826
0.928018
1.01404
0.994962
0.954309
1.00942
0.953271
1.02578
0.967483
1.02077
1.02633
1.15638
0.998361
1.0193
1.00801
1.00216
0.966004
1.02953
1.11441
1.00472
1.01498
0.908443
0.948777
1.05011
1.00446
1.02601
0.958385
0.94247
0.983856
1.14818
1.01841
0.988312
0.917824
1.00714
1.05542
0.975413
1.02797
1.05821
0.943912
1.04845
1.01155
0.966169
0.941262
0.982015
1.07896
1.03167
0.927563
1.03037
1.01695
0.977926
0.967712
1.02473
0.988116
0.967234
0.91013
0.946772
1.01853
1.04112
1.0995
1.00397
0.996734
1.00388
1.01636
1.01264
1.00026
1.04644
1.094
0.958299
1.08542
0.933201
0.997592
0.950152
0.987675
0.918027
1.01372
0.964906
0.996277
0.978474
0.986205
1.03841
0.969626
1.02854
1.05109
0.995929
1.04681
1.01891
0.994888
0.962704
1.01831
1.02927
0.943256
1.01434
0.970888
0.947837
0.842656
0.935173
1.02187
0.977739
1.10621
0.94992
1.01218
1.04288
1.08873
1.06209
1.0507
0.971357
0.943647
0.983585
0.984552
0.965452
1.02507
0.992673
0.999976
1.07455
0.894229
1.00722
1.03327
0.918064
1.03564
0.95909
1.05203
0.975648
1.05469
1.04361
0.988476
0.898902
1.00777
0.913912
0.915863
1.02065
0.978182
1.0043
0.990886
1.03248
0.973113
0.978305
1.0347
1.02219
0.977155
0.971393
1.07031
1.02662
1.02002
1.09282
1.00839
1.04163
0.988024
0.99235
0.94703
0.827518
1.02282
0.943766
0.989015
1.03309
1.02937
0.96058
1.05435
0.988687
0.9739
1.03905
0.987376
1.10829
0.956148
0.92271
1.02579
1.03494
0.957364
0.962268
0.989516
1.02115
0.918915
1.03173
1.01577
0.995694
0.976808
0.979609
0.893898
1.00408
0.942434
1.08276
0.974169
1.04589
0.906706
1.00252
1.06991
1.04997
1.04597
1.06603
0.97162
0.919953
0.948644
1.04632
0.970657
1.08924
1.08023
1.08145
0.968705
1.06085
1.08683
1.0278
1.0747
0.99313
1.11299
0.960424
1.03089
0.996605
0.952539
0.958299
1.07856
0.962299
0.959763
1.03536
0.989896
1.01455
1.00161
1.11694
0.925724
1.0089
0.961126
1.02691
0.945271
0.974828
1.02802
0.982632
1.04017
0.966035
0.966246
1.03745
1.03559
1.15677
0.993818
1.05179
1.07752
1.01785
1.04405
0.957479
0.947824
0.945699
1.10937
1.06849
0.95298
1.05793
1.01963
0.922011
0.927806
0.937724
0.891295
0.969207
0.99788
1.00914
1.02072
1.04084
1.05305
0.998563
1.0128
0.989532
1.05658
0.871288
1.00519
0.99273
1.01317
0.962964
0.915976
1.01281
1.00192
0.959822
0.95798
1.0196
0.991189
1.02323
0.988019
0.94412
1.02819
0.888695
0.899335
1.03038
1.00803
1.01279
1.07308
1.09609
1.05638
0.989494
1.03326
1.04981
0.985593
0.943077
0.931126
0.942738
1.02411
0.98653
0.967692
0.963497
0.960692
0.918923
0.993
1.08683
0.94778
0.958981
1.00486
1.02277
0.988873
0.999866
0.968259
1.07528
1.04055
0.987775
0.97392
0.940122
1.01092
0.976548
1.05475
0.99906
0.981298
0.937742
1.0114
0.921732
1.08871
0.972912
1.03511
1.02433
1.01007
1.00501
1.08131
1.06546
0.993262
1.07413
0.979948
0.947747
0.979128
0.979062
0.921728
0.945729
1.02211
0.95903
0.997549
0.913361
0.974555
1.0537
0.954036
0.957699
1.0104
0.933261
0.984475
0.933802
1.06803
1.04456
1.02092
0.979626
0.98727
0.965567
0.934419
0.991226
0.953634
1.047
0.989608
0.981014
1.0166
1.06504
1.06141
1.01304
0.932651
0.958303
0.967649
0.901
0.915024
0.982359
1.0979
1.02301
1.05182
1.05102
0.991023
0.992365
1.02008
0.969427
0.967115
1.00559
0.985102
0.89034
1.02189
0.950162
1.03339
1.0225
0.959398
0.987843
0.99346
0.936662
1.03702
0.992601
0.958036
1.00801
1.02547
0.971128
1.00589
1.03699
1.00351
1.01142
0.973364
1.05304
0.971791
0.918177
1.03614
1.02105
0.934649
1.13525
0.941323
1.06697
0.992331
0.904967
1.05164
0.911082
0.988039
0.955374
0.981812
1.00476
0.958652
0.88083
0.948034
1.03172
1.03985
1.02599
1.00416
1.00575
1.02662
1.00788
1.01504
1.07298
1.00378
1.01576
1.02248
0.937015
1.04099
0.894849
1.03532
1.04093
1.02835
1.03988
1.04451
1.04005
1.04346
0.966983
1.0285
1.00696
0.959072
1.07013
0.964023
1.06826
1.02436
0.926324
1.05654
1.00508
0.94894
0.963105
0.980576
1.05151
1.05743
0.983835
0.963056
0.966472
1.10212
0.982778
1.05568
1.01126
1.06931
0.998112
1.09395
1.02905
0.982619
1.00379
0.976139
1.03689
0.970742
1.02901
0.965607
0.975597
0.896639
0.956573
1.04857
1.0042
1.0306
0.995293
0.994886
1.04249
0.949476
0.952037
0.981842
1.07184
0.911605
1.04084
1.04105
1.13133
1.05374
0.966463
0.940377
0.980428
1.04282
0.928017
1.081
0.956556
1.02992
0.942317
1.07556
0.906584
1.02505
0.923115
1.04768
1.01699
0.997492
0.862042
1.04636
0.964517
0.96274
0.950379
0.93184
1.06925
1.05091
1.03982
0.930656
1.05602
0.968263
0.898653
0.973388
0.915492
1.09074
1.01646
0.978581
0.997583
0.974749
0.99022
1.01405
1.07393
0.861343
0.976528
0.945323
1.02787
1.01497
1.07193
1.0257
1.08246
1.06194
1.01538
1.07914
0.990903
1.02505
0.92623
1.01439
0.982871
0.953953
0.919803
0.870131
1.00392
1.02578
0.980785
0.992126
0.952134
0.943817
1.00004
1.00451
0.965099
0.976938
1.05308
1.03022
0.982483
1.02472
1.01139
1.00013
0.992487
1.04117
0.890875
0.952454
0.990291
0.916934
0.94543
0.98135
1.01825
0.937117
1.04737
0.982173
1.06566
0.99848
0.959447
1.03582
1.04911
1.05244
1.05419
0.948443
0.993161
0.958588
0.918563
0.97236
0.999988
0.974531
1.02128
1.01295
0.901808
0.993773
1.03746
0.980956
1.01397
1.04946
1.02589
1.05261
1.01243
0.967905
1.04795
0.914676
1.03344
0.952643
1.04569
0.962476
0.967573
1.04551
1.07562
1.02436
1.03675
1.05284
1.03636
0.951146
1.04816
0.864138
1.024
1.00547
0.984185
0.944719
0.979293
0.985416
1.04036
0.983323
0.936452
1.03275
1.03388
0.889125
0.985249
0.933942
0.979179
1.01261
0.889
1.01261
1.00908
0.995747
1.06084
0.979696
1.03613
1.05302
1.0239
0.964247
0.963141
0.958294
0.925819
1.03545
0.981541
1.05445
1.10526
0.957853
0.947036
1.02652
1.04965
0.953525
1.02716
0.968622
1.03046
0.958449
0.94967
0.937257
1.04101
0.97668
1.01192
1.06655
0.981818
1.01662
0.965479
1.00088
1.01186
0.908346
0.970024
1.01437
0.958325
1.0455
1.08067
1.06473
1.05699
0.914366
0.995208
1.04289
1.00868
0.999699
0.932863
1.05198
0.974497
1.10078
0.951011
0.983543
0.997652
0.926056
0.917648
1.0149
1.00604
1.04351
1.00767
0.995064
0.953576
1.03344
1.00626
1.02679
1.06588
0.995553
0.932789
1.08252
0.9931
1.00757
0.997123
0.983882
0.942535
0.921967
1.07522
0.935129
1.05116
0.993259
0.963771
0.946118
0.961527
0.924749
0.965126
1.02925
1.02226
1.02855
0.996156
1.01217
0.99425
1.01234
1.04696
0.951901
0.959298
1.02859
0.971673
1.03775
1.01761
1.06059
1.01393
0.925319
0.98418
1.08012
0.983405
1.05861
1.01408
0.911111
1.05539
0.93746
0.961207
1.04893
0.992239
0.83825
0.966389
1.05362
0.980698
0.933547
0.957792
1.02935
0.998517
0.969032
1.05826
1.02242
1.01344
1.06782
0.957879
1.01268
0.998855
0.9185
1.09293
1.00925
0.976034
1.07037
1.01448
1.03963
0.918747
1.01586
1.00388
1.01442
1.01915
0.872385
1.06791
0.984032
0.957178
0.967824
0.965873
0.984198
0.974383
0.892759
1.01427
1.04649
0.953373
1.04908
1.06468
1.00021
1.06195
1.00858
1.05394
1.02501
1.1111
1.06399
1.02765
1.0532
0.993529
1.12418
0.909727
0.938781
0.964759
1.03591
0.950924
0.921507
1.06611
1.08082
0.963364
1.02209
0.980255
1.00488
1.00048
1.01862
1.03483
1.02341
0.918817
0.956152
1.07425
1.04084
1.08602
1.07716
0.997554
1.0484
0.993339
0.960661
1.04201
1.0063
0.9153
1.01691
0.925524
1.03659
1.04422
1.08315
0.942046
0.860479
1.03277
0.932008
1.05034
0.974882
1.00023
1.04079
1.02261
0.981472
0.976465
1.02984
1.04531
1.0338
0.933624
0.926994
0.996643
1.00129
1.06079
0.939092
1.01667
0.895445
1.04048
1.01881
0.888101
1.0005
1.02594
1.10134
0.998113
1.06922
1.03034
1.08018
0.983737
1.0532
0.932819
0.997535
1.02015
1.04482
0.929418
1.07415
1.04528
1.03288
1.0183
0.970491
0.93636
0.98839
1.02962
1.05273
0.994693
0.893058
0.985693
1.0072
1.02365
1.02301
1.00223
1.05808
1.05023
0.871715
0.977468
0.967833
0.984465
0.925853
1.04592
1.00124
1.01416
0.987529
1.10529
0.984942
0.951474
0.906614
1.05202
1.07472
0.963756
1.04015
1.02827
1.06248
0.99032
0.990223
0.953937
1.03248
1.04912
1.07077
0.962462
1.05016
0.996125
0.930665
1.01998
1.03236
0.931462
0.983335
1.00873
0.97032
0.941418
1.01042
1.05208
1.05431
0.995753
0.958149
1.04522
1.03936
1.00936
1.01052
1.05064
1.0142
1.04922
1.04346
1.01795
1.06705
0.918438
0.907589
1.10529
1.02441
1.06132
0.99712
0.959029
1.04874
0.989669
0.968974
1.01953
1.00839
1.00185
0.940865
0.942868
1.09975
1.01509
0.998916
1.02761
1.04243
1.02845
1.01484
1.04529
1.02239
0.950624
0.982733
1.08591
1.00986
1.06684
1.11049
1.00916
0.99381
1.0979
0.952807
1.08506
1.01676
1.10799
1.00311
0.99974
0.949236
0.875087
0.922994
1.02738
0.959475
0.943579
1.0067
1.01035
1.03318
0.940387
1.05143
1.00819
0.949486
1.10261
0.986546
0.917326
1.01592
0.908609
0.984333
0.885492
1.00272
1.09469
0.931573
1.07862
1.02412
0.898048
1.09019
0.969542
0.904981
0.95207
0.937054
1.02767
1.02336
1.04048
0.997929
0.989181
0.909549
0.991168
1.06091
1.02332
0.956647
0.989708
0.965945
1.00386
0.95647
1.00288
0.888028
1.02614
0.990995
0.954771
1.09821
1.00054
1.11055
1.01946
0.976079
0.974854
0.947152
0.931412
1.07469
1.00586
0.992994
0.987652
0.969962
1.0337
1.05137
1.00881
1.05717
0.97768
0.948449
0.983653
0.941568
0.919568
1.04128
0.928551
0.900228
0.968
0.938791
0.984457
1.0936
1.02814
1.06105
0.991805
0.958702
0.891346
0.963712
1.00475
1.04448
0.977359
1.02931
0.967607
0.944841
0.935382
0.995469
1.05008
1.0052
1.01557
1.02291
0.994599
1.08092
0.991218
0.905202
0.897585
0.967062
0.957104
0.902269
1.00979
0.985237
0.997495
1.04429
0.987755
0.995924
1.00536
1.0656
0.964909
0.939961
1.02761
1.01737
0.977433
0.961241
0.980617
0.974563
0.992227
0.991346
1.03009
1.03536
0.975815
1.01671
0.979899
1.0456
1.0158
0.984413
0.99118
0.88503
0.955428
1.00205
1.00399
0.977656
0.96924
1.02946
1.01035
0.918147
1.00259
1.04824
1.03063
0.999049
1.02168
1.06827
0.982761
0.949047
0.963515
0.987774
1.01056
1.03966
1.05558
0.987659
1.08915
1.0066
1.05973
0.924699
0.927036
1.07073
0.971312
0.966662
0.979978
0.999239
1.0114
0.9414
1.06138
1.06768
1.04159
1.02459
1.06625
0.989977
0.967119
0.967412
0.953524
1.01891
1.10045
0.920748
0.955914
0.992353
0.98454
0.933627
0.980704
1.00764
1.00295
0.898402
1.03209
1.01001
1.01402
1.02686
1.07712
1.0137
0.971209
1.02053
0.992469
1.02363
0.965108
1.0395
0.969165
0.959051
0.948067
1.05207
1.01516
0.941486
0.984895
1.01033
1.04967
0.975555
0.966169
1.01901
1.00367
1.02452
1.03667
1.02782
1.02014
