5000
0.292733
2.8275
2.16593
2.17925
3.28946
-1.15364
-0.205605
0.904169
2.25946
1.31286
-0.918067
-0.895199
1.88484
0.952872
2.59216
6.22582
-1.35468
-0.506984
2.34297
2.50166
2.55921
-0.341156
-0.0542742
2.36007
1.40721
3.35042
3.52287
0.989032
1.60253
-0.0296549
3.13913
1.99532
2.69476
1.05814
0.761576
2.3734
0.49917
2.21329
-1.96682
1.54294
2.48919
-1.63761
4.44874
2.66242
2.32668
1.2425
1.08204
1.95201
1.98901
-0.0100114
1.94569
-0.456928
3.13946
-0.199165
2.45015
2.029
0.502585
0.118919
3.6755
-2.69192
-1.65103
-1.66213
1.18287
0.12691
-0.80483
-1.18084
1.65098
3.23833
1.86428
-0.391329
1.16889
1.44394
5.20211
4.11374
1.20265
-2.15717
2.3268
-0.246437
-1.27823
3.70183
3.12102
2.14872
0.431843
-4.02811
2.13387
5.51343
1.81094
3.76702
1.39328
0.602402
1.9749
0.67994
-0.0644299
3.89513
1.59348
4.54666
3.02413
-0.447674
1.84718
4.96615
0.777673
4.59831
0.584557
1.91243
2.20424
3.79623
4.91639
2.99934
-2.11269
1.3829
2.11848
1.80308
4.17404
1.53634
-4.61215
2.09088
2.80309
4.20633
0.630333
2.55832
0.98752
-0.382776
-2.1437
-1.06722
1.70716
1.35503
0.96686
0.646663
3.8579
-0.898272
2.50537
-1.18592
1.42081
0.0986136
0.804616
-1.60976
0.53085
0.039346
4.89802
0.844135
0.580838
1.7214
3.34653
3.06521
-0.0358802
4.85414
0.793057
0.918203
2.08092
2.66171
1.40047
2.98264
1.88833
0.254527
2.74246
0.835671
0.618947
-4.16424
1.38695
-1.32014
0.274121
0.707436
1.58029
1.65261
1.50711
0.668495
3.78074
2.97831
2.66939
1.33267
-0.218267
3.0108
0.0928149
2.26065
0.43037
1.29101
4.56694
1.25215
1.11808
-1.07617
2.05136
4.83636
3.62874
0.538567
0.0437354
0.708135
3.28321
-1.71963
2.79843
3.5459
2.66219
0.91988
1.55898
1.8437
-2.28845
0.333268
2.80039
3.81522
0.167709
1.97099
1.62093
1.8478
-1.09768
5.08663
1.2987
1.35105
4.21617
3.9003
0.690898
3.5124
3.55397
1.43694
-0.746648
2.08437
0.900327
3.19688
0.600868
-0.13049
2.03401
3.17752
2.41875
1.18599
0.117435
0.723084
4.0764
0.402037
-0.673233
-0.521874
1.50624
2.44572
0.567479
-0.953769
4.10245
-0.0154758
1.64015
5.23626
5.59836
6.09223
6.60769
1.74893
2.91019
1.18178
0.49559
5.07746
0.0089396
0.875621
0.321148
1.75964
3.02639
5.01366
0.479754
-0.701004
4.25419
0.529945
-2.6693
-3.56574
2.00083
-0.772583
-2.1013
3.89902
2.25277
0.346202
1.63293
3.8289
0.964133
3.02289
5.57709
3.33681
1.65867
-0.591416
-0.888396
1.52111
-1.39105
-1.19858
0.622104
-2.61594
2.34971
-0.182368
1.08478
1.5887
0.392202
0.222249
0.531838
0.112354
4.09739
-0.145951
5.59889
2.78697
0.867823
5.07273
-0.406986
0.215998
1.94419
1.09494
1.32184
2.05023
1.58903
-2.96075
-1.03496
-0.0187312
-1.09328
0.760878
5.97558
3.25454
0.882366
2.08031
1.80985
0.514195
2.33991
1.06586
2.48571
0.868099
3.00172
1.39089
1.0609
-0.365823
1.75522
3.80669
1.9523
0.467011
1.01197
3.57855
3.61397
0.147791
4.40737
-0.127451
1.21175
1.67244
2.10312
-2.35812
0.522127
2.76088
1.65689
2.14119
2.3271
4.84723
-3.64038
4.02766
-2.05608
-0.913463
0.998245
3.46226
3.5747
-1.67921
0.094557
2.93958
-0.182925
2.82936
0.749538
-1.41254
2.18152
1.82925
0.641803
1.65997
4.07199
2.93338
3.90392
2.35381
1.20144
-3.01396
0.125015
2.15666
0.000139169
4.36718
0.847693
1.24121
1.19445
0.771189
3.66654
0.646686
2.22012
-3.06048
1.99841
0.303321
4.26277
1.4563
3.94376
3.49731
2.53383
3.96928
-2.19326
3.57943
0.712023
2.77782
0.921039
-1.3695
0.60671
-1.45981
0.51739
-1.12022
1.93342
1.76134
0.267791
4.38971
-1.03928
1.35351
-1.46634
-1.50203
2.76422
1.22866
3.41944
0.764311
0.15319
2.0672
2.24547
4.67204
0.770084
2.2981
3.13551
3.70571
2.92005
0.615739
-1.11204
4.7643
2.79237
3.7285
3.00528
-0.034198
3.1287
4.3073
-1.10879
-0.168424
1.39633
1.44197
2.92404
4.63657
2.51553
0.476859
-0.0448063
0.922312
2.82371
2.19453
3.18089
2.00144
6.55062
-0.324894
5.50291
4.02656
0.751968
4.03182
3.04411
1.83078
0.784037
0.894315
2.33095
-0.180994
3.81047
4.53389
1.65678
2.58242
3.54896
4.50469
0.110492
4.1118
-1.95253
1.70375
3.34499
0.61866
-0.774698
3.86351
-3.05377
2.47194
3.26996
2.52374
1.15146
4.01946
1.68621
1.80721
1.50701
-3.20084
2.38924
-0.779444
-0.941993
-0.125389
2.46972
2.90812
-0.110704
2.26097
3.30161
-0.647206
1.60689
3.76506
-3.76495
4.42907
1.67415
3.87311
-1.05866
0.292607
3.72601
0.259001
-1.09357
-2.91686
2.01707
0.233693
3.37331
-0.182414
-0.130658
1.3537
0.177884
0.456944
1.9938
0.0451654
4.13584
-0.738371
3.58028
2.2771
4.69679
1.43151
0.199899
-0.607708
2.58208
-0.896083
1.81929
1.08233
4.96627
2.47597
2.48478
3.92522
2.01453
5.54108
3.6563
-0.298677
3.43859
0.280314
-0.886532
1.78049
2.74657
-1.12778
5.95182
3.5591
2.9034
0.2669
0.653951
0.77222
0.802312
2.70589
4.81582
0.447581
3.58541
3.14875
3.4081
2.98037
0.643044
1.34836
0.593573
0.409345
-1.26629
2.13126
-0.445303
2.19656
4.26745
4.34093
2.5327
2.25162
2.43102
-3.18267
-2.48989
3.7907
1.31217
3.43567
2.80845
3.0322
1.40533
0.853878
4.67518
2.20968
-0.915226
1.98552
2.10126
0.354164
-1.27034
3.35666
-1.07481
2.13921
-1.15896
-2.34298
1.46157
-1.20241
1.5606
-1.24837
1.80634
3.695
-3.05753
2.73569
4.00244
3.9934
-0.221646
0.993108
-0.941506
-0.428992
-0.449676
-1.36324
2.95712
-2.2879
3.08555
0.90695
-1.3058
-1.08524
0.64674
3.24417
2.65049
0.120606
3.7641
0.997505
1.65477
2.80927
0.170161
0.617336
1.48747
2.53389
2.19046
-1.12583
2.60297
2.24915
-1.83834
1.29913
1.36895
2.30932
2.4823
3.02664
-1.51257
2.53346
-0.659214
1.65859
2.29496
3.26581
-1.529
3.17455
4.26719
1.00581
3.49828
0.276124
4.02384
3.04153
4.76062
-1.00236
-0.0316256
1.42326
5.89928
-0.150342
-0.482907
3.25526
-0.248874
-0.581099
3.444
-0.0215206
0.914833
-0.780465
0.502978
2.48002
1.02005
3.50359
1.04441
2.54915
-0.117981
1.95141
3.36108
2.16431
0.0975986
1.38871
3.36925
0.809394
2.70722
3.22037
1.31477
5.46606
0.278427
-0.227679
2.16212
2.83009
-2.02488
2.87097
0.361651
-0.880752
2.17677
-0.983928
-0.317888
-2.45915
-0.416869
-1.85177
-0.460156
4.51723
2.69299
5.74095
-2.53296
1.23505
2.30973
1.45782
-0.186935
-1.09354
-1.29352
4.09389
0.814106
2.32291
1.04385
1.80245
3.2975
4.6607
4.291
2.2303
-1.35555
0.358695
4.20728
1.7372
3.97893
2.65661
-1.25785
3.32025
2.66245
-0.592144
0.822435
-0.997322
2.87689
-0.538171
1.64961
2.4212
0.0461771
-1.17798
-0.994887
3.93023
3.72052
4.29556
0.824181
5.42896
2.31589
0.0624185
5.02249
0.525053
2.28826
-3.37476
2.26146
1.15092
-1.15833
1.40787
0.907201
-1.62144
0.361969
-0.717046
1.6471
1.73491
0.172832
-1.88427
2.71024
5.68389
3.31084
-2.05877
4.72657
1.15107
4.05561
1.72305
2.2754
2.05024
1.5129
-0.76193
-2.71162
0.489608
3.05175
0.66751
-0.386186
1.35613
-0.0725477
3.58135
2.27988
0.26875
1.30594
-2.3134
0.470255
1.08572
0.642026
0.730442
1.31273
-2.31846
-0.199909
0.842854
0.125686
0.438904
4.05732
3.1322
-0.280448
2.01621
4.55209
-0.319253
0.667246
0.764676
3.00423
-0.828502
-0.244749
2.74161
-4.10476
1.86085
1.91541
-1.03688
-0.401959
-1.38737
1.15123
3.00708
-2.60372
-0.288317
3.47075
-0.628479
0.935713
2.15354
2.97884
5.03318
2.56905
1.48352
3.23435
1.93457
1.36181
2.76408
0.897443
0.84127
1.11317
3.8371
2.39786
-1.9649
3.69658
2.89866
0.232291
3.48887
2.15764
-1.53962
0.890363
0.565836
4.05309
-1.2508
-0.0985056
4.08323
-0.0771986
-1.14699
0.0698916
2.12344
1.93478
3.43274
-3.09456
1.82209
1.09615
3.65968
2.6305
1.42859
2.327
3.54938
2.30115
-0.734694
3.41207
-0.828865
0.412062
1.13257
3.43945
3.43616
5.08172
-1.21085
6.21384
1.88712
3.12193
0.798102
4.2848
-0.436986
1.08425
0.115686
2.06219
1.31868
0.897738
0.221103
1.11807
-1.53903
-0.973839
3.95267
3.88114
0.694621
2.09578
1.36983
1.48564
4.35572
-0.781545
0.119931
0.895574
2.78214
5.82373
1.6202
0.81999
2.6742
1.69209
0.501893
0.544641
2.18288
1.48624
5.25943
1.03666
3.41078
2.22169
1.31407
2.39696
3.00848
1.47031
2.45374
-2.30229
0.602227
-0.64227
2.96243
-4.08723
-2.08666
2.48364
3.7585
-1.97972
-0.406362
0.0341155
-0.814247
-2.68174
4.65639
2.34225
4.08284
1.29222
0.595438
3.1425
0.29318
1.38012
1.28597
-0.651396
1.51629
0.0474098
4.37347
2.98684
1.84628
0.816052
5.96443
2.28974
1.71516
-0.772139
2.71519
-1.61675
1.09885
-0.147052
2.20009
-1.62147
0.230832
2.96834
1.46726
-5.90773
3.75769
0.722355
1.00376
1.89066
1.82735
-0.409892
2.63029
2.18275
-0.301599
2.15838
1.51532
0.716087
2.08255
-1.28169
6.4402
1.47259
0.585886
2.78501
0.929309
1.66282
2.38376
-0.515588
0.552501
-0.528881
3.79703
1.82431
0.948871
0.156869
-2.73137
4.31638
-1.42157
-0.301862
3.16184
2.54847
6.08864
1.91713
4.0913
-0.907244
3.29226
0.202159
4.67395
-0.330964
0.775485
3.76813
3.01325
4.11932
0.501773
-3.34477
0.986906
3.47644
0.372685
-2.08676
0.0947864
0.943167
2.02922
3.19107
4.23471
5.74215
2.15462
1.70267
1.81623
1.9458
2.81619
3.0454
5.30322
2.53636
1.78217
2.84817
0.491054
1.46327
3.69306
2.65506
2.98346
-2.51545
0.96722
3.91383
0.694155
0.729353
-1.8467
-0.065368
1.23821
2.1605
4.19119
0.559518
-3.02769
0.275705
1.38837
-1.89448
0.672599
1.9205
0.191086
0.591956
4.84465
0.799819
4.49053
0.593854
-0.199941
0.350793
1.95719
0.257618
2.00266
3.52353
2.44333
4.18581
4.34973
3.85448
1.27859
0.301318
1.11108
-5.1684
-0.162908
1.58714
3.19346
-1.95056
0.82201
3.10104
-0.58849
-1.46783
-3.20765
2.43704
2.74987
2.03825
1.00853
1.67663
-0.85736
2.61289
0.868461
-1.30977
3.6741
2.91564
2.65866
2.88728
2.85631
-3.39261
1.52916
1.69462
2.34142
3.68578
1.73719
-0.125099
1.56478
1.07566
2.92347
1.51221
3.57101
2.3026
1.30396
1.24333
0.947738
1.24169
4.74877
-2.55836
5.43191
5.11191
-3.81043
7.37489
1.35192
4.01509
4.25095
-2.52139
5.48256
2.44509
1.3449
-1.95395
3.70343
-0.549087
1.31776
2.66703
2.13063
0.221432
3.02235
-0.262764
1.40584
4.98656
2.37978
2.87889
-3.0078
3.8454
1.75162
3.22793
4.70093
1.28299
2.40905
0.265913
3.90176
-0.241607
-0.338017
-0.891955
1.58231
3.52023
1.93155
-3.57617
0.151911
0.16017
3.19843
1.66076
-1.42091
2.2122
1.1655
3.81302
1.90568
1.28889
4.62812
-0.988559
-0.808031
1.13187
2.24896
-1.32164
-0.454791
3.40542
3.07041
0.247458
1.07605
5.39822
0.13146
2.92133
2.39425
3.37114
-0.0948861
5.26739
0.0381645
2.90017
0.276254
-1.08865
2.98443
0.252357
-0.938261
-0.815329
0.812218
0.213448
0.227071
4.61224
0.0305816
1.29819
1.00996
-1.11562
3.32772
2.26538
2.00435
2.21227
0.382727
-0.853563
0.102435
-1.335
4.57232
1.11716
4.50177
6.137
2.87492
-2.02209
3.55304
1.80372
-0.120806
1.58258
1.20222
4.0749
-0.203722
-1.23888
0.56275
5.39687
3.40651
2.55587
3.76164
2.06208
1.78119
-0.711673
2.91968
0.0853692
1.78192
0.450759
-0.222656
0.198108
2.15453
1.01156
1.64828
-0.0248452
4.19151
4.2619
-0.532153
4.0254
1.58426
2.2228
-1.57495
3.42124
-2.30691
4.36791
2.4253
-1.04576
1.8886
-2.02689
3.93853
-0.0866567
0.966164
0.431613
3.69523
1.76015
0.577721
0.0664043
3.11948
2.08324
1.52612
2.26929
1.03698
2.90733
0.145942
3.13616
2.79864
0.445807
-3.91195
1.67748
-1.99754
2.97021
-2.08851
1.7266
3.19772
2.2365
-1.60594
3.46723
2.34578
3.61809
2.35881
2.18171
2.53575
-0.801224
4.24993
3.80173
-0.334611
-0.0779386
0.26862
0.492705
3.67835
4.64788
-1.27065
0.42629
2.41646
-2.32706
-0.801929
-0.0192895
0.960753
0.222805
0.55869
1.73973
4.24055
-0.241097
-0.160366
1.75704
-0.570561
0.677513
2.22337
0.541462
-0.27286
0.443788
5.53821
0.510285
3.39954
1.42535
4.01764
5.12168
0.316977
-0.269071
0.875036
2.81222
0.137981
0.2448
-1.33759
3.49126
3.1551
1.51653
1.84221
1.32766
-0.490504
0.40871
1.43698
2.4448
3.58331
3.53268
-0.174138
1.25385
-0.572732
1.26706
-0.528786
1.8824
1.49045
-2.9887
1.87796
-1.26693
0.464312
-0.534036
6.29606
-1.01754
2.70441
4.22202
2.61249
0.0358892
3.59398
0.422882
1.21527
0.694539
-0.473531
3.70129
0.0680085
1.26606
3.07368
-1.61682
1.53488
-0.261871
1.52702
2.19111
1.57161
0.0114134
-1.66836
3.71159
0.533727
4.56781
0.141629
3.13954
1.34912
2.29339
-0.450286
3.31935
-0.305854
1.24377
0.71738
4.47259
1.89763
4.26419
1.54695
2.84262
1.77367
2.37536
3.40381
2.77158
1.0294
2.75523
4.51731
2.26642
2.71256
5.25706
1.7377
0.762822
0.018768
2.94298
2.23779
2.7047
3.90555
1.76573
-2.58834
1.24286
1.19233
2.18822
2.94226
0.332112
2.49585
1.76347
0.14798
2.01214
0.642025
1.28254
-0.990064
0.776988
5.22221
2.82517
1.76302
0.774763
2.48298
1.62821
-0.405443
1.63481
0.40731
1.21581
1.4263
0.154633
-1.73634
-0.239091
1.41809
1.46356
1.51676
-0.00174664
2.43546
4.36041
0.555644
1.60953
0.949941
1.09069
1.67442
4.58648
-0.748297
4.16299
0.0458002
2.91213
5.42607
3.75247
5.55416
2.11096
0.303959
-0.101173
1.42304
2.75407
-2.13831
0.516765
1.43116
0.431509
0.903626
1.25187
-0.407337
3.08768
3.84798
2.31747
0.850189
0.469743
-0.97882
2.04546
3.57946
5.98836
-0.563237
2.4822
2.43762
4.3185
1.27108
-5.31226
5.19476
2.44642
4.09538
-3.96776
-0.129784
0.345735
0.0834286
3.24654
1.55913
3.74077
1.91441
1.33124
2.65057
1.52737
0.598101
2.79442
4.96042
2.74114
-1.88756
2.97006
2.2444
2.43493
0.279023
1.07653
2.22121
-1.51171
0.859916
-0.692161
3.41455
-1.37914
4.44419
5.44876
-1.24767
-0.568476
1.22113
3.87396
1.42094
2.71765
1.55112
6.68719
-0.1193
1.72417
3.30069
2.28244
2.17999
2.65204
5.73596
-0.347134
0.426472
2.03189
-1.22854
-2.27979
2.65022
3.64171
2.56126
1.68807
4.44104
0.200713
1.30626
2.77714
2.32021
-2.40768
4.64296
-3.35787
0.0166998
1.38882
6.98912
-0.587569
1.23618
2.06312
0.112606
-0.980137
1.44219
1.86426
0.166051
-0.215757
1.57221
1.02269
1.64812
0.131651
3.83954
3.51728
6.24587
0.418257
2.03265
0.788342
1.23924
2.94493
5.32713
1.33307
-0.522446
2.53423
5.48702
-1.60253
3.59769
1.83316
3.48819
2.83311
1.27708
0.0294915
3.54585
-0.617666
2.61849
1.71865
2.02722
1.03002
3.82144
-1.05391
2.24473
5.77952
4.42527
2.66544
3.93245
1.07111
1.44822
3.61668
2.98646
3.99645
1.03083
-2.17684
1.43113
-1.34882
2.46666
0.205941
2.48906
0.480214
2.66872
3.78763
1.58417
3.20453
2.43248
1.31841
6.64364
1.96701
0.401879
0.331006
0.895464
3.35593
-0.711223
0.322307
0.268025
2.29164
0.260526
-2.39128
1.42006
0.603467
4.93653
2.90501
4.08247
-0.493839
4.70606
3.44388
-1.58884
4.96103
3.08911
3.31847
4.00424
3.71133
-1.35265
0.812682
2.78268
1.03377
2.56863
3.07943
1.49089
0.854993
-1.06445
2.46778
2.04362
-2.30612
-0.981232
0.477582
0.623932
5.12571
2.24057
1.11225
2.79293
1.24805
-0.615578
3.78279
3.64442
2.59736
-0.321041
4.13383
-1.58969
-1.22876
-0.672816
-1.22056
-0.29429
1.97967
1.30567
1.59116
1.5771
3.37045
-2.27354
-1.50063
1.64967
-0.268671
2.28062
-1.64761
4.79004
0.689206
-1.69468
-1.69785
1.69401
1.41379
0.400295
-0.198135
-0.220385
4.3273
2.03799
1.3119
-1.96532
4.14236
-2.48784
1.4558
3.91986
2.35354
0.447023
1.31516
3.84551
0.164003
0.390726
8.76514
1.47705
0.868398
4.07034
3.53174
3.99859
1.61847
-0.176421
-0.230344
0.158589
1.99752
-0.0715429
1.30464
3.54286
1.33866
0.26903
-1.6962
1.17577
0.657683
0.872181
4.81242
-2.07824
2.51737
4.13532
-0.953987
-0.444806
1.48877
3.73648
1.27825
1.67811
0.917188
1.85875
2.66132
1.37762
-0.61014
4.4145
0.860971
0.375436
1.8456
2.15697
2.28758
2.40212
1.08672
2.95723
1.28321
4.20015
1.61301
2.8734
0.587238
2.55375
2.13815
-0.599139
0.994343
-0.600714
5.58313
-2.55005
0.728528
1.4611
1.87752
0.139717
-0.865582
0.659766
2.19753
-0.771768
5.10545
2.41078
1.50445
0.577918
2.16833
3.08647
1.95134
2.92741
1.4595
2.26438
-1.23592
-2.00015
3.18334
3.3619
1.55572
0.855658
1.16592
0.848035
1.14927
2.14372
1.881
1.55012
7.17929
5.47918
4.7301
1.9674
0.837105
0.699105
2.20005
2.63217
2.59645
2.80565
2.94642
3.43228
1.97751
-0.174985
1.26692
-0.309255
0.547737
1.74321
3.18727
0.55315
0.53045
0.312272
-1.47393
1.29228
0.373863
2.16955
1.38586
2.00976
0.973888
3.62288
0.288948
1.09965
-0.147656
0.754319
-2.69211
-5.34496
2.33267
-0.358391
-0.774644
-0.0959458
2.99889
1.18206
1.87098
4.12311
-2.23191
1.20909
1.57207
3.33059
3.51376
0.605273
1.57791
0.434545
1.59401
-0.0734538
5.00988
-0.71013
4.81332
2.80538
0.281754
2.7268
0.987747
2.56811
4.33993
-0.872754
0.230032
1.57742
1.45537
0.227889
0.0248744
5.28142
-0.70278
4.39798
2.07083
3.72353
2.20433
2.222
5.38344
4.27933
3.44184
0.184652
2.69966
3.34213
2.94293
-0.346839
4.64116
3.15777
-1.49545
3.18939
-0.814961
-0.404109
-0.782848
4.28855
5.24198
2.25883
4.16712
0.797501
2.40425
-1.614
1.99135
0.657633
-1.24823
0.258073
5.67529
-0.0602667
2.18438
-1.78916
0.513029
0.629349
0.101378
1.61228
4.77826
3.23188
5.6363
4.20529
1.65274
-0.821104
3.51774
3.68637
-1.23091
-0.101367
0.764596
-0.0587612
2.44709
-1.20369
0.757331
-2.45587
0.234884
-1.15394
1.56168
3.49175
-0.358982
0.526382
1.08024
0.0890903
1.82985
0.431757
1.11242
0.462071
1.98979
3.91991
2.17666
2.21498
0.55744
5.55835
0.665351
-0.723019
3.98444
-0.986397
-1.01812
4.33193
3.17502
1.54097
2.48088
-1.01574
2.6274
2.17507
-0.836784
0.272746
0.19381
2.16387
1.49201
1.31935
0.120916
2.42696
0.374248
1.03899
-0.0768673
3.86462
4.61311
-0.822539
2.31564
0.240227
1.6852
2.19151
2.02714
-3.57473
-0.768998
3.42128
2.92802
1.42247
0.359364
-0.564369
0.952347
2.19463
-0.656814
0.0951081
7.17147
-0.924951
1.94878
-0.528219
2.63949
-1.03769
0.884881
-0.645535
4.48039
1.76376
-0.944313
1.25903
0.860273
1.83814
0.0834219
4.29225
0.664249
0.650435
1.68142
2.64761
-0.5415
2.95883
6.75984
1.65102
1.05183
1.66878
0.257022
0.526257
1.00485
2.18046
2.05327
1.82607
2.32209
3.61014
3.92469
0.66559
-2.60232
1.0623
3.97279
1.08069
2.06478
2.33637
0.348979
0.23228
4.98265
3.88866
0.783461
0.308484
5.43
0.181753
0.361594
3.99369
1.71844
2.10999
1.59213
1.00323
0.552554
2.64809
-1.6894
-2.45183
-1.56469
-0.879056
0.960869
1.2321
2.3783
-1.78693
3.89312
0.214313
0.983426
3.57893
4.0322
1.1769
0.346687
-0.145393
4.86025
0.693063
3.12612
1.24798
-0.269005
4.86704
1.85719
-0.893477
2.58159
2.67528
-1.36493
1.74771
1.1616
0.233995
-0.180821
0.505601
-0.264776
0.693984
2.96932
1.89076
-2.25688
0.370118
1.47437
4.04351
2.19923
-0.713181
5.30463
-0.756549
0.695778
1.06597
3.1796
1.24559
1.77961
-1.62473
2.60634
-0.730747
2.25266
2.38336
2.86973
-1.59557
1.75352
2.02155
4.78428
1.55548
2.45026
0.137527
2.07782
-1.94762
1.51748
2.47262
1.6025
2.40288
4.5672
0.512321
0.348898
2.32671
3.91108
2.4743
3.65231
3.25035
3.16045
-0.122602
1.77184
0.653599
-0.0785234
1.10815
4.05913
1.78005
3.04623
1.69559
0.669776
1.3312
-1.19235
1.57109
2.12467
2.74927
-0.902554
4.16611
0.895482
4.35954
-1.28348
1.64091
0.295516
-1.38024
-1.63893
0.7454
0.401362
1.17966
0.0342484
3.25546
0.169325
3.96119
1.04531
1.27396
3.24689
-0.606537
2.13438
-0.689045
6.4659
1.06665
0.603965
2.5285
0.186944
4.47565
3.23379
-0.449173
2.68811
1.31912
2.12725
3.60866
-1.49165
1.73507
1.30942
0.92916
1.41993
0.146987
-1.24946
5.50747
-0.477258
2.94993
0.531329
3.71069
1.48372
-0.316862
6.27108
-0.363441
1.47159
3.76926
1.91933
3.99519
-0.885878
0.0937053
0.850009
4.32981
2.98715
4.72506
0.778137
-0.13381
2.48886
0.843191
2.14011
-0.138123
-2.28904
3.33715
0.165826
0.270909
1.76295
2.83303
-0.247843
-1.25925
2.6555
0.358225
6.47386
0.801991
2.60293
4.50798
1.15166
3.49068
1.81057
2.38462
5.18432
2.06802
5.72829
3.56252
2.12284
5.04089
-0.265605
-0.485352
0.920022
6.53241
2.15643
5.59428
2.02923
3.44642
1.24507
-2.87926
1.08105
0.361329
1.64548
3.93804
0.0578483
0.110631
0.63233
1.9132
1.00324
-0.210202
2.86221
3.37179
3.82438
3.44669
2.82466
2.4606
-0.352998
1.58098
1.29013
2.65382
2.51456
0.353195
1.90782
0.919984
0.153286
-3.5513
-1.26517
5.48137
1.6453
3.84378
3.68426
3.3534
2.73381
-1.90996
2.00515
4.80166
-0.13998
1.08661
0.636195
0.525833
4.81635
5.96706
4.40204
0.604086
-0.728235
1.01785
1.24297
3.92443
6.79815
1.04253
-1.08051
0.490529
2.32128
-0.15001
0.458978
1.96967
3.73085
-1.94486
-1.68007
1.2397
0.408495
-1.10975
1.85775
2.79212
-1.36958
1.00696
3.07376
4.59701
1.99509
3.30885
0.653669
0.935863
1.88786
3.12376
3.64671
-0.671225
0.460846
0.770595
1.65427
4.89819
1.02602
3.57398
-0.610173
-0.649058
-0.365589
1.06963
1.58582
2.68859
6.65766
0.0433082
1.15236
-1.8849
4.11963
2.18329
-0.680756
1.24173
1.66618
0.930147
2.7792
0.324842
0.159593
2.3883
-0.0241659
2.59425
-1.36815
-1.74425
1.02362
3.10542
2.41784
-1.42387
1.66205
1.1198
0.911389
-4.60862
0.708023
3.36157
1.82213
-1.80616
2.78799
1.99798
-2.11932
1.42312
1.28515
3.73186
-1.24992
-1.04443
-0.586512
1.10914
3.49367
0.645401
-0.841036
1.5031
2.6099
-1.49275
4.82165
0.252057
1.88557
-0.177025
2.67501
4.15203
1.82703
4.37458
3.75154
0.617923
0.200453
4.80184
5.12661
-2.63611
1.8455
-0.724525
3.12042
3.48207
2.24185
-0.456196
2.23524
3.87873
2.12589
0.420076
3.88087
2.81776
2.90051
-0.30639
0.234438
0.798181
1.89757
2.45984
2.58306
2.65822
0.324328
-0.318657
2.7003
1.15827
4.12436
0.611766
3.06565
4.63947
0.9072
-0.952631
0.726732
1.68035
1.67909
1.11493
1.87834
2.29833
0.362048
5.1877
1.93459
1.8383
4.13327
2.80171
0.740861
0.895749
1.11473
2.63741
1.01349
3.30481
0.171597
-1.89618
2.87381
4.17082
1.43925
-1.2948
0.790219
2.83605
0.670197
1.94225
4.47993
-2.60634
0.199227
3.99473
-0.421945
-2.02707
3.89898
2.19119
-1.97584
0.660117
2.42387
0.930636
-1.19181
0.720354
2.79414
-2.63251
-0.113207
-0.137923
0.272743
0.527196
-1.24418
2.95604
3.77849
-0.768398
2.50766
1.82028
0.59432
1.9382
2.604
1.78624
-1.54152
0.630509
4.1192
1.76392
3.13089
3.71412
-2.22382
0.924637
3.02126
3.78987
-2.71513
2.53535
0.412321
2.15054
1.59718
3.56155
-2.62141
2.82065
-0.708278
2.60432
4.55713
-4.60779
0.274665
1.06419
-0.427291
-0.562058
1.26128
1.08959
0.552343
3.15775
3.34925
1.22458
2.98845
4.30058
6.05244
1.12252
6.60996
4.70045
3.93657
0.443319
0.257853
0.394584
0.198093
2.56813
2.47701
3.93912
0.6922
2.31203
4.51923
1.1081
-1.11692
-1.09588
2.02392
-0.102443
1.18832
1.00762
1.64294
1.40405
3.81976
-0.876171
1.52208
-0.267291
-2.3228
0.0699873
2.73671
-0.287265
1.91945
1.44465
2.31842
3.60391
3.49431
3.35596
3.5346
-1.1621
-3.06494
5.02341
2.3716
-1.15948
2.81801
2.83833
1.52193
4.52016
3.50458
2.59549
0.252358
2.82178
4.05868
2.67906
-0.790183
1.93203
0.866647
-0.443853
5.46096
-2.48188
-0.723391
0.628731
3.08325
3.05856
-0.0955909
1.09717
-2.54797
2.98029
4.32556
2.46956
2.7867
5.40714
3.6768
3.65022
3.1224
-2.06373
-0.574331
1.90346
0.997063
2.1906
2.93837
0.475807
1.54633
-0.90242
3.00928
2.9018
-2.18793
5.03063
2.17568
1.87183
2.68615
2.89985
3.82973
-2.33148
1.37492
3.03167
2.95869
2.04302
1.47714
1.06523
2.62546
0.011654
3.38457
4.88143
1.17574
-1.94253
-2.38813
0.883612
1.06375
1.83008
2.57863
-1.17444
1.25919
-2.53317
-3.40887
4.99061
-0.187865
2.61332
-1.09318
2.18277
-0.471618
1.56327
4.51262
4.3089
1.32581
3.76961
0.609302
0.559732
3.41431
1.90733
4.90298
2.76438
0.824534
0.036178
1.84583
0.597961
0.99853
0.683934
-0.0421947
2.29273
0.916787
1.37554
0.95947
5.95059
1.52931
0.273545
1.22323
1.74054
0.320637
-0.449157
1.39659
0.420616
0.346525
2.13264
-0.241486
1.52753
4.39291
1.98876
0.549407
-2.44538
1.23053
1.11181
2.66051
-0.0855391
2.87049
2.31354
5.83154
7.14345
1.19358
1.43038
-1.2211
4.96904
-0.708139
-0.464293
1.32581
1.84863
-0.544071
2.60444
5.4523
0.460861
0.438725
0.0240545
2.83745
1.7161
0.695025
2.63099
2.38823
-0.413726
-3.82194
2.11418
0.878784
3.94834
1.55325
2.4669
-1.85937
5.60694
0.931489
-3.00877
1.1587
1.25272
-0.511377
1.40327
2.89194
0.217617
2.48913
4.0298
7.05051
1.13678
1.34531
2.64507
4.05213
-1.18769
1.15905
2.91182
1.80632
2.17519
4.02615
0.0314579
1.56474
3.9395
-0.180523
1.92806
2.78362
3.32078
0.957452
1.20517
6.09818
1.88983
-0.35519
1.52122
5.03096
-0.839766
0.330566
2.25415
1.01498
1.2006
0.915872
0.873731
2.40706
1.44397
0.228984
1.88165
1.55642
0.703985
3.85998
4.39419
3.57949
2.33072
3.91637
0.541498
0.744811
-0.674857
3.97645
4.67121
3.67306
1.12947
0.789453
5.84764
-0.241532
2.68063
2.83166
-1.1882
0.0339889
3.43952
-2.92049
1.26166
1.58073
3.19852
2.9663
2.06582
0.998453
-2.14614
3.17772
4.93287
1.13188
2.38529
1.37609
1.36136
0.273483
-0.644778
1.69299
3.51608
-1.44563
2.26454
3.13151
1.70707
2.38465
2.70847
2.55657
-0.647253
1.88172
0.903366
4.56523
1.28548
0.827716
0.190336
-0.723404
1.14515
1.5647
1.16412
0.52484
1.71236
2.24315
2.82125
3.91059
2.10014
0.721547
2.32691
2.23072
-0.395787
-0.321495
2.55134
2.20181
0.440365
2.52207
-0.734827
0.135067
0.253843
-0.150246
4.88489
2.3131
1.10528
1.3673
2.0777
1.4689
2.41946
-2.59975
-2.594
3.01406
5.26851
0.343393
2.00677
2.08756
1.36495
4.64167
2.56051
2.6041
-0.597083
1.93066
3.17732
0.50195
0.998795
-0.5066
1.72072
1.81874
6.41056
0.163976
-0.820326
0.275318
0.399281
0.0188708
0.0789952
6.3851
-0.791303
4.42533
-0.830335
4.44813
2.27047
4.11583
0.785645
4.28347
3.66374
4.54615
4.08158
-1.48816
0.84772
3.58973
-0.367795
3.74104
-2.85893
2.76233
0.958455
2.47308
2.42954
3.39683
1.9486
2.07295
2.3649
2.27613
5.00385
0.676999
2.12857
0.220685
1.08083
-0.718271
1.87146
0.789419
-2.38819
-1.3574
-1.74726
1.36527
3.82581
0.186382
0.636082
4.99528
3.31262
4.9297
3.67836
-0.576023
0.178472
6.08085
0.17113
-1.16201
2.05898
0.523721
3.71095
1.8229
1.45428
3.07987
-2.80925
4.21099
2.16444
3.23699
1.86911
3.79028
2.65508
-0.516868
1.84999
4.83657
-0.422175
3.84358
-1.52301
2.96407
2.92956
0.0111667
2.32772
2.41109
1.93617
-0.960288
-1.04735
3.98505
4.79756
-2.02369
-2.02544
2.00687
2.63455
3.25531
2.16579
4.99434
2.87211
-1.30028
-0.926063
1.54569
4.16272
-2.23106
1.10578
1.77258
2.55221
-0.450329
1.13241
2.75857
0.224029
4.57655
0.420598
-1.08827
0.908943
1.05179
2.60387
3.07455
2.74679
3.26925
0.99889
2.6513
-0.652755
-0.66293
2.14307
1.46699
1.43282
-0.088724
-0.173987
2.44937
4.09831
2.9915
1.28687
1.95081
2.89996
-0.401485
2.40487
0.29324
3.14475
-0.805833
0.607939
-0.375181
-0.0604008
3.49101
0.833053
2.31086
-0.2972
3.70481
-0.323538
-0.0471058
-0.905312
3.08905
2.24333
3.56751
-1.4605
3.15286
2.86714
-0.208464
0.678827
1.56121
-1.29008
-1.32245
2.71155
3.72826
-2.11806
-0.280619
3.2489
0.22912
1.74967
5.29089
-0.755957
-2.43766
2.70805
2.07025
1.02958
-2.7499
1.49283
-0.0141391
1.8157
2.96918
1.61675
-2.15673
4.70851
2.34786
4.95973
1.40846
2.02831
2.14006
-2.68927
0.309226
0.0687168
1.59581
2.55021
2.15203
1.84779
4.21207
-0.871618
0.472431
1.44621
-0.60423
0.742344
0.247634
0.566725
0.713637
0.86638
2.97463
2.7643
2.98013
-1.9059
0.420988
0.403217
0.269557
3.39001
0.882108
0.656573
1.67672
6.80413
5.57679
1.31374
0.609021
1.37382
-0.57773
2.30947
3.57132
2.17388
0.833646
0.219006
-0.052908
-1.71131
2.74836
2.38757
-1.4834
-2.78871
-0.840762
-1.34116
2.43123
6.0085
2.4828
6.98442
-0.0608424
1.21326
-0.792366
2.46991
-0.845776
0.84698
1.24463
2.60863
0.645111
2.95002
0.0867881
-2.03811
1.18073
-1.10754
0.35581
-1.28202
3.47968
2.38701
1.8926
-0.00193773
-0.149492
2.46416
-0.801196
-0.175784
4.06185
0.986539
-1.11303
-2.84451
2.57769
2.08376
-0.792613
2.43245
4.10225
2.67778
1.73347
1.00723
3.30307
0.184116
1.55887
3.11789
1.62751
2.61575
3.25903
1.67614
2.54819
-1.16865
3.30755
-0.989405
-0.232829
-0.857958
2.4737
3.93742
0.0413847
2.8093
2.11368
0.468584
3.18164
2.81089
2.61894
0.924599
1.97875
-0.22047
3.02153
0.563855
3.33034
0.517753
2.23129
3.34885
0.89
1.26855
-1.37276
5.77014
-1.03153
2.31972
1.61133
1.02795
3.83001
0.1836
1.19153
2.14453
1.21719
4.29157
-2.03953
3.78578
2.7081
4.44825
-0.43105
0.354278
1.45025
0.174975
1.82403
1.16416
3.61512
0.73356
5.07305
1.41391
1.48411
1.65972
0.20812
4.95247
-0.244816
2.03815
2.70692
-0.807591
1.42799
0.143312
1.61342
-0.879481
1.60504
-1.06903
1.92264
1.70416
0.744467
0.419489
-3.6156
0.940211
4.00311
1.29555
2.52954
1.30549
0.444213
-3.55509
2.85378
1.27501
1.04761
2.64768
2.74946
2.86748
3.80687
2.68096
2.02879
4.5595
2.07732
2.51096
0.664057
-1.21051
-2.87929
-0.217104
0.711383
-0.133828
3.55862
3.74721
1.08262
-0.46144
3.23874
3.11778
2.81338
0.269335
-2.10527
0.631652
3.68858
1.99695
3.54993
4.82588
2.547
0.67498
2.66351
1.70366
3.17711
2.62994
2.9838
-0.296269
0.143673
-0.546149
1.93352
1.97177
3.32055
-0.970474
1.81165
4.46024
1.63777
4.93903
2.43506
-0.763457
2.14858
0.325663
0.13716
0.353183
2.21093
1.20587
3.63378
2.31443
1.17941
3.54398
2.16689
1.05625
1.49296
-0.74396
0.950844
3.61294
2.59959
1.85678
1.59754
0.323546
2.63869
-1.74838
0.675854
1.48846
3.07442
-0.875252
0.28371
1.59358
0.337784
-0.655409
1.42886
-0.952156
-0.914038
1.64831
0.445187
-0.876235
3.58169
2.82127
1.99164
1.39755
1.86771
2.16621
1.21427
3.4021
2.15411
1.828
1.43418
2.01359
-1.45933
-0.852605
0.452896
4.39539
2.54254
-0.493497
2.89211
-0.782567
4.05154
1.88127
1.65257
0.309776
-0.0600965
1.68111
-1.24211
1.24168
5.16314
-0.0765845
-0.666045
-1.41893
-1.51828
4.14106
0.789412
-1.33203
4.99535
-0.495553
4.23005
-2.0264
0.904135
2.05109
2.7438
1.11755
1.09374
1.26965
0.79743
1.24306
2.02851
1.13321
2.82222
-0.584282
1.03899
5.04664
3.52351
3.137
5.39122
3.21619
1.5114
1.30322
2.58903
0.90783
1.95332
1.98146
1.29826
2.25748
0.393808
4.62575
2.3929
0.69674
0.181925
-1.9055
-0.343168
0.275281
-1.31359
6.12813
0.122944
0.758322
3.27707
-0.654641
1.1136
-1.04301
0.576007
1.12979
-1.86979
1.37866
1.02386
2.60632
2.60944
0.103854
3.93747
1.60554
1.21759
1.40026
-0.339649
5.30383
4.22489
0.0765408
2.19666
3.52442
-0.414125
0.941655
0.349603
4.05678
2.55832
0.327256
2.83499
2.17275
4.15969
2.96978
1.79701
-0.288574
1.01511
-2.0062
0.255251
0.927837
0.692884
2.65864
1.78957
1.82966
1.98758
3.4923
1.33448
3.34124
2.78487
4.0775
-0.413518
1.15988
-1.38151
0.582179
2.42912
3.37101
1.94091
-0.781482
6.87548
-0.744897
-0.732071
0.115738
-0.100994
2.95857
2.57226
-0.0667645
2.34845
0.41455
3.76003
0.163254
-1.73559
0.334974
-1.17583
2.01814
2.02494
1.58112
2.80363
-0.573205
1.47524
1.59244
6.3859
0.512539
-1.4634
0.914819
3.86719
0.257923
0.604393
2.35029
2.11987
1.25827
-0.261679
1.66692
0.891984
0.815755
-0.306309
-0.190299
2.52977
-0.878627
1.63709
0.0785036
2.10755
-1.60395
-0.180722
5.29568
0.795021
0.080811
1.54575
1.79237
1.12494
2.09512
-1.78107
3.89933
3.88846
-0.603632
0.231974
2.11277
2.82737
1.93894
1.34936
1.54633
-4.47197
3.1111
0.642576
1.86562
2.74212
4.43852
3.45857
-0.705012
-0.725346
0.310881
1.39195
2.81705
-2.02605
-0.734401
-0.078317
1.04075
0.0135645
2.64807
0.516587
3.88596
-1.72397
-1.17647
1.00247
2.40086
5.01454
-0.113259
3.92688
2.17485
2.37969
1.43097
3.27071
-2.33024
4.22764
2.89018
-2.24822
2.11227
4.88375
0.815028
5.39325
0.416415
-3.92503
-2.59265
3.03858
0.249716
1.47838
-2.92273
4.58888
2.62886
-1.14362
-0.233025
-0.113358
5.14577
1.79379
0.895986
1.34137
1.42917
3.40346
0.134878
-0.504902
1.36834
0.718437
0.179354
0.682047
0.811278
4.30629
-1.33971
-0.273735
2.47641
1.46194
0.258105
0.227299
2.9449
4.33553
4.3343
-0.847933
4.68238
2.55988
0.307613
0.384003
-0.521889
2.55176
4.23526
1.7614
6.37015
-0.76419
2.32884
-1.28275
0.841612
3.7416
4.09176
-0.0575151
0.0978266
1.48953
4.1563
4.65185
-0.0412611
1.20559
1.97511
2.31868
4.61666
-0.877424
2.16624
0.634046
3.80158
4.95066
2.94467
2.67616
-0.345543
0.81434
2.43596
2.35139
2.68774
-1.86368
1.91022
0.23061
2.46952
-0.207867
0.918908
1.86398
0.465634
3.09414
-0.337651
1.43608
-0.201221
2.86137
1.42135
1.6493
0.643573
3.89101
1.85178
2.98124
2.18156
1.58449
1.00342
-0.989172
-2.71217
3.09998
5.20759
1.1446
1.5099
-0.497968
-0.285235
-1.56767
0.473295
0.183604
1.58305
2.53736
1.8524
3.26814
-1.02376
3.45017
4.15162
-1.33758
-0.844628
1.62506
1.13714
3.53334
1.61009
1.36146
2.72468
3.22099
0.925422
1.39096
1.31689
1.30038
0.528546
-1.34345
2.36225
3.88547
2.6965
0.795532
1.3995
2.95933
0.998061
3.16083
3.92211
3.21101
6.23187
-1.55147
-0.801968
2.88331
5.91107
0.408483
2.64374
2.92406
2.68788
4.37596
2.94685
0.0765268
-0.539571
-0.456004
1.89012
-0.896684
-0.140637
3.88069
0.144524
1.06187
-0.0892192
0.726897
-0.568241
-2.45093
1.10288
-0.067835
2.22645
-0.0390983
2.11759
3.42874
3.24547
0.418128
1.35659
-0.423751
3.75116
3.88832
-0.257187
2.38647
0.0880705
-0.114817
3.7823
-2.8022
3.29514
1.5367
-1.30445
-0.0959444
-2.74876
0.771544
-0.506131
-1.2235
0.885328
1.21463
0.730561
3.0746
2.18896
0.402384
-0.973706
3.66542
4.26137
3.87136
2.98437
3.25459
0.462091
0.936958
2.0842
2.62881
3.11582
4.86638
0.5423
2.26391
-1.7187
-1.30571
-0.139906
0.423022
3.00145
0.779834
0.308287
0.621443
-0.0350357
1.74995
-1.5106
1.21838
1.58119
0.177513
4.03018
-1.0625
0.202298
1.32296
2.58921
1.63073
-0.897675
1.43501
1.7171
3.14676
0.428171
-2.42232
1.75847
1.74351
1.3012
0.59444
2.72976
-0.84124
0.0452157
1.31004
4.2734
-0.0486717
0.661906
3.95043
-4.14677
4.1125
2.06538
3.10798
2.35816
1.53176
-1.0204
0.742025
3.45768
5.09205
-0.416463
0.825328
5.80398
1.18402
0.402273
1.23989
2.79228
-0.782612
-1.24246
3.34356
2.04216
-0.750256
0.761119
2.39809
-2.23053
2.39734
1.64001
3.69079
2.58974
3.09938
0.0748252
0.340787
1.43532
2.04319
-1.54051
0.36368
1.15785
2.77051
3.64753
2.72227
-0.276259
0.563206
-0.927365
1.5631
-0.887388
1.23345
3.60241
1.76375
5.29686
0.645738
3.3778
1.7444
2.87503
2.39321
-1.85646
0.0100224
4.31329
6.00559
-1.34092
2.27078
-0.071793
0.277842
-0.599016
4.98922
3.30816
3.73611
-1.28623
2.44733
4.70334
0.596122
1.59885
0.482046
0.391417
3.03508
2.50427
4.61368
2.28285
1.80981
1.32186
1.76423
2.92283
-0.515962
4.28014
-0.187512
0.633193
2.41665
2.26843
-2.03878
-0.365751
-2.68058
-0.838344
2.81949
1.9146
0.685749
-0.379981
2.72411
1.02006
1.49328
1.37489
2.96924
-0.988707
2.20581
2.29816
1.68051
1.73039
2.70107
0.783986
2.32544
5.41878
0.889269
4.41885
-1.45289
2.47705
-0.751428
1.13486
0.745329
4.0331
3.32267
0.623639
0.386168
2.12028
1.38548
4.5003
3.56666
1.18783
-1.57656
-0.973455
1.09695
-1.1292
1.38848
0.587441
-0.263321
3.8141
2.70316
-0.252136
5.04692
2.01602
2.20618
3.16141
5.41069
-0.702865
-0.357595
3.07041
-1.15103
1.33282
2.53198
-1.38289
1.94019
1.79325
-0.275727
4.53068
-0.91357
1.5263
0.368278
0.855904
1.79785
0.290626
0.512711
-1.9243
1.82104
2.19798
0.992016
-0.538663
0.137117
3.48254
-0.0399862
4.73562
-0.143087
2.47919
0.266755
1.98059
1.4117
2.53911
-1.0679
2.44906
-1.69991
1.78165
2.75594
1.87657
-0.999501
2.31182
2.65055
0.294678
3.93056
-0.605755
-0.482485
-0.6981
0.70042
2.71488
1.62097
3.0589
2.9135
-1.76405
0.316745
-0.81963
1.96336
0.281352
4.78213
1.94403
2.01936
-0.102874
-0.184999
3.35947
1.80536
0.676536
3.00132
0.469312
0.687458
3.52255
1.92379
-0.729302
1.73085
2.12275
1.37601
3.37407
-1.06894
4.84048
4.01482
2.47705
1.25348
-1.46447
2.66129
1.48503
-0.152529
0.374645
0.856898
0.889805
3.3475
6.07392
3.14673
1.64517
-2.70182
2.03636
2.04745
2.84472
3.88544
0.107883
0.88001
0.327794
5.93523
3.81453
5.86992
3.6047
-1.60042
0.274383
-0.999094
3.68963
0.397554
1.54802
-0.243602
4.67867
2.47552
4.02267
2.80849
1.47172
1.37846
4.41275
0.323021
0.443391
1.85441
5.3437
-2.27129
-1.94143
-2.39087
-0.0993068
0.568683
0.380322
2.5244
-2.175
3.42008
-1.48044
4.79941
1.3407
0.240245
-0.634551
2.31978
4.89666
1.03611
1.02525
-0.164142
2.74227
4.11303
0.00193744
-0.66934
-0.727838
0.0178038
1.52206
5.28468
1.77692
-2.56409
3.76874
2.62248
0.253095
-1.65365
-3.3829
2.75941
1.88371
0.13234
3.58297
1.76744
2.89103
0.0523281
0.342293
-0.617678
2.12307
1.63393
1.44317
2.31963
0.814762
4.71952
0.850079
3.52444
-1.40729
3.9423
-0.371397
2.95206
4.74705
0.623953
6.34584
1.03288
1.3298
-2.34704
-1.10748
2.56759
2.00246
4.78072
1.58293
4.30936
3.36415
3.50738
-0.215588
2.14975
1.00931
0.072234
-0.649128
2.43383
2.94927
1.12378
-0.584603
2.19603
1.89432
0.757552
-2.31794
0.772216
4.93905
-2.61465
-1.1587
2.18079
1.84028
1.56539
0.5102
-0.576136
3.34947
2.0325
-2.47195
3.25227
0.905915
0.0488627
-0.450801
5.54772
1.99875
4.19169
2.77329
0.30218
-0.863304
3.36809
2.14816
1.745
1.82093
1.81422
4.54161
2.92886
0.384449
0.418237
3.01017
4.79481
7.30635
0.315338
-0.179541
1.64904
0.510563
1.69711
2.99603
1.59116
1.83792
3.83034
0.675499
-0.0539479
3.0562
-1.74536
2.18119
1.0236
-2.00522
2.80581
2.30605
2.42713
1.71577
-0.430156
0.908317
-0.00072981
2.29521
1.31388
5.97873
1.72035
1.48304
3.47364
2.18284
2.13226
2.14219
3.79294
2.41497
1.66304
-0.773537
4.53413
1.41812
-0.0643478
7.25413
2.85369
-2.81696
-1.27426
1.44218
0.632465
1.21319
5.55283
0.402325
0.502734
2.30799
-0.380196
0.945935
1.21245
2.83001
-0.0471646
3.43702
-1.81715
2.64796
5.41671
-2.30087
3.16707
0.77271
4.65446
2.19633
0.237071
-0.942102
5.48441
-1.28111
1.50413
2.89902
3.76369
4.54611
4.29914
-3.34153
-0.494966
6.67804
4.94945
0.816381
0.979636
3.33421
-0.948885
2.06033
1.34714
-0.0748621
-1.97356
1.00877
-2.33719
2.65161
5.16969
0.532512
1.58394
-0.348552
-0.839787
-0.211439
1.12294
3.19771
2.6934
1.41776
-2.5028
5.8883
2.87029
-1.99431
1.2843
-1.45759
0.485338
-0.478406
3.80371
5.20056
2.31514
1.52896
0.178494
1.5212
0.0811915
2.74478
-0.801351
3.65785
-1.07562
-1.18032
1.31646
2.04463
2.94107
3.77969
2.94242
2.61136
0.158206
-0.227931
3.80112
1.26652
-2.58738
4.45122
5.31366
3.803
0.0451687
3.49647
-0.754749
1.41547
1.59934
-1.26961
1.44068
-0.696786
2.51341
0.202674
-0.866695
2.2506
3.68486
1.80951
2.15342
0.150445
-0.736536
1.14917
1.3633
0.676344
-3.00519
2.23042
4.91629
3.53756
1.83159
2.38768
2.54409
-2.42161
-0.819505
1.87766
1.66902
1.11094
2.95053
-2.82169
0.547291
-1.45056
2.90461
0.848731
2.11502
1.82191
3.43463
-1.20842
1.91872
4.578
1.51588
5.05332
1.21962
2.49841
1.06442
0.206254
0.711828
0.893043
2.65261
-0.480355
1.9089
-0.554974
-1.57991
1.1495
-2.54251
2.68535
2.86975
1.11645
2.88922
1.49879
1.11737
4.78294
2.91035
-0.0667276
3.40787
3.50325
0.34297
4.91311
-1.88183
3.80823
1.69139
4.62077
2.20452
4.92508
3.22369
-0.865007
2.40531
-1.65046
1.21416
3.13499
-0.558444
-0.322321
1.93692
5.18354
1.8158
2.90649
-0.714911
2.42974
2.92005
3.25266
-4.33112
-0.390773
-1.2822
3.67701
3.98487
-0.767858
0.476506
3.5176
2.07164
1.38182
1.47932
1.14025
0.677574
2.31097
1.14821
1.45186
3.40279
3.03845
-1.68794
1.26468
0.39651
1.02348
1.43486
0.215748
-2.05587
3.72462
3.03041
-0.183986
1.91148
-0.0197517
0.056516
0.419383
0.19854
3.7618
0.553486
4.33425
3.05954
1.63439
0.342694
5.13027
-0.283224
4.55546
1.16835
2.61282
0.311814
0.659434
4.09715
0.880994
2.33753
3.53265
1.91704
-1.19747
-0.569719
1.33372
1.09753
1.30171
2.38708
2.10642
0.217968
3.35699
3.27401
2.30584
1.69903
0.206115
-1.19171
0.58668
-1.2397
0.812398
-1.08308
2.03417
1.11173
4.35064
3.16882
1.98744
4.3636
3.59655
-0.640461
0.445587
1.13951
0.432588
1.73545
-0.281226
1.7861
2.60781
0.449884
0.237104
-2.64997
1.18914
4.26637
-0.324026
-5.65603
3.81738
2.02817
3.38624
2.4419
0.00491857
1.55857
-2.44754
1.36097
0.882474
0.0305115
1.82319
3.10659
1.17109
2.31845
6.40802
3.84333
0.934283
-0.643104
1.013
2.23899
4.30707
3.83703
2.6408
1.67748
-0.603094
1.33638
-0.261424
3.67833
-0.206853
3.41679
-0.48359
-0.35257
1.03625
-0.801524
3.4977
3.49611
1.39108
-0.254096
4.02212
1.72164
2.14186
0.411526
0.837803
0.0668027
0.33478
0.888022
1.60393
5.59948
4.97579
0.0434204
3.8644
1.26854
-1.70052
1.04468
4.34457
-0.359859
-0.246012
4.16128
3.5999
0.314551
4.26886
3.1442
2.35483
0.15165
3.83738
1.8059
1.62435
2.33493
2.68049
3.76301
0.656996
2.98238
2.08925
0.825883
1.66862
-1.48351
3.1482
1.57845
3.98492
3.24148
1.90584
2.88452
1.97106
0.951455
-2.78626
1.69747
-1.71572
1.39881
-0.116754
1.76743
0.816036
4.56682
1.26422
3.27437
4.8241
0.858705
-1.07849
-1.44008
-0.435915
1.72549
0.37262
-1.02645
2.06321
-2.73943
1.16039
1.34956
3.91928
2.85826
0.2616
2.43023
-1.08498
1.32818
1.39411
3.18615
0.579979
2.10656
-0.395041
4.47113
0.311603
5.17401
-2.94563
-2.18401
-3.80759
1.00922
3.21788
1.6984
2.7681
0.828244
2.09619
2.48172
0.105466
2.13052
2.50229
0.0418632
1.74722
-2.11043
1.61816
1.74933
3.30032
-2.75653
-0.967649
4.77314
4.69292
2.71199
2.4305
1.90461
2.01413
0.362114
1.40654
2.9634
-0.179502
2.44394
3.7863
6.54038
-1.88784
0.350227
2.18365
3.69341
3.03464
4.41801
-2.7717
0.119466
0.829603
6.58301
1.73098
-0.915229
1.91687
2.66438
3.9797
2.22535
-1.68225
-0.72672
0.094353
-0.488178
3.22143
2.35867
2.96114
1.66457
-0.535318
1.42196
2.12103
3.12751
0.929879
4.02608
1.50199
2.64195
0.771997
2.06704
-3.57094
0.0037485
2.5165
-2.73865
4.16614
-0.763772
-0.89847
3.00676
2.10201
3.66233
3.03843
1.16768
-0.049946
4.68696
2.60738
4.66161
0.882984
-0.64291
3.53623
4.17339
-0.307014
1.34481
-0.360035
3.4845
-3.19034
1.15959
3.77043
3.36142
2.85806
-0.483053
3.86221
2.42846
3.92045
3.94905
2.56638
-1.21301
-1.73063
3.04389
1.89318
0.48292
0.562454
3.1794
2.61715
1.51208
1.86007
2.64933
1.24081
4.33352
1.95976
1.63468
2.74822
2.90632
2.64945
1.56726
-0.428112
0.817165
-0.0802815
4.67111
3.07271
-0.339611
-0.105873
2.62592
1.74833
1.83938
2.82781
2.2003
1.41397
-0.497359
1.99763
-0.218583
1.43442
1.85718
-0.409048
0.582882
-2.19529
2.82942
-0.516988
3.29872
0.0749235
1.99437
3.69812
-3.67804
3.35035
2.06821
1.24884
2.31481
1.69719
3.24786
1.16288
4.14965
-0.0874489
3.38999
0.0243877
1.73628
2.23911
4.1374
1.75548
4.54946
-2.43099
-1.80701
1.20742
2.51575
2.42698
-0.379823
-0.670338
0.053779
1.17089
2.99581
1.54542
1.94284
4.82342
1.60063
2.0545
-0.433767
-1.25369
2.79629
1.39182
0.476447
1.37344
3.20618
5.99364
6.30535
1.91831
4.30905
-0.158597
1.73524
2.82574
-1.6498
4.92993
-0.0412794
2.34046
2.19538
-1.97224
0.447226
0.130285
1.97172
-2.11442
1.85025
4.72517
0.337243
-0.649227
3.74227
2.99325
4.74195
3.794
-0.68539
2.15822
1.80901
3.80083
2.51523
5.88058
3.96164
3.12094
1.13304
-2.78586
2.02711
-1.41163
-0.931741
3.6561
0.83199
1.39048
2.80274
3.47437
2.33959
-2.76858
3.00971
-2.55895
1.42252
-0.341317
2.8762
2.67731
3.57323
2.73428
3.31879
2.57023
-1.29422
-2.6634
-0.315649
0.780768
2.92056
2.4509
-1.47974
1.83634
3.36646
0.936236
1.51097
2.41007
2.87626
2.14633
-1.15069
3.2714
-1.0182
0.556659
3.30965
0.658717
-1.00003
-1.1303
-0.658324
4.06678
0.577629
1.10681
1.45692
5.69589
-0.632553
4.46215
-1.09643
2.83659
-0.726444
-0.284818
1.9485
4.12423
7.80465
3.00658
1.32549
2.46764
3.16338
-0.550685
-1.88933
0.569249
1.09956
1.375
-2.96684
2.78931
3.2421
1.40379
3.88149
0.0826347
3.54443
-0.103616
2.54885
3.01753
-2.81482
-2.28383
0.898654
5.06068
1.76263
2.97816
1.33314
2.76951
0.8267
4.40774
0.422205
-3.4829
2.40931
2.04088
0.0730927
1.0344
3.70206
-1.57525
1.37293
0.051217
1.48905
3.11401
1.17169
2.96305
4.02575
4.59492
1.18347
1.23241
2.25383
-0.224605
-0.315962
-2.09793
-1.0157
2.24203
0.0846363
2.72007
0.223341
5.54651
-0.289822
4.36333
0.356851
1.36088
2.28619
4.48388
2.91985
3.21116
-2.18124
1.27821
-1.66319
-0.374945
3.95061
2.00501
2.00853
-0.845087
-1.4735
0.395318
1.03991
0.0661455
1.73381
-3.054
-0.407969
1.23162
0.829943
0.698921
0.135876
2.02389
5.76951
-0.697067
0.705992
-0.91288
2.60104
-0.104013
1.87287
1.17367
5.26139
1.63918
-1.23545
-0.597531
0.254319
2.1532
4.24714
2.38889
-1.34655
3.30658
-1.81437
-2.00392
3.18138
2.85653
5.14697
2.38037
2.1344
1.62171
2.79392
-0.517722
2.10745
-0.471069
0.36049
2.9648
1.3783
1.62803
-2.60097
-0.90221
-1.92258
2.66813
2.21165
2.59072
-0.732647
3.6531
3.53543
1.9808
2.09185
0.322366
2.72376
2.16004
0.482416
-2.76238
0.430822
2.26208
3.05381
1.78316
0.267209
-0.171508
4.1677
1.68431
1.10523
-1.94614
3.26784
1.47295
0.0101647
3.729
2.03272
4.92198
2.93684
2.43689
1.29403
0.0169229
0.0829268
2.77281
4.10364
1.51802
-1.45011
-0.859267
