5000
-1.25365
1.29078
-2.27726
-1.13068
-1.75801
-0.580041
0.761906
0.0337374
0.128744
0.522047
0.314232
-0.395268
3.3101
-1.02217
0.883922
0.648026
1.94241
-2.3579
-0.293934
1.20187
-0.105658
0.95301
0.0714832
-1.10153
0.341057
0.301938
-1.23235
0.593966
1.35234
-1.52313
-0.483102
2.03464
-0.824174
-0.379303
0.143374
1.06166
-0.662095
1.05173
-0.61596
-0.112636
0.43711
1.13605
0.623056
-0.186964
2.05896
0.274206
0.664208
0.258977
0.457324
0.737362
0.31473
0.110723
1.04637
-0.407215
0.091842
0.594455
1.67987
0.894566
1.22671
-1.44417
0.321629
0.124628
1.18827
0.847984
1.06217
1.06813
-0.120434
1.15041
0.0973014
-1.00691
-0.985272
1.04675
-0.598777
-0.80975
1.09778
0.0241297
1.39401
0.875634
-0.694651
-0.644475
0.657961
-1.04981
-0.130165
0.671573
1.29297
0.379003
-0.1719
2.02794
0.103386
-1.09125
0.852222
1.88833
0.543514
0.239952
-0.0636661
-1.21989
0.551907
-0.992254
-0.558755
0.949585
0.768185
-0.159243
-0.505997
1.76546
1.37466
0.599376
0.297454
1.81779
1.20262
1.05495
0.931267
1.08065
-0.400059
-0.234863
-1.10558
-1.01641
1.09899
0.867325
-0.470737
1.52692
-1.78027
2.37551
0.372927
1.95742
0.319245
0.998331
2.84666
-2.11649
1.68862
1.20807
1.30079
0.228773
1.06355
-1.19433
-0.0118517
0.0505279
0.464468
1.75367
-1.32122
0.368209
-0.707816
1.41144
0.593903
-1.56045
-0.325971
0.380368
-1.51094
0.510561
2.77653
0.244463
-2.57997
0.169519
-0.720559
-1.39291
-0.0437288
-0.102524
-0.520778
-1.10024
-0.246148
0.577921
-1.0005
0.0392642
-0.669209
0.0359449
1.16083
0.326186
-1.36957
0.155414
0.40689
0.70412
0.447472
-1.06051
0.627683
2.76032
0.554699
-0.609802
1.61657
-0.0470792
0.275068
0.693941
-0.574912
0.284829
0.124079
-0.584116
-1.2631
1.12376
1.28973
2.65748
1.6937
-1.94648
0.623241
1.58381
-0.309538
0.764362
0.749534
-0.515062
1.28532
1.0869
0.276252
-1.25078
0.849735
-0.530257
1.55869
-0.452923
0.966987
-0.998347
0.650047
-0.35417
1.42935
1.02508
-0.436335
-0.361121
0.147919
0.42258
1.56987
0.56083
-0.568062
0.106055
0.785939
1.41015
-0.127344
-0.0686018
0.146665
-0.947552
-0.0509171
2.424
0.309915
-1.19075
0.00595539
0.862242
-0.312978
-1.09626
-0.380991
1.62174
1.07723
-0.104259
2.00118
0.491888
1.38542
0.199654
0.369295
-1.05405
-0.742952
0.31389
-0.567529
0.882853
1.68003
-0.099123
-1.66992
1.58038
-0.667824
1.59862
0.425738
-0.0414918
1.63344
-1.39905
0.161074
2.30691
0.669902
0.688408
-0.115973
0.264297
-0.493027
-0.13134
0.697872
-0.353872
1.61283
-0.65621
-1.15269
0.415334
1.99972
-1.92419
-0.0914712
-0.865506
-0.361499
1.42977
0.791022
-2.25265
-0.496098
0.747731
-2.75247
0.68818
0.560592
-1.23667
0.792803
0.284367
-1.04008
-0.128766
-0.295267
-0.905052
0.879707
-0.213585
-0.114784
0.3348
-0.482095
0.937696
-0.666821
-0.800126
-0.0426958
2.09701
0.171173
1.75486
0.298071
0.280129
0.153515
0.785651
-0.466486
-0.388963
0.506832
1.63743
1.48034
0.0216023
0.129082
-1.52605
-0.959083
2.24354
0.788787
1.26912
-0.503627
0.692743
0.589602
0.139621
-0.0169784
-0.946402
0.66635
-1.75936
0.441991
0.882403
-0.274362
-0.477351
1.06733
-0.108283
1.69086
0.716609
-1.11046
0.684892
0.110958
0.445
-0.6957
-1.75667
1.43715
-0.812853
1.48021
-0.562649
-0.0146599
0.539277
1.84356
-0.194656
-0.919239
0.198246
-0.750463
1.53067
-0.181737
-0.399166
-1.01167
-0.394149
0.286528
-0.439582
-0.764427
-1.08642
-0.706636
0.429877
-1.41216
-0.557627
-1.80851
-0.782576
-0.67685
1.04069
-0.330946
-0.549255
-0.714524
1.2294
0.858685
0.433505
1.80732
1.1984
-1.1708
1.27693
-1.22764
0.365424
-0.86857
1.47825
-0.841388
-1.32935
-1.72774
-1.04305
-0.268305
1.5773
-1.98948
-1.00015
-1.60986
-1.25142
-1.10628
0.024996
1.2214
-1.52205
-1.53269
0.722851
-0.932265
1.01993
-1.83143
0.0718232
1.67388
-0.0250024
1.89558
-0.830348
-1.52089
-1.38932
-0.635022
0.829677
0.513292
-1.45842
0.48466
2.46291
-0.242014
0.851039
0.0934304
-0.394427
0.342138
-0.166874
1.19852
-0.300689
-0.249833
-1.66765
1.34426
0.341966
0.878548
-1.46163
2.11344
0.474647
-1.31402
-0.515948
0.920279
2.16301
-0.324127
-0.81114
1.30813
2.4782
-0.114817
1.58296
-0.21613
-1.80605
-1.11006
0.450544
1.574
0.13798
0.370544
0.117564
1.92361
-0.280259
-0.142432
0.122124
-0.946894
0.844551
-0.217815
0.375185
-0.43817
0.522659
-0.157823
-1.14859
-0.380501
1.61418
-0.79016
0.188897
-0.152769
0.119689
0.443035
0.00393487
-0.843687
0.308279
0.689277
0.428363
1.65515
0.500227
-0.0578754
-1.13084
-1.21468
2.16715
-1.11185
-0.524354
-0.276464
-0.204082
2.66611
-0.0563059
-1.49339
0.960139
2.13756
-1.06921
0.000391789
-1.07199
1.15984
-1.15574
0.117793
0.836264
0.185074
0.778291
0.551007
0.750546
-0.681919
-0.510488
0.325203
-0.394345
0.830707
-1.40445
1.45197
0.153548
1.67862
-0.858082
0.882801
-0.310205
-1.2255
0.123566
-0.612168
1.44797
-0.228562
-0.688295
-0.809196
1.72325
0.260844
-0.635402
0.455689
1.82341
1.36075
1.68611
-1.65353
0.158968
-0.352887
-0.691362
-1.30467
-0.202025
0.259775
-0.169255
0.695668
-0.0290988
-0.652688
0.0267985
1.00619
2.3071
2.01549
-0.277587
-0.536657
1.84065
0.62038
1.39805
0.424512
0.203188
-1.55731
-0.919544
-0.313953
0.56888
0.173645
-0.255105
1.29604
1.13494
0.611471
0.708196
-0.81013
-0.709038
2.089
-0.339224
1.75663
0.299749
-0.338663
-0.164783
0.0868568
-0.215777
-0.569115
-0.6171
0.946805
-1.08702
-0.22513
2.70669
1.21388
0.122882
-0.555713
-1.39339
-0.338074
0.438997
0.142056
0.453629
1.38213
1.76707
1.01871
-0.121121
2.06245
-1.5893
0.513461
1.28415
-0.975603
-0.644642
0.226667
-0.948743
1.27201
-0.679635
0.822815
0.922102
0.483041
-0.371477
-0.445735
-1.02685
-0.375586
0.760592
-0.536363
0.875355
-0.122583
0.202024
-2.17852
-0.256061
0.648127
-0.259432
-0.813813
-0.372399
1.40848
-0.850113
-0.574183
1.54217
-0.210043
-0.999087
1.05598
-0.265914
-0.447361
-0.659278
-0.642033
-0.407857
1.71198
1.26204
-1.16973
1.74983
1.10286
0.572215
0.680866
1.75675
-0.327639
0.0876067
-0.229693
0.806494
-0.426215
-0.256641
1.39852
0.850844
-0.0315851
1.51782
0.00602583
-0.498373
1.0686
-0.683619
0.573544
1.34092
-0.57405
0.427579
-2.039
-1.59529
-1.04842
-0.290748
-0.900929
1.75484
1.91198
0.466636
-1.81777
0.354868
0.797411
0.359323
-1.73427
1.20986
0.368084
0.0497411
0.418555
-2.41083
0.591901
0.658738
-0.567602
-0.227184
0.609896
1.77788
0.312943
-0.46434
1.93411
0.599144
0.308942
-1.48835
-0.686289
-1.30202
-1.76033
-0.96653
0.261881
-1.55783
0.566475
-0.528703
-1.08081
-0.164478
0.414428
0.0563608
0.996651
-0.819914
0.112771
0.512857
-2.67355
0.320534
0.173782
-0.280924
2.1676
-0.268991
0.0545236
-1.04479
-0.129084
-0.319949
0.0849881
0.0700508
0.69369
1.82553
-1.87393
-1.14355
-0.332415
-0.850941
-0.0139904
-0.95212
0.678121
-0.178629
0.626364
0.420212
0.224203
0.210504
1.13244
-0.924377
-0.0344238
-0.0782377
0.265541
-0.350647
-0.208125
-0.369546
0.455003
0.25357
-0.738588
-1.07628
-0.775192
1.55043
-0.202739
0.830784
-1.34396
-0.291781
-0.445291
-2.12539
-1.10229
0.698404
-0.472897
-1.55852
-0.283814
0.721757
0.0727107
0.754636
0.994893
-0.168951
-0.999203
-0.282716
-1.06816
-0.419931
1.62146
-0.511853
0.254757
-0.355701
-0.460648
-1.58051
0.038067
0.0304609
-0.338245
1.473
-0.978441
-0.522289
0.351738
0.192578
0.516851
-0.537788
0.557448
-1.06994
-0.581097
0.962093
0.75057
1.57472
0.503945
-0.182408
-0.024914
-0.726879
-0.781163
-0.981752
-0.0412204
2.62483
-0.589752
-0.185757
-1.79428
1.79043
0.59936
-0.858703
1.6064
-0.626347
-0.298214
0.162252
-0.175935
0.525343
-0.448303
-1.98283
0.315123
1.39835
-1.12109
-0.87158
-0.231633
0.43842
-0.275781
-0.282647
0.764614
-0.441643
1.24253
-0.339094
-0.351646
1.04129
-1.09353
0.613492
0.555495
-1.09533
0.301052
-0.532918
1.41477
1.44317
-0.531449
0.991476
0.0895849
-1.48122
-0.595253
-0.444828
0.964071
-1.15966
0.464785
0.0579435
-0.999026
-1.74119
-0.431282
0.194101
1.35132
1.17806
0.237757
-0.963471
0.169708
-0.642749
0.406047
0.399393
0.465196
-1.0367
-0.799158
0.101912
2.19049
-0.641842
-2.09675
0.650849
0.353178
-0.855083
0.176809
1.17648
-0.725285
0.161911
0.952533
-0.425028
-0.28923
1.31087
1.21315
-0.6063
-0.60815
0.266861
0.469856
0.978047
-0.386024
-1.04523
-1.2549
-0.117649
-0.869447
1.4327
0.603928
0.683874
1.20811
1.66797
-1.35914
-0.936166
-0.0930729
-0.196136
0.145312
0.397008
-0.737785
-0.822897
0.422607
-0.933611
-0.552568
-2.57674
0.447229
1.07714
1.82974
-0.787631
-1.35782
0.171552
-1.86192
1.22384
1.49936
-0.0420669
0.364944
0.840638
1.00566
-0.661911
-1.60315
-0.355743
0.116982
0.437188
-1.26784
-1.63824
0.919899
0.219969
0.340113
1.65497
-1.89393
-0.756935
0.0285879
-0.00952469
0.590771
1.30744
-2.12981
0.279345
0.533969
-0.429747
-1.20073
-0.577697
-0.610361
-1.03266
0.862511
-0.604993
-0.0788845
1.48426
-0.29392
0.519086
-1.18593
-0.112009
1.59848
0.56284
-0.00699278
0.202457
-1.06271
0.860699
1.40812
1.19198
-0.115166
-0.866743
0.529967
-2.05118
0.0826707
1.64512
-1.10639
-0.369312
1.67605
-0.513061
-0.434884
0.720623
-0.133478
1.29507
0.197689
2.25183
0.926714
-0.560681
1.23347
-0.913221
-0.750542
0.793414
0.376177
-0.138695
0.157622
-1.42723
-0.914688
1.73334
-2.68285
-1.54721
-1.48018
1.28386
1.07488
0.508265
0.642439
0.68258
0.628699
0.928818
0.450619
0.122015
-1.64346
0.944693
-0.229017
1.26197
0.307365
0.973178
0.381987
0.511557
-0.167545
0.900411
-0.80068
1.54936
-0.479586
-1.05078
0.965821
0.48464
0.407621
1.45589
-0.198591
1.72221
-1.03984
0.244054
0.00168065
1.72243
0.239603
1.51142
-1.25463
0.899608
1.77421
-0.511972
0.158279
0.13993
0.595173
0.235567
0.527316
-0.175653
-0.0203602
1.86732
2.23645
0.119956
1.2747
0.785286
-2.24867
1.1759
-1.30693
1.2919
-0.699847
2.29317
-1.18907
-1.20127
-0.0681949
0.576553
-0.681571
1.27281
-1.28048
0.943312
1.43026
-0.292633
-1.12436
-0.641178
0.0706339
-0.713283
-0.361028
-0.0705051
1.70576
0.112184
-0.440318
-0.216632
2.8257
-2.01675
0.679228
1.2527
1.45644
0.267633
-2.4419
1.05586
-0.208368
0.0207953
1.73431
1.62727
-0.0723425
0.613873
-0.62413
-0.274579
-0.0499217
0.789125
0.349988
-0.444192
0.0700603
-0.0684776
-0.0167682
1.6618
2.04519
-0.800175
0.235377
1.25236
-1.45625
-1.15257
1.60602
0.60901
-0.12825
-0.164249
-0.733316
1.34854
0.152372
-1.57307
0.223875
1.03268
0.962121
-0.0829397
-0.883108
-0.52845
0.801364
-1.60251
0.301392
-0.86714
0.25397
-1.15848
1.48059
-0.0600525
-1.07278
-0.241246
1.04643
-0.824382
1.86667
0.696374
0.771982
-0.683344
-0.0501695
-0.42055
0.730513
-1.21553
0.0939048
-0.100149
-0.2352
-0.562385
-0.186405
0.346271
0.591486
-0.950421
0.587523
0.13093
2.14177
-0.740616
-0.191477
-0.214867
-0.924153
1.09359
-0.709782
-0.178649
-0.63823
-1.07177
1.35147
0.66295
2.58983
-2.2452
0.529055
-0.0313708
-0.171355
-0.386857
-0.71383
1.20409
-1.07861
0.263426
1.24507
-2.51525
-0.0967491
-0.661461
1.3036
1.82281
-0.373815
-0.710786
0.5515
0.282871
1.00077
0.510781
0.947878
0.477244
0.91195
0.713771
0.0599237
-0.957796
-0.464248
0.311731
-0.688838
0.231527
-0.258837
-0.196573
-1.18112
0.764308
0.480426
-0.051917
-2.33597
0.330971
0.851456
0.284071
1.26105
-0.619327
0.193546
-1.4704
-0.164291
0.248728
1.7077
-0.553674
-0.220404
0.132415
0.871542
-1.44818
-1.56998
0.162112
0.468049
-0.056998
0.321455
1.71785
2.20023
-0.224523
0.386072
0.75296
0.307063
0.390873
-0.285103
-1.26447
-0.551577
-0.375531
1.07157
-1.01663
1.14653
-1.07382
-0.527831
0.819384
0.842998
-0.42619
-1.55166
0.942687
-0.861982
0.214062
-0.41337
-0.810191
1.93952
-1.57797
-1.09422
0.0392979
0.475398
1.88745
-0.0850604
-1.5466
0.798222
-1.20786
0.93278
-1.3387
0.357329
1.00578
-0.857269
-0.0430132
1.02806
-0.682124
-1.518
1.94447
-1.37098
0.290895
-0.366612
0.475795
-1.27335
-0.747771
0.69345
-0.824826
1.39896
-1.61848
-1.09445
0.22474
-0.381277
1.09555
-1.42023
0.811339
1.2992
0.169951
-1.94389
0.382905
0.399874
1.67906
0.004482
1.76076
-0.495054
-0.435771
1.3202
1.17497
0.789027
-0.249924
-1.02448
-0.215789
-0.996242
-0.793247
-0.242738
-0.650416
-0.989594
-1.85576
-1.05146
-0.728997
-2.01279
2.11954
0.0346042
0.273967
0.07769
0.550307
0.533237
0.700479
0.708922
0.448895
0.867719
0.121879
-0.787358
-0.48335
-0.827208
-0.719288
0.621465
-0.220062
-0.464763
0.756897
0.443089
-0.0970991
0.514825
0.400877
-0.139526
0.254238
-0.509343
0.243058
0.606691
-0.526041
0.909028
0.501509
1.37924
-0.439522
-1.15502
-1.50283
1.06049
0.895756
1.99151
0.917431
0.577677
-0.578525
-1.42987
-0.554862
-0.715286
-0.0407039
0.652037
0.207399
-1.18364
1.6173
0.469434
-1.01947
1.21753
0.411461
0.594334
-0.907106
0.669558
0.100531
-0.57228
-0.753783
0.782782
0.17756
-0.136294
-0.844533
-0.502566
-0.641358
0.215901
0.584787
-1.64488
1.11667
-0.407792
-1.33248
0.401517
0.904807
0.402089
1.00135
-1.61775
-2.32645
1.1868
0.777506
0.297626
0.299989
-0.0898693
0.697613
-0.895005
0.0742683
-1.34168
1.16858
-0.340981
-0.844643
-1.06008
-0.447233
0.412776
0.996909
0.995378
-0.00210761
-0.860558
1.73536
1.57011
-1.02224
-0.940368
0.607146
1.54168
1.50481
1.70319
-0.416858
-0.26628
0.701668
-0.292267
0.687257
1.11199
1.2694
-0.836131
0.949703
0.604659
0.522044
0.736374
0.761138
-0.200148
-0.642082
-0.298911
-0.513084
0.621646
1.41907
1.02459
-0.098055
-1.56571
-0.779585
-0.86406
0.298363
0.121294
1.03438
0.0428291
-0.597336
0.852118
0.565681
0.218121
0.611075
0.76273
0.291619
-0.609055
-0.832943
-0.980214
2.20563
-1.87856
1.0601
0.539326
-0.947077
-0.0537999
0.74869
-0.434469
-0.93271
0.756361
1.1593
-0.22936
0.293233
0.80924
1.46828
-1.10961
-2.34196
-0.733901
-0.542372
2.46943
-0.460118
-0.805121
1.94291
0.0166048
0.157067
-2.15768
0.820732
1.26809
1.1163
-0.166754
0.519346
0.333237
0.820998
-0.82466
2.10542
1.12413
0.726164
0.78639
-0.345283
1.0748
1.21336
0.783532
0.422259
-0.164792
1.78539
0.840444
-1.39409
1.38773
0.992711
0.904616
0.416841
-1.08571
-1.27877
0.218975
0.953125
-0.0854017
-0.779339
-0.269043
2.52449
-0.777348
0.239297
0.870967
-1.1294
0.818563
0.794996
0.107227
0.623713
-1.2139
-0.617336
1.2919
-0.163633
-1.15684
0.988162
1.11092
0.337249
0.491071
0.70324
-0.485174
0.142641
1.60068
1.45085
0.581235
-0.304233
1.0309
0.182543
0.225032
1.65687
2.68907
-0.0778943
0.34999
0.175787
1.50922
-1.30256
0.0629285
-0.585144
0.225531
-1.34604
0.280807
0.745612
-0.988436
-0.0310028
0.199906
-1.00658
-0.64734
0.711084
-1.87435
1.21413
-0.0174636
0.82716
1.74246
1.04403
-1.70826
-1.0575
0.181226
1.83283
0.105942
0.383682
1.0047
0.0810237
-1.83102
-0.437408
0.015974
1.32647
1.18395
1.52319
1.12392
0.138314
-1.11699
-0.48134
-0.910217
-1.20862
0.922653
-0.201467
-1.47346
1.98268
-0.231146
0.0331492
-1.41947
0.438995
-0.542371
0.861694
-0.0758953
-0.779406
-0.359463
0.879275
-0.175879
1.91086
1.55868
1.18353
1.57258
-0.278182
2.96495
-0.514834
-1.82426
-0.327023
-1.46284
0.404709
-0.282287
0.0140038
0.583844
-0.222436
0.163256
-0.756063
-0.513159
0.958725
-0.156685
-1.2932
0.978114
-1.6253
-0.362641
-1.63601
-1.50737
1.44041
1.45621
1.13993
-1.61233
-1.27311
1.35435
-1.26706
-0.361541
0.533378
0.435194
0.062174
0.0322179
1.29536
1.31703
-0.326988
1.09573
0.931258
0.668335
0.29905
1.61709
0.485795
0.502579
1.58292
1.1668
-0.367898
0.288372
-0.494533
-2.26632
1.19577
-0.340907
1.27892
-0.351761
1.51179
0.750714
-0.0565336
1.57231
-0.452642
0.615012
-0.450038
-0.699601
1.69831
0.380891
-0.803242
-0.0513049
-0.767178
-1.5675
0.922609
0.160892
-0.638135
0.489994
-0.812383
-0.656443
1.33116
-0.888997
-1.72078
1.14094
1.14668
-2.12411
0.549707
-1.43942
0.271988
-1.31668
-0.240016
0.455949
-0.869718
1.54223
0.751518
1.18181
1.07236
-0.84954
-0.217464
-1.30261
-0.0512282
1.00682
0.540267
2.51242
-2.2051
-0.0456187
0.206506
1.16557
-0.753371
-0.351509
0.0726716
-0.502049
-0.91876
0.946354
0.957874
-1.49548
1.12525
-0.0599636
-0.466475
0.882293
2.01653
-0.988762
1.72688
1.56558
0.889855
-1.99915
-1.45215
0.850737
0.518741
0.35233
0.826211
-1.44789
0.53314
-0.41718
0.935744
0.452514
-0.64148
-0.851848
-0.248653
-0.366531
1.17755
0.623032
0.227689
-1.08177
-0.483721
0.57084
-1.26285
-0.901935
-0.203004
-0.1241
1.51657
2.05783
-1.88418
0.0137962
0.0591974
-1.05891
0.944419
0.478445
0.634502
-0.587846
-1.47015
-1.05107
0.75974
-0.535884
-0.340384
0.226535
1.27062
0.367148
2.05787
0.354607
0.48303
-0.860488
0.974396
-0.186758
-1.2692
0.00327149
-0.235753
-0.617229
-0.911868
0.981444
-0.204029
-1.6582
-1.93434
-0.867826
-0.292214
0.185303
0.335195
-1.38882
2.04032
1.6149
-0.936353
0.21894
1.51476
-0.628002
3.12943
-1.60898
1.84085
0.438724
-0.947539
1.40122
-1.37842
-0.735752
-0.525924
-1.93966
0.335796
-1.8427
-0.971972
-0.098067
0.804272
0.35179
0.643355
0.888614
-0.00706665
-2.13234
-0.477475
1.05427
-0.418663
-0.217484
-0.339119
-0.890958
0.486968
-0.0228512
-0.109906
-0.163407
0.833059
0.395948
0.0360913
-0.506392
0.422195
-1.0897
0.498038
-0.820629
0.590133
0.319456
0.555816
2.56698
0.227158
-0.797491
-1.3868
-0.0974738
0.999309
0.373772
-0.382471
-0.582818
0.588979
-0.421053
1.33769
-1.17203
0.237155
0.0248447
0.163236
0.555977
-0.584885
0.490042
1.38139
1.19875
-0.0114717
0.0293938
0.870476
1.27885
-0.950898
1.81203
0.0504977
-1.07561
-0.134011
0.0542624
0.658092
-0.636586
1.3063
-1.86824
1.55934
-0.0996198
0.479752
-1.31951
-0.715006
-0.846282
-0.70098
0.427636
-1.06565
-0.266398
-0.130263
0.252864
-0.403827
2.52711
-2.78255
0.279211
0.654529
-0.016269
-0.14059
1.6304
0.111214
0.893448
0.668233
-0.404713
1.97389
0.541685
1.85437
-0.669311
1.89758
0.0912769
0.433435
-1.15685
1.0423
2.37629
0.450401
0.0855233
0.0128408
0.924415
1.11486
-1.34729
0.794223
-0.503133
-0.869796
-1.19637
-0.13083
1.19473
-0.439809
0.189439
0.618213
-0.787918
0.179137
-0.612319
-0.0615499
0.0614081
1.59552
0.141053
-0.10987
-0.77584
1.77948
-0.248617
1.05621
1.64357
-0.240051
-0.608273
0.0272407
1.56023
0.849587
-0.444406
0.848086
-0.180035
1.25625
-0.848277
-0.4627
-0.382198
-0.603743
-0.716599
-0.526386
0.175875
0.739587
-0.858909
0.228071
-1.21225
0.360478
0.96159
-0.260291
-0.0914523
-0.219011
-1.36094
0.405226
1.34484
-0.0919175
1.73722
-0.633236
1.78346
2.62584
-0.972207
0.769525
-1.17058
-0.23806
-0.591299
1.17798
1.12249
-0.290335
0.575314
1.11366
-1.78262
1.01731
-1.29863
1.73798
-0.883387
-0.108616
0.475185
-0.928516
1.14372
0.392104
0.560005
0.725846
0.98756
-0.672473
1.04404
-1.26609
0.534475
-2.30408
0.359911
-0.507686
-1.39121
-0.454187
-0.557183
0.854989
-0.941546
0.0159854
2.64291
1.19642
-0.493761
-0.228437
1.11616
-0.599967
-2.10234
0.0592949
-0.453738
0.935661
-0.16885
-0.038515
0.619647
-0.342388
-1.23195
-0.21597
1.17624
1.67078
0.68582
1.5085
0.526256
1.10697
-2.00237
-0.0689275
0.0159823
1.61528
0.918313
0.131062
1.11343
0.366259
-0.869509
-0.528093
0.0931687
-1.09114
-1.81039
1.13828
-0.379693
-0.194433
0.117174
0.558441
-0.95979
-0.668391
0.453537
-0.969502
1.24906
0.286322
0.830682
-0.940056
1.32856
0.174072
-0.214624
0.355275
0.257158
-1.00243
-0.0591923
-1.43654
-0.859839
-0.533988
-0.0369505
0.172524
-1.10034
-0.123737
0.205334
1.46683
-0.912291
0.507412
0.905937
0.716721
0.556544
0.964968
-1.44699
1.32007
-0.1961
-0.920594
1.00131
0.417771
-0.188868
-1.21099
0.3582
1.02107
-1.13839
-1.46297
0.32953
0.978345
0.0209813
-1.15062
0.129868
0.303902
-1.32843
-1.47314
1.31063
0.187286
0.601385
-0.100392
0.381661
-1.15408
0.373132
2.26182
0.544529
0.826151
-0.582545
0.113919
1.26485
-1.00911
0.18796
-1.49357
1.01099
0.620478
-0.995835
1.11798
1.61229
0.341752
-1.29912
0.195177
0.645729
-0.512415
1.25142
0.120818
0.846448
-1.59552
-0.881633
-0.625397
-0.443299
0.693336
0.273943
0.160233
0.856417
1.98057
-0.32905
-0.833822
-0.149311
-0.280402
1.26261
1.859
0.33094
0.0264269
2.66012
0.356471
1.80636
-0.678904
1.08954
-0.00136409
1.33183
-0.228576
-0.824557
-0.763204
0.203126
-1.0024
0.0923168
-0.463964
-2.57113
1.58033
0.865103
0.768709
1.01302
-0.143616
-1.18016
0.575643
1.55989
-0.362058
-1.06015
0.0397653
0.182656
0.897385
-0.335754
-0.0369642
0.331122
-0.00729847
0.0698204
0.0831598
-0.235134
0.333251
-1.1156
-1.89148
-0.145418
0.918942
2.0509
-0.536566
1.14015
-0.683015
0.852169
-1.09174
0.308929
-0.940214
0.486004
1.59528
0.839175
0.119977
0.99714
0.415844
-0.770711
0.623858
1.87184
0.826521
1.07429
0.508158
-0.612486
0.3732
0.73432
-0.299028
1.48834
0.348434
0.181843
-0.12294
1.27398
0.820091
-1.83752
0.234338
-1.36211
0.0923618
1.02362
1.1331
2.0209
-0.542748
0.659853
-0.0529636
-0.857057
-1.59067
0.206036
-1.03156
-1.70504
-0.491779
0.445898
-2.11576
1.73851
2.32155
-1.09884
0.968374
1.33898
1.20304
1.01548
0.823405
-0.303733
-0.69842
-1.87713
0.735409
1.82127
-0.620615
0.919596
0.279721
1.61227
-0.162908
0.354974
0.635096
0.0308824
2.26021
-0.269751
-0.132117
0.637342
-0.790264
0.3309
-0.358578
-0.813913
-1.92677
1.14159
0.937816
1.2273
1.02561
0.509742
-0.190368
-0.874894
0.237581
0.411385
-0.619949
-1.88594
-2.56744
-0.697481
0.0899858
0.884816
-0.66379
-0.509622
1.18708
0.239367
0.646044
-0.389963
0.863175
-0.979355
0.816678
0.508317
0.672319
0.48701
-0.809413
-0.291032
0.337717
-0.885783
-1.72893
0.843729
1.30257
-1.57541
-1.74262
0.704152
-0.0783412
-0.230307
-1.31601
-0.685145
1.64356
-0.300942
-1.41351
-0.827314
-1.21021
1.66362
0.425511
0.255544
-0.142975
0.0639825
0.582247
1.68025
0.567469
0.355896
0.801541
1.24463
-1.67448
-0.602147
-0.918902
-0.71662
-0.669769
2.18398
-0.74638
0.759728
-1.43063
-1.70699
0.198788
-0.833706
0.0728665
-1.05583
1.05012
-1.47409
-0.265519
-0.0979935
1.24871
0.590744
-1.69205
0.571624
-0.552774
-0.318794
0.0827426
-0.57867
-1.18858
0.0926061
0.853311
0.309098
0.616897
-0.851151
0.0298085
1.28853
1.12202
-1.54726
0.275071
1.13173
-1.02127
-1.47975
0.291845
-0.74534
0.607548
-0.926289
-0.0989948
-0.716797
0.372529
0.398129
-0.544285
1.07264
-0.172594
0.144177
1.72054
-0.446287
-1.38719
1.01663
-1.06973
0.0976962
-1.25178
-0.178836
0.468585
0.0308324
-0.234483
-1.08598
-0.0755552
0.368187
0.00130671
-1.33667
-0.587859
-1.20686
0.285677
0.516433
0.299822
-0.0346576
1.01779
0.175577
-0.537239
0.410726
-0.929586
-0.0777721
1.20415
-0.817076
-0.227576
0.499066
-0.31167
-0.0436903
-0.287346
1.14333
-0.0813655
2.46263
-1.36584
1.31477
-0.571753
-0.314327
0.205567
0.917591
-1.40311
0.893414
1.27972
0.273988
-2.13826
1.4748
-0.421857
0.3512
0.766013
0.38448
1.29454
1.17309
2.01961
-0.168909
-0.691461
0.381335
-0.185241
-0.603551
0.328649
-0.484601
-0.436033
0.144045
-0.272307
-1.62675
0.476559
1.00563
2.11485
-0.268557
0.608419
-1.59809
-0.474964
1.76939
-1.06547
0.159663
1.62197
-0.169201
-0.628847
1.21171
-1.13562
0.106899
-0.346689
-0.195182
-0.183067
-0.253452
1.34118
-0.405844
1.19026
-0.415155
-0.275592
-0.080117
-0.298869
1.67919
2.64247
0.130098
0.316078
-0.463546
0.313918
-0.272413
-1.48228
0.527973
-1.30458
1.24782
-0.153689
-0.710751
-0.0351305
0.289651
-0.31275
0.845901
1.74954
0.316409
1.94968
0.340298
1.6162
0.235661
-0.29267
-0.00261929
2.0182
-1.72429
0.590024
0.340104
-0.965522
-0.0363888
-1.54909
1.54125
0.325525
-0.696886
-0.214462
0.0716943
-0.932721
0.664327
0.313709
0.684098
0.0856635
-0.112084
-0.465318
-0.630789
-1.82879
1.06714
-1.25067
-0.643396
-0.53226
0.424492
-0.00554218
-0.182556
-0.935858
-1.75497
-1.15832
-1.13618
0.974014
1.15625
-0.452881
-2.72623
1.19866
1.79036
-1.18373
-1.53293
0.300114
-0.346362
-0.0371087
-0.480991
-1.70254
0.767286
-0.216886
1.62198
-0.627403
0.540733
0.572138
0.182119
0.504191
-0.0157815
0.0502471
1.00334
0.34059
0.551233
-1.81286
1.54607
-1.24653
1.05002
-0.179332
-1.06521
0.917858
0.0398384
-2.01706
-2.29009
3.11048
1.33467
-0.101488
-0.216024
-0.644223
0.958917
0.366067
-0.374516
0.126054
-0.667858
-0.365984
-0.758229
-0.317408
-0.780529
0.748914
0.929265
-0.145515
-0.969009
-0.525859
1.27412
-0.666442
1.20243
0.876182
-0.855603
-1.47042
0.268742
-1.36847
0.600557
-0.293809
0.774649
1.5947
-0.163711
0.779031
0.536623
-1.6002
0.36268
-0.324384
0.601693
-1.83995
-1.38085
1.27421
0.278833
-0.67317
2.0046
0.648879
-2.08802
-0.0862908
-0.216255
-0.498537
-0.5897
0.325593
-1.35821
1.40201
1.21011
-0.980521
-1.27129
1.08102
0.210817
1.09221
0.317613
-1.11492
1.39135
-0.0164072
1.42508
-0.13143
1.01766
-0.765543
-0.447898
0.959034
-1.26239
2.2197
-1.15689
-0.793644
-0.293872
2.16162
0.0385922
-1.72705
-0.926652
1.30431
-0.273546
-1.09416
0.698125
0.263354
-0.0739599
0.157832
0.421686
-1.83462
-0.822961
0.706399
1.65426
0.704994
-2.54851
0.98495
-0.547991
-0.00880007
0.224241
0.265574
-0.63253
-0.85104
0.332695
-0.158103
-1.58229
0.383269
0.734911
-0.617473
0.686141
-0.0719549
-0.969957
1.19596
0.463608
-0.845797
-0.597461
-0.0257572
0.15834
0.679959
-0.0993211
0.0427878
0.672803
-1.35997
-2.09482
1.4812
0.639782
0.377188
1.07693
1.09946
1.43522
-0.660193
-0.322955
0.304134
1.21042
1.94119
0.0743751
-0.4129
-1.23308
-0.156021
-0.507124
1.21295
-0.352703
-1.71657
1.37083
-0.784185
-0.947101
1.13905
-0.80666
1.85815
-0.77965
-1.17076
0.738224
-1.67782
1.11283
-1.38928
1.14417
1.12212
-0.106851
0.530036
0.441927
-0.101023
-0.254921
-1.34694
0.598219
-1.48317
-1.08491
1.17459
-1.54043
-0.912472
2.00044
-0.78243
0.134163
0.411377
-0.673652
-0.155203
1.04208
-0.304705
0.0775865
-1.50766
-2.04878
0.0986638
-0.0402842
0.472449
0.548178
-0.684288
0.775085
-0.509842
-0.711959
-0.648247
0.533588
-0.650583
0.789756
0.0818975
-1.33262
-0.366091
-1.20349
0.703715
1.8293
-0.52338
2.56301
0.856799
-2.30169
-1.76004
0.114838
0.0972851
-1.02898
0.354416
0.209069
0.00729057
0.465941
0.19932
0.310457
-0.463555
0.216005
0.0019302
0.0577393
-0.866508
1.10678
-0.341048
-0.317133
1.4171
0.749606
1.18796
0.713553
0.120284
0.526886
1.49114
-1.22962
-0.803508
-1.24891
-0.387612
1.17684
-1.21197
1.79254
-1.34564
1.27553
-1.36596
1.41583
-0.135379
1.16924
-2.20241
0.212685
1.66136
-0.0241078
-0.497697
3.58412
-0.0979518
-0.334947
0.973434
-2.15106
-2.09837
0.0717355
-1.02513
-0.655608
-2.42705
0.695875
0.77762
-0.0700403
0.694824
-0.991444
0.779546
0.240638
-0.211007
1.7308
1.28801
-0.261912
0.277513
1.22435
2.50338
1.64544
-0.348644
0.223961
-0.131819
0.853083
-0.0467024
0.127773
-0.209304
1.01173
-1.21223
1.87462
-0.667192
-1.31966
-0.191153
0.34359
2.79014
0.0730694
-0.673414
0.310798
0.472643
-0.436857
1.47535
0.0894818
0.867713
1.14988
-0.123429
0.508321
-1.58548
-0.233582
2.24053
0.0623384
3.32627
2.67258
-1.83959
-0.907775
-0.909664
0.412623
-0.960622
-2.27543
-1.01377
0.235668
0.343043
0.988002
-0.26799
-1.38782
0.764225
0.061261
0.646986
0.767103
-0.945818
-1.1641
-0.357889
-0.754636
-0.83435
0.583759
1.06466
-1.36143
0.0641322
0.83816
0.240368
-0.808331
0.668613
0.109622
0.910949
2.54678
-0.266878
1.4213
-0.546871
1.2577
0.644654
-0.489935
-0.222128
-0.563409
-1.2247
0.328747
0.518538
1.45922
0.521941
1.71865
0.1334
0.258118
-1.52872
1.26912
2.29125
-0.572075
-0.277306
-0.997965
1.03232
-0.558797
-0.306001
0.0439691
-0.757707
-0.539053
-0.187142
-0.62107
-0.234605
0.293355
0.717738
-3.24793
0.421501
1.16279
-0.0545527
1.11652
-0.234437
-0.410261
0.260373
2.42128
-0.144959
1.31306
0.186663
0.410566
0.288722
0.353608
0.32143
0.460987
0.866351
0.209917
0.731882
-0.578059
-0.474266
-0.118002
-0.0814785
0.776418
1.48374
-0.630595
0.0630904
1.40519
0.12621
0.818457
0.609448
-0.214802
1.76592
0.213178
0.202203
0.139543
1.65579
1.31396
0.472321
-0.67858
-0.464271
0.210949
-1.21454
-0.0640325
0.0706886
0.6385
0.51435
-0.608013
-0.845584
2.66444
-0.430665
-0.0430773
-0.514578
-2.03854
1.40849
-0.804675
0.574136
0.127208
0.220293
-0.752855
1.32055
-0.129688
-1.67647
-0.410586
-0.734775
0.307812
1.09707
0.153183
0.624392
1.91559
0.471126
0.249468
1.5398
0.793605
-1.12086
-0.4139
0.565349
-0.127482
1.0688
1.16854
-0.39242
-1.5208
0.944912
0.831066
-1.56395
0.166042
-0.477568
-1.5647
-0.524564
-1.36982
0.780593
0.918794
1.19508
-0.985402
0.791713
0.616375
-0.913758
0.202561
-0.403519
-1.06856
-1.12465
-0.128846
1.08675
0.906441
0.994875
-0.477397
0.603347
0.657183
-0.285758
-2.04415
0.0997621
-0.619803
1.16194
-0.457896
0.235585
1.04131
0.956225
-0.100052
0.676569
-0.244949
-0.330066
-0.736439
-0.319746
0.544608
-1.54922
0.23111
0.388848
0.762808
2.07928
-0.342419
0.167535
1.03612
0.641344
1.38905
-1.05406
-0.875219
1.28517
0.911392
0.915539
-0.0307309
-1.37504
0.553687
-1.25812
-0.695193
-1.98486
-0.224282
-0.0565826
-0.607286
-0.49624
1.22912
-0.182078
1.83812
-0.938096
0.438655
0.166185
-0.865571
-0.328752
1.06813
0.766852
0.275243
0.240221
-0.0215752
1.97769
-0.910229
-0.493104
-0.719839
0.261477
1.17861
1.35223
-0.0899863
0.250712
0.0156327
0.938479
0.408905
1.99499
0.690002
0.873967
-0.714659
-0.00044378
-0.231186
0.341363
-0.672097
-0.0986734
0.22702
1.58986
0.835976
0.310637
0.773217
0.0165349
-0.983223
-0.241526
0.63553
1.29154
0.981832
0.408492
0.906962
0.449014
-0.18422
-0.291128
0.889912
-1.72784
-0.0796654
0.02411
-0.0926296
0.0327206
-0.997282
-0.656645
-0.757929
-0.118907
0.513325
-1.41561
-0.560157
-0.950656
-0.985951
-0.314719
-1.09554
0.673989
1.30298
-0.288066
0.231219
-1.08323
-0.98522
-0.696864
-0.953968
1.18576
-0.837151
-0.0683561
0.513923
0.759313
1.0129
1.32124
-0.986869
0.892053
-1.99822
-0.562158
-0.322441
0.026017
1.38855
-1.60931
0.0795608
0.184939
0.721163
0.622993
1.21186
1.55665
0.859
0.162
-0.763624
1.09299
-0.531858
1.33404
1.17519
-1.3352
1.60712
0.38446
0.658655
-0.502982
1.1238
1.06612
-1.61243
0.878682
1.44075
-0.017517
0.207451
0.564198
0.665234
-0.731233
-0.597657
0.0803998
0.5898
0.417227
0.498343
-1.08092
0.693186
0.0548301
-0.959115
-0.991674
-0.996196
0.882575
-0.690372
-1.02686
-1.382
0.0674311
0.615716
1.08175
-0.445174
0.135586
-1.08184
-1.44146
-0.325546
-0.623961
-0.083347
0.152822
-0.249388
1.36529
-0.274143
0.696634
-0.0279304
1.33192
1.14336
0.0026115
-0.0211788
0.977211
-0.707135
-0.468655
0.175041
0.208699
1.01989
-1.10681
0.023129
-2.01332
-0.560118
0.235885
2.53268
1.05003
0.710239
-0.483585
1.45665
-0.634567
1.81446
1.23661
0.267407
2.76916
-0.27898
-0.134243
0.052128
-1.65146
-0.6904
0.714926
0.302667
-0.260765
1.7183
-0.424009
-1.04441
0.836707
0.104662
1.05719
0.207042
0.889673
1.73897
-1.01905
-1.18892
0.139309
-1.59571
-1.11763
1.66195
1.50985
1.2173
-1.50547
1.01739
-0.241417
0.566576
-0.0400809
0.293682
-1.09287
-0.897901
-0.668686
1.21916
-0.622186
-0.349694
0.601333
-1.40632
0.354147
-0.0953874
-0.673424
-1.28519
-1.64285
-0.737276
0.677728
-0.944741
-0.169492
1.25637
-0.892487
-1.0382
-1.61276
-1.3186
-0.305368
0.913875
2.19658
0.0774397
0.570595
-1.19413
-1.0969
-1.50564
-0.493975
0.724416
0.475315
-1.82654
1.10569
-0.997549
1.76426
-1.128
0.956503
2.06244
-0.262289
1.57689
-0.0195209
-0.81911
-0.820671
-0.908721
-0.963063
-0.174289
-1.8926
0.78002
-0.828013
-1.031
0.036062
0.582211
-3.30398
0.0377941
-0.801556
1.86713
0.110606
-0.457427
-1.04802
0.174752
-0.428931
-0.225679
-0.824
-0.161488
0.887841
0.565677
-0.627483
-1.31136
-0.415909
0.293633
-0.211148
0.512039
0.415895
0.173208
-1.63981
0.315858
-0.19305
1.16927
-0.704693
0.554341
0.777044
1.01803
1.73582
0.521534
-0.26144
1.1479
0.428534
-0.172799
-0.897262
0.170982
-0.616161
1.19357
0.341038
-1.1792
-0.959166
1.01269
0.146418
2.10846
-1.26507
-2.03679
1.20542
0.578988
0.562095
-0.793484
-0.6263
-2.79237
-0.506746
-0.119522
-1.88851
-0.529453
1.18782
0.527277
1.27387
0.339694
-1.15071
-0.01735
0.997811
1.76944
1.21488
0.0591691
0.821063
1.47137
-0.257535
0.0618738
0.608064
0.585602
0.898704
1.4261
0.433457
0.268058
0.267277
0.734451
0.686879
-1.20727
0.679525
-1.54844
-1.08978
-0.0866936
-0.772434
-0.0642543
-0.561102
0.0063959
-1.73128
0.191216
-0.812
1.08884
1.1072
1.20872
-1.12321
0.734104
-0.591787
-0.388722
-0.755965
-0.355437
-0.747223
0.0662625
0.613658
1.49201
-0.292556
-0.296783
0.538119
0.783813
-0.628313
-0.441425
-0.926207
1.06802
-0.660583
-0.50527
-0.17538
-1.55833
-1.03665
1.01228
-0.441228
1.84284
0.497832
-1.34561
-0.0224728
-2.15928
-0.435361
-0.57227
0.617862
0.11714
1.14857
0.427176
1.7328
-0.887369
-0.887287
-1.27186
1.07656
-1.7971
2.37693
-0.357757
-0.348279
-1.22272
0.995814
0.0683465
0.346958
0.699155
1.46144
-1.32731
-0.717739
1.32062
0.558986
0.259021
1.33701
0.408892
-0.42799
-0.736704
-0.2591
-0.43836
0.750225
0.257453
0.526736
1.22375
-0.583156
1.21434
1.03315
-1.58982
0.206266
0.126639
-1.03909
0.212611
0.755195
-1.38819
0.359398
0.145438
1.54428
0.964894
0.338345
-0.375359
-0.0213023
-0.44694
0.723973
-1.77473
2.14484
0.064335
-0.956486
0.57047
2.35046
1.14775
1.67922
0.595694
1.30681
1.78202
-0.016469
0.661829
0.0708175
1.10201
-0.547701
-0.935573
-1.13236
-0.0960209
0.144874
-0.609913
-0.108289
0.202469
-0.187687
-1.63966
-0.439492
-0.100522
0.832298
0.0253002
-0.338378
0.893259
-0.394346
0.752055
0.887858
-0.42665
2.25995
0.203087
-0.19073
1.61499
-0.846595
0.545915
-0.418361
0.298109
1.0777
0.29573
0.58508
0.663462
-0.450842
-1.26884
0.299428
-0.65819
0.150616
-1.56181
-0.185115
-2.18528
0.0408005
-0.425388
-0.202232
0.0767863
0.983606
0.0530221
0.200542
0.559975
-1.00042
0.00979442
-1.12381
0.00713788
-0.864477
-0.61891
-0.39827
-0.222999
0.266743
-0.0320978
-0.509237
-0.737771
1.0373
0.432988
-1.6764
-1.05392
-0.971248
-0.145874
0.498597
-0.836308
-2.61389
-0.20953
0.714341
0.047373
0.670142
1.48992
1.2562
-0.00398198
0.102773
-1.07097
-0.505159
2.12554
-0.518403
-0.513466
2.05453
-0.69292
-0.0329253
1.02182
0.695669
1.32024
-0.184649
-0.955013
-0.135628
-1.29903
0.107009
-0.223628
2.15543
0.521666
2.45662
0.4747
1.42856
-0.620313
1.3778
0.846242
-1.30207
0.460457
-0.54222
0.832584
-0.779063
-0.879581
-0.678966
1.29219
0.192289
0.135914
0.625642
-2.27453
1.10952
0.523009
-0.255123
0.794193
0.831779
1.30391
-0.16493
0.3708
-0.060924
-0.798365
0.997104
-0.292962
1.09652
0.19878
0.72263
0.485172
-0.0278805
1.74541
-0.40418
1.46267
1.36308
2.32657
0.362907
2.17988
-1.01859
0.0665876
0.502925
-1.4993
-0.532562
-0.506884
1.63421
1.16103
-0.877005
0.313182
0.220677
0.921239
0.44086
-1.01543
-0.0636191
-0.304753
0.884264
-0.913131
2.02303
-0.517728
1.58726
-0.05128
-0.390977
-0.588146
3.04395
1.23203
-0.121913
0.481574
0.85973
0.952019
-0.345747
1.28884
-1.65972
-0.305561
-0.364156
-1.26133
-1.31439
0.849541
0.755539
1.30206
1.11577
-1.20425
0.0656695
0.0953561
0.656403
1.0616
-0.0261923
0.00312825
0.892692
-0.999958
-0.837902
-0.287857
-1.07428
-2.35393
-0.55789
0.606674
0.00136228
1.21387
-0.452156
-1.33694
1.15014
-0.645439
1.3253
-2.31455
0.915271
-0.115201
-0.362901
1.43652
0.926072
1.32932
-0.0513981
1.53428
0.291706
1.10589
0.232469
0.903464
-0.439564
-0.0927333
-0.611373
0.375311
1.43018
0.93368
0.0541508
-0.259998
-0.112997
-0.765759
-0.57376
-0.213283
-1.70624
-0.232439
-0.387871
-0.154149
-0.744287
-0.56909
0.9585
-0.373689
1.43158
1.48682
-0.316595
1.53148
0.189224
-0.460556
0.493665
0.803896
0.293433
0.046602
0.363456
1.64358
0.513931
-0.0585021
0.864345
0.105689
-0.502775
-2.86566
-0.171347
-0.0308072
0.944438
-0.898634
-0.264419
0.149446
0.629156
-0.170526
1.99052
-1.01514
-1.79
-0.300266
1.20872
0.00608134
0.742957
-0.0666939
0.327213
0.137314
-0.268616
-1.28134
-1.24174
0.154174
0.552587
0.380197
-0.376795
1.37233
0.139178
0.0772309
2.28218
0.235562
-0.0322653
-0.805732
0.527789
0.332074
-0.966051
0.723811
-0.112511
-0.57205
-1.44046
-0.0493177
-0.453137
-1.04121
1.28575
-3.08211
-0.669128
-0.0872119
1.22358
-0.597891
1.47054
-0.527624
0.853193
1.02403
0.639283
-1.36296
1.92621
-0.0224099
-0.450907
-0.522589
-1.02846
0.830553
0.19327
2.01841
-0.444735
0.0252876
-1.54652
-1.46755
0.203102
1.29591
-0.766238
-0.0306158
1.17897
-2.17731
-0.429388
0.983265
-0.597118
1.27469
1.43038
0.342487
1.88665
-0.0459526
-1.75249
1.37214
0.0995815
-0.766978
-0.760486
-0.561266
1.70886
2.30344
0.0799226
0.275062
0.337876
1.57766
-0.0153193
0.306799
-0.476649
0.128774
-0.101983
-0.425396
-0.908582
0.874164
0.27851
0.000614284
1.34373
-0.699443
-0.461994
0.422109
-0.845187
1.644
-0.224468
0.410893
-2.19978
0.883654
-0.795528
2.92194
-0.93197
0.730649
0.866453
0.201272
1.96166
1.11965
1.40778
-1.547
0.566717
2.42646
-0.696019
-0.997668
0.344686
0.111056
0.517181
-0.300293
0.594056
0.018565
0.97355
0.671264
0.211498
-0.862489
-0.714157
-1.33676
-1.33781
0.278959
-0.30272
0.383062
-0.757352
0.452232
0.989767
1.70756
-0.370619
1.17908
0.347778
0.138417
0.702877
0.344579
0.340158
-0.793533
-1.64539
-0.578747
0.236876
0.326194
-0.839337
0.106591
0.755258
-0.223593
1.60324
1.97676
1.16585
0.532535
1.8163
-0.408868
0.405208
0.00381947
0.926892
-0.296758
0.0783298
-1.23512
-1.17593
1.72871
0.570963
0.823858
1.27504
-0.0689912
-0.990591
1.47534
-0.233063
-0.589788
-0.555367
0.445619
0.445862
-1.53156
-0.0845338
1.15214
0.641928
0.46363
0.331017
-1.45178
-0.860145
-0.348959
1.19893
0.378092
0.817712
0.710446
-2.0134
0.161257
0.168064
1.24957
0.0308794
0.181717
0.657895
-0.157399
0.738
-0.365205
0.750164
1.23847
-0.32134
1.08382
0.407209
-1.63402
0.405489
-0.0167423
-0.298503
0.349053
-1.66927
-1.21948
0.128642
1.7925
-0.63399
-0.212327
0.0894366
0.409542
-2.05346
1.10937
1.33975
-1.08662
-0.494161
0.326965
0.415654
-0.544439
-0.789405
-1.58597
-0.858758
0.516727
-0.813848
0.529967
0.441145
-0.444702
1.28653
-0.477331
1.74221
0.589455
-0.999873
0.84119
0.939643
0.78706
-0.353657
0.308731
0.217257
0.0442993
-0.727606
0.172654
1.16887
0.357201
0.240149
2.00136
1.62738
-0.19741
1.43249
0.389415
0.800621
1.29291
0.102414
0.986942
-0.730797
-0.316637
0.303601
0.171954
-0.637499
0.672259
-0.0742047
-0.394657
1.55777
-1.61997
-0.375501
1.60124
1.6288
-1.44319
0.7563
0.252043
-2.05798
0.515606
0.653582
2.14142
0.468194
0.067721
0.864994
0.346324
1.82866
0.779125
0.259146
0.507098
-0.714451
-1.0844
-0.671166
-0.10839
0.343605
-0.377698
-0.0369717
-0.462592
-1.37477
-0.370708
0.0789928
0.185318
0.733952
0.303452
0.0348823
-0.684243
1.72804
2.03757
0.366581
1.66704
-0.956318
0.218596
-0.103275
1.45504
1.05668
1.37886
-0.482478
-0.388958
-1.10167
-1.32896
0.0740496
-0.515459
-1.27041
0.635933
1.5181
0.840134
0.452768
-0.0813859
0.0520238
0.173724
0.478816
-1.81009
1.22266
1.33876
2.91591
0.682671
-0.97104
-1.92334
-0.308407
-1.08962
-2.29541
0.441784
1.34137
-0.539707
-0.308084
1.00737
-1.11036
0.44118
1.46339
0.747923
-1.37143
0.156156
1.8096
-0.188465
-0.68625
-0.917457
1.28506
0.0918633
0.0154812
-1.16076
0.160594
-1.0942
-2.14906
-0.122394
1.23804
0.667674
1.67258
-0.239454
-0.0259223
0.370662
-0.553767
-1.34108
-0.69857
1.49926
0.404639
2.13461
0.202314
0.0824512
-0.555811
-1.15823
-0.784133
-0.657313
-1.89378
-0.654208
-0.293043
1.25529
0.402529
-0.97295
-0.41247
-0.259359
-0.653025
-0.622863
-0.749608
0.593637
0.77616
0.247674
-0.734575
0.00967503
0.823984
0.210835
-0.892252
-0.241118
-0.417784
0.510109
0.351553
1.73318
1.48624
-0.656245
-0.944152
0.660475
-1.25335
0.0747114
-0.149583
-0.944847
-2.41401
-1.43275
-0.853264
1.24185
1.34777
-0.398131
0.316458
1.00656
-0.407853
-0.707503
-1.02068
0.202236
0.0860717
-2.43689
0.016132
1.04505
0.197878
-0.29479
-1.41266
1.03484
-0.612056
-0.772906
2.978
0.159863
-1.32856
-0.70539
0.25657
-0.524707
0.672792
0.824761
-1.12767
0.447392
-0.895395
-0.790242
0.533947
-0.0342494
-1.28691
-0.126914
2.0745
0.221085
-0.288567
-0.224968
0.175636
2.30521
0.92778
1.60949
-1.07652
1.05286
0.81896
0.580188
0.4457
0.492007
0.991488
-0.275078
-0.0983858
2.44513
-1.61357
0.288321
0.454978
1.26023
-0.0263486
-0.48924
1.88783
-0.21713
-0.591106
0.491952
-0.620245
-0.255127
-1.31351
-0.776377
-1.75444
0.607027
-0.740788
0.224973
0.807513
1.32465
0.736895
-0.359073
-0.0118938
-2.24991
-1.29133
-0.633299
0.174459
0.382971
0.960563
0.30288
-0.0454232
0.405935
0.828736
-0.114533
0.61353
-0.314752
0.746479
0.0405044
-0.820029
-0.468186
-0.361648
0.172719
-0.696573
2.38564
0.930849
-0.731665
-0.281011
1.27007
-1.25026
0.00635094
1.19286
-0.231626
1.15764
0.134504
-0.228604
0.601743
0.522286
-0.333775
0.944048
-1.16755
0.219797
-1.20742
-0.724566
0.731643
0.562936
2.24908
0.607507
1.43771
-1.3018
1.17778
0.268844
-1.31754
0.299955
-2.22155
0.361209
0.457616
-0.273717
1.4911
-0.939148
-1.0435
-0.0597081
0.768377
1.53603
-1.4931
0.0940732
2.21017
1.10893
-0.948478
1.47841
0.816073
-0.0178986
0.318386
-0.631054
-0.276546
-0.188338
0.36294
-0.5701
1.48132
0.826046
0.888618
0.844559
-0.817951
0.46853
-1.37317
0.530975
0.881281
0.690377
0.699362
-0.171212
-0.78074
-1.17197
1.34212
2.94297
-0.213093
0.83885
1.41971
0.684322
0.0525178
2.36369
-0.865172
0.782243
-1.0563
-0.281752
0.354708
-0.730373
-0.0535801
0.822224
-0.159834
-0.193377
-0.891112
-0.214268
0.765315
-2.51216
-0.221238
0.289033
0.463616
-0.425916
-0.578978
1.5575
-1.03337
0.631049
-0.62128
1.19149
0.275376
0.0157885
0.571482
-0.687911
-0.1368
0.998578
0.996594
-1.17289
-0.535402
-1.02678
-1.29525
0.830672
1.89862
0.0758641
0.305077
0.940259
0.113279
-0.659818
0.587502
-1.0134
-0.190686
1.3225
-0.941366
0.0146296
1.85585
-0.465725
0.661711
2.35365
-0.572215
0.305725
1.24537
2.08243
-0.838563
-0.110107
0.844637
-1.52808
2.18991
1.44697
-1.17338
-0.33682
0.900791
-0.303988
0.511849
-1.50937
-0.514075
0.792737
1.39414
-1.32986
0.747888
-2.69285
0.377113
0.372232
-0.289179
0.0367847
-0.425705
0.192177
0.656844
-0.00516592
0.637635
0.497242
1.25003
-0.172822
0.123668
-0.247444
-1.05374
0.190279
-0.0539286
1.96553
-0.814156
-1.15063
0.642613
2.1211
0.393917
-0.854759
1.45481
1.92222
-0.470403
1.01862
0.435901
-0.0731769
-0.510885
-0.0674053
0.453357
0.929635
-0.53875
-2.39076
-0.479148
2.09352
-0.549531
0.928906
0.82954
-1.22484
0.97188
-0.199355
-0.487585
0.406098
0.151021
0.434412
-0.13191
0.146099
-0.389749
-0.887886
-0.476065
0.15938
0.312775
1.11828
-0.995067
0.444218
0.902825
0.538381
-1.07727
-1.02289
0.517264
-0.263894
-0.366686
0.573832
0.359824
2.22788
-3.9141
0.212475
-0.321642
0.574894
0.463575
-0.420743
1.28688
-0.261762
-0.027284
-0.164464
1.17883
0.559426
-1.06336
0.763587
0.243605
0.699317
0.144089
0.944442
-1.02367
-0.283805
-0.70699
0.329868
0.0466422
-0.647046
2.71505
-1.11528
-0.355455
1.18127
-0.46537
-0.556972
-0.407809
0.315775
1.05247
1.33232
-1.21445
-1.30957
0.243436
0.426799
-0.314049
1.3002
1.11352
-1.03839
0.000749991
-0.530683
-0.0357492
0.385379
0.438699
-0.138529
0.508441
0.132481
0.400761
-0.52947
0.1621
0.600917
-0.658916
1.86657
-0.19429
0.283086
0.0299469
1.51012
0.80316
-0.411534
-0.319449
-0.43323
-0.771088
0.0134119
-0.446531
0.341673
0.209994
-0.199364
-2.16442
0.424606
0.293731
-0.837327
-1.39975
-1.03715
-0.157947
0.084472
0.963311
0.550734
0.641959
-0.235719
-2.57808
-0.966634
-0.898135
0.151148
2.03052
-0.841085
0.0350567
-1.91921
0.561451
0.136844
-0.182313
-0.984543
-0.244314
0.775729
1.17154
0.735764
-0.686314
1.88727
0.920738
1.5206
2.08875
-0.216491
0.25439
-1.67797
-0.704975
-0.273066
-1.77823
-1.73265
-1.53865
-0.0042468
-1.20206
-0.119522
-0.426019
0.649052
-0.415915
0.910825
-1.91966
0.429542
-0.108016
0.195857
-0.172718
0.134958
0.435389
-0.91189
1.13818
2.16921
-2.97878
2.22478
-0.233649
1.20763
0.930783
-0.276372
-0.258564
0.302676
1.00789
1.31086
-0.442773
0.233346
0.314357
0.724912
1.27394
0.488578
-0.81622
-0.461469
1.08428
0.545317
-0.548353
0.478369
0.427106
0.937477
1.11206
-1.432
-1.16602
-0.0476508
1.40181
0.0797238
-1.02479
-1.19339
-0.828363
0.176991
-0.449274
-0.181256
0.498417
-0.036972
-0.350195
0.0515924
-0.479107
-0.901
0.715112
-0.729848
0.644289
-1.0826
-0.662246
0.0117388
1.00259
-0.188944
-0.438321
-1.77492
0.577266
0.182633
-1.12371
-0.25065
-0.0306647
2.39389
0.547954
-0.232925
2.87621
-0.483081
-0.675665
0.267629
-0.445654
-1.20552
1.07091
1.10468
-0.373459
0.295803
-0.869349
0.396865
-0.216688
0.238269
-1.02936
-0.0539351
-0.729819
0.417425
1.07251
0.179258
0.978571
1.61969
-1.29707
-2.81847
0.818527
0.23977
-0.17989
0.777705
-0.168011
0.20074
1.73889
1.68597
0.455292
0.217625
0.289984
0.210995
0.20352
-0.049204
-2.28178
-0.190479
0.904256
0.15209
1.89532
-0.599321
-1.20298
0.615105
0.023469
-0.242132
0.467016
-0.588826
1.17614
1.47291
-0.709491
0.666772
-0.801305
2.55038
-0.604586
-1.05525
0.243271
1.73918
1.14302
0.377087
-0.0813958
-0.981927
0.227456
0.135558
0.551403
-0.670364
1.43584
1.18597
-0.540699
-1.0735
-1.36681
-0.257164
0.519085
0.00767758
0.390689
0.358781
1.43223
0.303524
0.40522
1.44898
1.06988
-0.32004
-0.821412
-1.33078
0.7943
2.47021
1.41863
-0.507853
0.650842
0.676932
1.43942
-0.315131
0.751975
1.46675
-1.69536
-0.373263
-0.998068
0.148584
0.598089
-1.06618
1.35294
0.761359
1.09863
0.488267
-0.260987
1.07633
-0.00457895
-0.475337
-0.3737
0.242303
-0.131345
2.26022
-0.133433
1.08677
0.907383
-0.596489
0.401851
-0.63779
0.130494
1.77631
1.33087
0.0589023
0.21968
1.03874
-1.21279
-0.15006
-0.567051
0.971751
0.171191
0.211366
-0.261465
1.58612
1.25639
1.28235
-0.575242
0.94056
-0.145889
-0.503314
-1.40529
1.13194
-0.477098
0.563317
-1.68459
-1.14812
0.385524
-2.05657
-0.0622409
-0.196589
2.70438
0.366025
-0.225787
-0.745174
0.159178
1.37331
-0.149303
-1.07888
0.044245
1.12051
-1.38053
-0.450029
-0.912219
-0.0436377
0.0803161
-0.237997
0.557805
1.48958
-1.17038
0.507542
1.36736
0.179986
0.760908
0.987081
0.265944
-0.27042
-0.564763
1.443
0.325311
-0.454229
0.405611
0.863831
1.02102
0.548313
-0.150539
0.571582
1.05974
-0.0388182
0.439819
-0.149945
-0.2473
1.46826
-1.04849
-0.681088
1.22646
1.07051
1.49836
0.69154
1.1907
1.74283
0.631247
2.33604
-0.17406
1.42028
-0.0733923
-0.32836
0.121413
0.541003
1.2572
-2.50594
1.75034
-0.341741
-0.328855
-0.34165
0.787044
0.503918
0.448973
1.24937
-0.0589427
0.145392
0.210065
0.0785489
0.410134
-1.17597
-1.2418
0.575659
0.0847008
-0.66978
-1.07665
0.00496184
-0.254112
-0.176464
0.0519464
-0.686251
-0.525211
-1.58709
-0.919694
0.505185
-1.02621
1.05549
-1.19734
2.29986
1.72831
0.628473
1.35149
-0.248412
-0.355813
-1.23443
1.04335
-0.643198
-0.064208
-0.199834
-0.256312
-1.68546
0.238055
0.727422
1.4512
-1.43004
-0.554589
1.06802
-1.38801
-1.65744
0.435031
-0.710028
-0.57771
2.38098
-0.0827858
-0.615618
0.08768
0.141858
1.96914
-0.794628
0.130369
-1.06811
-0.106918
0.229129
0.00757518
-0.168877
1.28824
-1.16106
0.330589
0.308516
-0.845651
-0.261066
-1.48733
0.282684
1.28794
-1.52513
1.77484
-0.855848
-1.14483
-0.0250005
0.696418
-0.0105042
2.09074
0.0811266
-0.123056
1.36101
0.634382
-1.37688
0.158527
-0.670354
-0.498304
-0.102021
-1.46381
-0.117851
0.335397
-0.417797
-0.439087
0.140842
-0.0614601
-0.103981
-0.9127
-0.0174333
-0.329961
-1.51802
1.2034
-0.263011
0.647167
-0.0276813
0.274685
0.625802
-0.332979
-0.577823
0.235104
-0.0782727
-0.18938
0.919028
0.130621
-0.660902
-1.3734
-0.740004
