5000
5.39538
2.70317
1.74669
2.67556
1.54872
5.42226
3.29367
5.38668
5.09385
5.60836
5.33706
6.9605
3.38186
4.07793
6.13608
3.29166
3.94573
4.95198
3.70037
5.16845
5.41092
4.36281
4.85929
5.10913
4.87583
5.11651
6.94233
3.28503
5.18548
2.65308
2.08213
4.04927
4.44701
2.2286
3.72477
5.88167
5.20455
2.32742
2.9136
4.46497
2.99129
4.18488
1.20673
5.47376
3.85491
6.06651
2.01229
2.31994
0.912383
4.44547
3.90489
2.47384
4.75099
5.64407
5.23357
3.00701
5.55326
1.31851
5.44002
4.78037
2.67639
3.33796
5.66498
4.37891
3.40995
5.7078
0.142646
2.41472
5.56883
3.67178
4.13961
2.56274
5.02709
5.06587
3.40065
2.4348
2.73615
1.42776
2.53008
5.64329
4.47812
5.06927
-0.123833
5.30705
2.87629
2.95435
2.65569
7.3337
2.91232
1.63412
2.45425
7.05654
1.75114
5.63063
4.28562
4.38301
3.74301
5.45431
5.01675
3.45731
3.68453
4.62215
5.74102
3.95963
4.59867
4.78652
4.20008
4.3994
3.98716
4.41537
6.11123
2.65885
3.5919
3.45004
1.20601
1.32336
6.02216
3.11888
5.86895
1.10668
5.37385
5.74113
5.20701
5.85999
3.13379
5.47154
0.932939
5.09025
5.84166
1.29737
3.34554
3.79371
2.57405
7.08332
6.17171
3.77633
3.44449
3.71055
3.75567
3.77083
1.69785
5.34772
3.58467
3.76469
3.43232
4.39057
5.23959
4.562
8.91801
5.57769
3.99915
3.80388
1.38772
0.656954
3.36504
2.90443
5.68373
3.09813
1.73266
5.04398
4.53837
5.24839
4.54421
3.00419
2.95052
3.02239
1.99593
1.70726
6.13613
2.23532
2.5345
3.51829
6.3339
5.52822
0.518266
2.7309
3.33436
2.81722
5.04327
3.10791
3.01794
4.34359
3.99677
2.82322
2.05148
4.33606
4.02765
2.17428
5.36411
3.41537
3.10778
3.92573
5.3178
2.8952
5.89531
5.65238
4.79101
5.43119
5.17995
3.28603
3.42951
3.57611
3.1585
1.67859
3.60108
0.656507
4.2994
4.67866
3.13913
6.13392
4.66083
3.22699
5.22306
4.29315
2.5597
3.09237
5.35311
5.80611
4.19671
2.24421
6.09153
5.03704
3.96819
3.80537
4.02989
4.43259
2.40733
4.19376
6.06364
4.56186
0.497246
5.01472
3.76559
7.97891
1.2751
4.12816
3.02828
3.79344
2.83591
5.28067
3.753
2.20437
4.48451
2.67722
2.9318
4.62789
4.77387
4.30246
4.36758
1.8638
5.42276
4.31443
4.16048
2.17133
4.51545
3.34924
5.86343
2.3471
2.51131
5.9159
3.22637
5.17676
1.83425
6.54087
3.07453
2.82236
4.05795
5.71869
4.09595
8.05264
2.39187
3.54857
1.19461
3.5796
4.38625
3.53516
5.18534
4.68428
4.10502
3.45322
6.7242
4.38931
7.02741
3.79168
6.73939
5.90609
6.29509
7.09143
3.39735
3.37337
1.86809
5.13818
5.13446
3.64817
1.88889
7.17149
2.5139
4.30917
2.40083
2.95584
3.51971
4.38672
4.38991
0.413103
6.63591
5.09204
3.18471
1.21386
4.11193
5.85073
5.55229
8.49849
3.14581
2.10572
5.69564
2.31452
7.13676
3.55806
5.07362
3.08371
4.29213
5.46823
3.51714
4.61354
2.27166
4.82379
5.76219
5.57633
5.95894
4.41379
2.53918
5.66337
2.49859
3.73282
2.80568
4.06343
4.20295
6.85098
3.80367
2.75508
2.72868
4.32139
5.27572
2.48032
4.91333
2.53014
3.62378
4.8507
1.9302
2.78583
3.21079
2.66997
5.2131
6.47839
2.71052
3.8003
5.08758
5.85085
3.32098
3.82486
2.5482
5.37834
2.92626
4.23246
4.34592
3.77929
5.07473
4.01551
1.84428
4.9901
5.80648
4.53681
2.92548
3.36673
3.29725
3.38682
4.76446
4.21256
2.03212
4.92925
2.36723
4.85691
3.38177
4.85432
3.47492
6.37855
5.05208
3.86266
3.85377
3.43935
5.94855
5.03674
4.03003
5.07781
1.16852
4.7368
2.78195
1.68017
2.58355
2.79534
4.17195
2.73573
4.01829
3.17774
3.86607
3.46437
6.31836
4.75215
3.79701
1.84615
5.11986
1.87987
3.91494
5.6481
3.3537
5.66362
2.09386
3.72982
4.13834
5.38369
4.28032
3.31156
4.20468
3.1371
4.71038
5.05411
3.90674
2.83285
3.64204
6.0845
3.53385
5.29982
5.07421
3.08343
3.66867
2.9051
2.34734
2.15671
1.49519
5.80115
1.81674
4.45873
3.14306
4.00615
5.29382
3.43935
3.56283
2.43686
3.72798
4.67293
2.82531
7.49722
2.72682
5.53595
0.721026
8.16734
3.66556
2.92877
0.988205
3.61908
5.1786
2.50184
3.47072
3.41901
5.20967
3.30604
3.94809
2.84894
2.81594
3.76057
2.14247
0.459565
4.38541
5.37537
2.37422
6.51656
2.07595
6.94342
4.37205
4.0997
1.29014
3.64237
3.22132
1.17288
7.07915
5.66894
3.84145
4.74266
1.62445
3.6619
5.65848
6.51172
4.22193
3.79023
1.43356
6.30095
1.33723
3.41156
4.97146
3.61304
1.98715
5.28401
3.43509
3.08818
4.61974
0.0536857
1.84271
2.35856
5.02099
-0.0991079
3.314
0.993111
2.42732
2.73355
1.34772
2.11943
6.06763
4.40544
3.04085
3.27993
4.89164
5.06039
4.26157
3.55548
2.54948
3.26134
3.10943
4.01279
3.95001
4.28607
4.06036
4.74101
4.56222
2.71686
3.78273
4.03124
3.94551
3.59798
4.02395
5.06006
5.08998
7.02094
4.98992
1.5549
5.51002
5.30911
6.04355
4.1251
7.64309
1.63154
2.2986
5.81698
2.85179
6.55335
5.49427
3.74288
4.86765
2.49171
6.83518
5.47992
5.30123
4.31653
4.6455
1.49117
4.08742
2.23747
3.83142
3.24131
2.8533
6.30137
2.80121
3.81778
4.35877
1.10691
3.92189
5.42348
4.62915
3.03744
4.28333
4.65343
3.6301
3.62221
5.84294
-1.05337
2.82253
4.84349
3.48354
7.13875
5.81721
3.66832
5.45636
2.99766
2.27435
2.1544
4.35349
3.06746
2.5809
6.44409
5.08225
5.88536
1.89297
3.61605
2.44243
2.60401
3.23423
3.07081
4.22653
0.934861
3.7001
-0.274493
4.60548
2.76015
5.03933
5.22041
3.60637
2.85554
3.16356
4.92468
2.95863
1.70049
2.95446
4.85773
2.44613
2.77919
2.18433
2.95322
3.51912
6.7619
6.58817
4.7161
3.85284
4.82727
4.98838
4.56708
2.4305
4.62634
3.29641
4.78326
4.53922
4.35152
3.60037
3.32752
3.74663
2.9916
-1.0702
2.44278
2.27885
4.56492
4.8646
0.689349
4.81193
4.47216
1.26968
4.55083
4.11814
6.48092
4.2225
3.23171
3.76283
4.78076
4.08222
7.1004
2.69843
3.54779
1.54147
4.15593
4.12819
3.26301
5.91209
3.7449
4.7866
4.16832
7.30478
4.28546
0.0225217
6.87863
3.51199
4.77737
1.90541
3.38955
4.20557
2.86451
5.91588
3.91597
2.50003
2.32814
4.14425
4.59919
5.27724
6.39929
4.3846
4.08314
2.41526
2.49161
6.40387
4.22022
5.30189
7.44614
3.61334
4.29147
2.58667
4.14647
5.02995
6.11121
4.26974
4.69159
3.09257
4.98863
5.46956
3.596
4.34486
3.14488
3.39356
2.42951
1.58847
4.0225
8.52142
0.414692
5.19798
4.00908
4.14397
2.66057
4.13112
1.68972
3.75343
2.7818
7.0345
4.80442
2.5148
4.1838
2.55188
8.18268
3.32113
1.68628
4.54543
6.1155
3.45926
2.96524
2.61867
2.57612
4.984
3.66751
2.93203
3.85763
4.01415
4.46123
6.16404
5.24534
4.62375
2.52044
4.96745
4.93223
5.05509
2.38147
3.11966
3.51269
0.832319
3.89023
5.18763
5.96567
3.9052
5.92301
5.01026
2.60978
3.93819
3.65173
3.73198
5.87358
5.93245
4.2436
2.0278
3.28703
4.90283
3.78735
3.19186
6.28533
1.62516
4.25837
5.38552
2.14831
4.78976
1.18623
4.94712
4.27918
5.66051
1.12144
4.5473
4.46251
1.93871
2.71402
2.12439
3.66789
2.55392
4.29272
5.15981
2.80104
3.47195
2.24642
4.64457
4.04431
5.81672
3.87243
2.29719
4.20898
3.50546
2.67748
0.172579
5.49218
4.92813
4.40934
6.80999
3.07091
7.23061
4.14656
1.31233
4.65605
5.69144
3.45857
4.11983
5.2399
1.42811
2.12888
4.63327
3.50315
6.99786
2.72906
2.96151
4.53605
2.02188
5.68427
2.30283
1.92226
5.67339
3.62908
3.43794
5.41213
4.87513
5.69338
3.40494
1.4183
4.80389
3.39183
4.79615
4.96171
2.66886
2.85724
3.41311
6.23365
4.0828
3.49934
3.75789
3.35194
3.63147
5.49286
5.618
3.30166
1.83808
1.74513
5.11748
2.60214
3.94793
1.37489
4.96574
5.14646
4.39403
4.69105
4.5661
7.602
6.0297
5.75937
3.37415
4.08833
6.27178
4.12894
1.76281
4.13539
3.27315
3.3475
4.26515
2.60632
2.86994
4.28955
2.97413
3.15946
5.81611
4.07647
7.74631
5.87996
3.24215
4.67823
4.88823
2.73499
2.52929
4.55013
4.4121
4.68654
2.16659
3.97338
5.53478
3.73293
4.44422
2.29173
2.96435
6.04523
3.61228
3.96989
3.94889
5.40251
4.67074
5.31937
5.82111
5.19408
4.14049
4.52305
3.62436
5.60265
2.74716
4.35455
5.34908
3.71421
2.48762
4.49741
4.05532
3.12926
7.31012
2.47095
3.93958
1.77823
5.29388
5.86722
7.23001
7.44248
5.44134
4.87223
2.07801
3.28723
4.723
4.1297
2.1932
2.20825
2.20989
4.45587
5.29596
7.16899
3.08146
0.549585
3.73194
3.91161
1.75784
4.20089
4.00888
3.83376
4.35253
2.05404
2.23012
3.36561
6.01212
2.03282
4.74446
3.72713
5.11797
5.47039
5.61885
2.29407
5.33218
3.57015
0.312235
4.91035
4.98367
4.0765
3.87143
2.65133
1.69915
6.20589
4.51831
3.6454
2.39236
1.44264
6.73642
3.03619
4.00266
5.90257
6.02506
3.74014
3.19212
4.25962
2.66569
0.767542
2.90801
2.31199
5.10868
3.60094
4.1266
3.30279
4.45239
4.6607
4.28085
1.72686
5.01534
2.40456
5.43731
3.77384
5.94646
5.2466
4.24149
3.18536
4.46968
6.09119
4.57419
3.49944
2.7866
4.83689
5.20323
4.22864
4.06535
3.73368
5.97931
6.86619
5.6539
4.48319
4.79159
2.40775
4.80276
5.42385
7.34062
3.38403
3.54845
3.52099
3.92179
3.93505
4.38082
-0.890955
3.38232
3.13921
3.5809
5.80092
3.73205
4.70373
1.8126
4.78291
3.45597
2.09032
6.43659
4.40413
6.29105
4.52196
3.61132
6.05941
2.02603
2.66038
5.37584
3.82508
1.06489
7.01148
4.00794
3.72281
2.47148
6.07985
3.25591
2.23824
5.44094
5.47364
3.91225
2.73159
5.61061
3.37752
3.96459
5.26314
4.42054
4.12298
2.72314
6.41565
3.33957
6.35584
5.08968
2.67244
4.15849
4.48906
5.32689
3.34796
3.71026
6.83555
2.96769
2.50469
1.79943
2.23991
4.59693
4.11559
3.61599
4.60193
7.34271
2.2516
2.8624
4.34681
2.90308
7.21738
4.69994
4.80494
2.72714
4.23296
4.15319
5.54177
2.67667
4.34126
1.73345
6.2712
4.93184
4.71598
4.2154
4.93704
3.278
4.16536
7.00015
6.76092
5.43054
4.93137
3.98641
1.01571
4.98936
2.87634
2.64637
5.51085
4.72171
4.085
3.93836
1.66396
1.82335
3.10804
2.80908
5.49295
3.584
3.82891
6.81797
5.22733
3.70329
4.01998
6.04786
4.38603
2.68547
-1.25381
2.95883
5.18594
1.79794
5.1504
2.07685
4.65741
2.35826
4.29597
1.13413
2.75351
4.05984
4.45495
2.64396
3.78363
5.48772
4.0523
3.85662
7.13489
1.24712
4.63615
5.85075
5.00058
2.79518
4.72267
5.23779
2.55854
4.6085
3.20101
2.87277
1.65231
3.78114
2.024
4.81096
1.40359
4.55717
3.10046
6.06673
5.25252
4.58816
4.96138
3.47902
5.46115
5.1123
5.2493
4.85702
4.23137
2.48736
2.90903
2.64468
4.01194
4.1837
2.0385
4.76377
3.87179
4.24678
4.81162
3.79982
2.52664
5.68242
2.53015
3.8559
4.01158
5.60146
4.21703
3.28049
3.06486
2.83007
6.55437
4.42893
2.36222
0.85401
4.1746
2.37901
5.41516
5.83448
3.12341
3.44477
3.63157
6.93219
6.16218
3.75961
1.91646
4.60588
1.51645
1.60407
1.33999
5.37139
3.67249
4.71806
2.67961
2.09052
2.30996
3.12387
5.85854
5.21629
1.33784
2.26773
3.32433
2.49942
5.76442
5.04888
4.4438
7.09587
4.3999
3.18555
4.55379
1.14616
2.85589
2.37004
5.99897
3.28002
2.05949
4.15705
3.44132
5.05859
4.20141
7.08214
5.91909
5.02373
4.12976
4.28858
7.02925
5.19937
3.69927
2.46457
4.05862
4.52255
4.87258
4.24352
4.6053
2.17223
4.01846
3.04438
3.80308
5.62342
4.76415
2.93015
4.71193
2.35352
0.7809
5.01239
4.28777
5.58533
3.93237
4.40682
1.68848
7.62552
3.08641
3.16738
1.72787
5.63341
3.77068
5.16608
6.47873
4.43689
3.23516
2.6207
2.91723
2.94917
3.42469
4.85307
5.80833
3.37505
2.27522
5.75495
6.23034
3.62786
5.66074
4.05323
6.79879
4.82512
4.1034
3.48372
3.01947
7.39568
4.84364
3.85799
6.1828
5.72002
3.55465
1.67888
2.06154
3.83946
2.91266
5.26532
3.38466
4.53938
7.2926
2.24279
2.15175
6.78497
2.26839
4.12142
3.14411
4.0033
3.46125
4.29039
3.42222
0.402763
0.30655
2.27301
3.42033
5.45334
1.06208
3.31115
6.56562
4.45645
5.05813
4.97063
4.74547
4.73427
2.50469
3.6841
3.64788
4.35783
3.51901
4.11781
5.45629
3.92753
1.40024
2.59135
3.85723
3.25257
3.74433
4.02722
3.29234
0.705513
3.38623
5.8406
1.55425
7.10837
3.33839
4.58217
6.15789
1.94906
4.63731
3.74889
4.97716
2.39907
2.87934
2.89923
4.38466
4.19113
4.86178
2.01373
4.60351
2.94423
3.30656
2.9637
1.3541
6.0694
2.94293
5.38607
2.98039
3.97494
6.95353
3.80148
3.48788
2.77405
6.2009
6.96401
3.97737
1.90447
-0.0875029
2.1999
4.93568
6.95994
3.96903
1.88957
0.722887
3.58074
1.79285
5.63246
3.82818
5.91964
4.62133
0.814898
4.4957
2.83137
2.79
4.95349
4.77362
6.7145
5.51727
4.20479
3.83666
2.89911
3.51107
4.42219
2.89363
5.06261
4.02789
5.43777
3.56248
4.7875
5.02101
2.70431
4.86132
1.71336
5.00504
2.99953
3.48894
3.29865
2.73281
4.17609
5.97088
2.90419
5.56535
4.40039
1.77714
3.7324
2.24115
5.89184
6.94826
2.87089
4.41631
5.07425
4.96925
2.22909
3.13378
3.60936
2.6261
4.82318
3.84848
4.67277
4.93915
3.91139
2.8208
4.67404
5.81916
1.18001
5.11096
4.35979
1.99953
2.7563
3.83056
1.84541
6.11442
5.34609
3.62922
2.30607
5.67771
1.85483
4.74729
2.86427
3.24996
5.5201
4.55465
3.55083
2.7997
3.64563
4.56844
2.70607
4.94753
3.27801
1.51702
4.38495
3.78298
3.74864
4.35232
4.15356
4.71101
2.21503
4.53659
4.94169
3.85843
6.6101
4.30306
2.52615
7.07102
3.82209
3.60581
4.85453
3.89683
2.40095
2.30976
4.5534
4.29054
4.32484
4.02894
4.22832
2.22342
3.83585
3.44439
4.20795
2.84392
4.87303
2.84749
4.59995
5.87868
2.91635
3.76139
1.6861
4.59316
4.25936
5.14296
1.75025
2.42287
3.3841
4.5461
2.73991
3.61305
4.21852
5.63708
2.33232
1.81078
0.0512724
3.83299
2.38246
3.8319
4.13979
4.08036
1.27902
5.68704
6.33747
3.30903
1.37457
6.19644
4.60836
0.983297
3.36033
4.74387
3.96188
3.8923
1.92905
1.90421
4.326
5.97005
3.73572
3.9354
4.3525
6.62964
4.3428
3.13981
4.68966
5.96607
1.97903
2.48263
5.14547
4.75432
6.41488
1.77352
2.56775
4.22692
4.32205
2.80122
3.35462
3.86474
2.4219
3.34312
2.86586
6.23431
2.99143
6.68424
3.32515
2.26702
6.17302
2.5258
6.593
4.92737
1.83141
4.91983
2.79791
4.27954
4.57882
2.62512
4.9316
7.58358
2.60352
3.72312
1.59233
1.85161
3.62422
3.39655
4.61297
3.643
4.03244
2.17105
5.47722
4.29101
3.82877
4.21067
3.49657
4.75204
3.32191
3.44126
3.53837
3.58231
2.75251
6.63182
5.54272
3.05578
6.16732
4.1747
2.69446
4.05229
3.79301
2.01995
4.00956
5.57371
2.68449
4.2662
6.88604
4.70326
3.57253
5.46197
4.68175
4.93322
4.48185
6.4014
7.19589
3.06678
2.78239
7.33386
2.33076
3.32033
2.95467
7.35767
3.58101
3.25265
2.85323
2.28952
3.82422
3.69883
6.66175
2.99222
2.76995
4.1117
4.69265
2.28675
2.24537
2.60939
1.83029
3.93607
6.4053
2.12184
2.33659
4.75827
6.94912
5.76512
5.71688
1.80638
4.68704
4.56955
3.31365
7.57577
3.46298
5.0001
3.8085
4.91994
1.76051
2.74608
2.2115
5.5454
5.02106
3.19824
5.54273
3.17175
3.80684
4.27693
5.8761
3.41335
1.62831
3.02371
5.46203
3.59982
3.52575
2.04718
4.02825
4.42169
4.62074
3.68131
3.28292
3.61636
6.32798
2.43504
5.09525
3.94563
3.96672
4.95667
2.9321
5.33633
4.50986
4.55919
3.23698
2.67913
4.31959
3.43712
4.57167
3.2714
3.0046
3.97962
4.95815
6.32055
5.58744
1.53689
2.50789
4.08436
3.0709
3.5648
4.23776
3.84735
6.29751
4.23368
4.11491
5.75204
4.60066
4.80647
0.191487
3.20148
4.51302
4.64394
3.06684
3.30411
5.33603
4.58004
5.49959
3.30406
2.9986
3.40687
4.50001
2.99461
5.77842
2.9154
2.85895
2.32439
3.14018
2.32722
6.51565
5.73411
4.99696
3.63584
4.98161
2.46007
2.61578
2.93584
3.47099
7.86381
2.27058
6.65459
3.59298
3.77664
3.73269
0.767348
4.49679
3.4079
3.22266
3.62285
6.67601
3.0298
5.12065
5.25584
2.78709
2.91857
3.1966
4.07845
3.56602
6.4968
5.7131
6.98679
1.17993
2.1096
5.59991
5.73211
4.30618
4.01196
4.40681
3.34569
2.85855
3.42373
3.88258
5.01293
2.62824
4.82013
5.40094
2.39636
2.29885
6.38786
4.34801
2.44467
4.66675
4.76461
3.23068
3.48355
4.36016
3.72331
5.72015
4.52312
5.25485
4.71606
1.72336
3.02358
2.13
5.5141
3.91474
2.81149
4.12417
3.38546
4.06237
4.81473
4.49242
3.38424
5.46388
4.72457
3.43169
4.22354
4.29288
3.7435
4.64017
3.99916
4.06833
1.99423
3.82313
5.16563
3.48776
4.94255
2.65677
3.09978
2.1011
3.06374
2.80318
5.1928
2.38332
1.67337
3.85969
4.26876
6.8081
3.77435
4.08327
3.98956
5.07763
2.52935
5.53593
7.81733
3.77067
6.26994
5.32272
2.78825
2.76589
2.44155
1.63302
4.66545
2.94228
3.71139
4.33028
3.20636
3.60408
3.78761
3.4917
5.36824
3.71498
3.99321
4.41911
6.59087
4.88917
2.54949
6.86166
5.08446
1.8061
4.49445
6.69825
3.08117
5.30625
6.6851
7.44182
3.77072
3.79048
3.69282
4.06813
4.36204
3.24487
3.70802
2.67227
4.50774
3.74832
5.5335
4.52364
4.43184
2.26265
3.21535
3.50598
5.21886
4.85271
1.81864
2.11512
3.24509
1.18052
4.43839
4.06151
4.64787
5.0381
6.79849
4.38556
5.73322
5.06774
2.11275
7.16299
4.25197
2.24781
6.40171
2.29267
6.75197
3.2928
0.286734
2.17868
3.98109
4.59654
4.18563
4.23286
0.978553
3.17531
4.14314
2.28304
1.99272
4.54453
1.13796
3.17089
4.43548
5.48641
3.32671
2.65446
1.60919
4.79216
3.19871
4.04226
3.64472
3.20656
6.04736
4.20242
5.25987
4.10534
3.49574
2.59227
2.61444
3.51169
7.28315
7.20005
3.66637
4.99778
4.71614
5.07336
5.31784
3.51872
2.58009
2.88869
3.26794
2.91182
5.3657
5.62611
0.913739
3.84995
3.12587
1.26405
4.40351
4.33398
4.36283
5.09347
6.53882
3.27444
2.18477
5.01658
3.06535
4.60796
1.91828
2.19867
5.85431
3.70912
3.52069
4.51858
1.78998
5.0198
3.523
2.09466
2.38874
6.11303
3.89628
4.16119
4.60872
3.25034
2.44459
6.17304
3.381
3.81697
3.41877
4.51821
5.58315
4.88158
3.42124
2.68782
4.8044
2.67348
0.953677
3.88756
2.41082
3.59173
3.96633
1.19701
5.92827
3.35226
4.1021
4.56502
2.53285
2.32822
6.95471
3.25129
8.60196
4.61871
5.45763
4.82563
3.1571
5.25815
4.56809
4.52612
4.11686
3.85698
3.24935
3.7557
4.19522
1.43239
4.50844
4.51472
3.18452
3.53444
3.68975
3.80892
1.34483
4.74712
3.58212
4.0767
3.84097
1.08841
5.38967
4.10772
5.18328
1.66977
4.79227
4.47514
6.84917
6.2459
5.04497
5.21541
8.34252
3.87567
4.71712
5.41613
5.19163
4.24313
3.41646
1.68466
4.1459
4.76128
3.09886
2.32695
1.5027
-0.274753
2.37366
2.85031
5.61945
5.01663
5.54932
4.35107
2.4916
4.40047
4.26259
3.65216
3.41322
1.09898
5.31918
5.47935
2.75597
3.113
4.17562
3.55156
4.38227
5.33716
6.89239
3.12148
3.65746
5.97047
6.02783
6.27797
3.30265
4.29886
4.16837
3.86323
3.68378
6.13219
6.61972
5.16225
6.64887
4.78746
4.20293
4.50678
4.01995
3.95522
6.42442
3.15859
2.37794
1.82146
5.20265
4.80416
6.12557
4.4518
4.12929
3.5193
6.11331
3.32998
3.63432
1.63762
4.76546
1.83016
5.58692
2.01198
6.63847
5.32395
2.55563
4.71936
5.90901
5.21881
4.322
3.57493
3.97296
2.29016
2.6398
4.85321
4.28203
4.98199
4.22566
3.30329
5.34419
4.07823
4.15727
2.45026
5.05313
6.80296
5.4392
5.71745
2.23797
4.99191
6.69567
2.97403
3.56864
4.67473
3.68967
2.54349
3.7833
0.649298
5.85159
3.97089
1.38042
4.21759
4.6725
1.95014
2.70091
3.33373
3.77556
5.56904
3.25253
3.23629
5.28494
4.1185
5.73918
0.47356
4.93444
4.11428
4.65577
4.78106
2.7013
4.62817
4.24216
5.42835
2.49365
2.02484
0.953743
4.1322
3.45661
1.44076
1.56183
3.58438
4.14683
3.53384
3.58836
4.89436
2.21388
7.23685
2.41861
5.74777
3.06418
5.81083
3.40171
2.66921
3.11036
2.23738
4.12805
4.58324
4.08011
1.99378
4.65577
2.85499
3.95916
2.76636
5.48222
3.19409
3.55023
5.63679
3.66231
3.41663
3.90188
5.26624
4.99048
4.64891
4.41936
4.34784
8.0574
3.86801
6.92075
5.95409
2.60807
7.45797
3.93451
4.0045
4.47853
3.85316
3.23057
4.0958
2.5039
2.41827
5.52279
6.71698
3.44321
6.16496
6.26118
5.93116
3.07795
1.75923
4.95711
1.58292
2.18903
0.907514
4.79092
3.28669
5.67003
2.38644
5.59147
3.85407
0.88097
2.39169
4.80795
5.0759
4.44777
4.45788
3.70329
4.47313
5.85791
4.24645
5.57049
4.35954
3.56899
2.54358
3.55046
3.53773
0.846594
5.55244
0.622433
5.42826
4.67849
3.41713
3.0181
5.56939
3.68549
4.73882
4.33278
2.84815
3.70153
1.27743
4.06489
2.94461
5.75808
3.66179
4.36002
4.73207
1.77418
3.2183
4.59502
4.00194
2.73286
4.53024
5.24952
2.12504
6.91016
3.92867
3.56508
2.21918
4.73622
7.89278
3.8611
4.18838
2.22512
0.625505
5.8956
5.47726
4.90328
4.01211
4.66409
4.91825
3.43958
2.1066
5.94829
3.00525
2.42974
2.00995
5.21335
2.9351
6.83154
6.89087
6.56963
3.23808
5.43807
3.2695
3.00912
5.45647
5.15742
6.89754
4.81967
3.70525
3.0744
3.98528
3.60264
4.0259
3.4188
2.01792
5.41489
4.43886
6.08399
2.35729
3.68068
1.46509
3.26743
4.97134
4.51722
2.31095
4.97976
4.35097
6.97762
3.96003
2.53312
5.87457
3.15585
4.65725
2.31421
3.16601
0.768499
4.51474
6.00823
3.74174
0.503905
4.02737
2.37061
5.06128
4.20651
6.85621
2.04191
4.37917
4.59317
2.14037
4.2654
6.73108
3.64093
2.80767
3.5205
4.35745
2.51335
3.84914
6.02321
4.54233
4.70187
3.96591
7.28117
2.30189
3.7051
4.67079
4.43048
2.44129
4.23693
4.4175
6.18695
4.9967
4.37985
3.41715
3.56042
4.74283
2.2157
4.18386
4.92615
1.15097
4.21793
3.87602
4.38368
2.56442
2.85247
4.83195
5.51355
7.98655
4.66473
3.04171
3.6517
3.46685
4.41496
3.89605
5.4975
5.23551
4.9551
4.62397
3.5795
4.34294
3.69426
4.31273
4.01971
3.2885
5.70727
2.23278
3.59234
3.64848
5.83699
6.67687
4.77313
3.50645
3.25364
-0.0036442
5.18446
5.31139
4.27371
4.57833
5.63229
2.6464
1.98497
6.58035
4.463
3.67841
4.43807
2.894
2.86698
5.6793
5.52187
0.986302
3.1048
4.56105
1.38747
4.46484
4.95847
4.66107
4.28507
5.77968
2.07379
5.22305
2.39353
4.26059
5.57214
4.98495
4.17054
3.58555
3.70077
3.54471
4.95055
4.74596
8.62308
5.13065
2.75993
5.06768
4.97281
4.49733
2.00649
7.34827
0.706981
3.50144
6.07795
4.25539
8.34363
4.49688
3.27666
5.15727
1.99635
2.86555
4.61975
5.32437
3.76171
4.03104
4.59606
5.57472
4.87678
4.42809
4.82215
4.24269
4.32463
4.07194
2.26137
3.69422
3.36672
3.07421
2.66237
4.07661
1.94683
1.11926
3.88595
7.45677
1.70708
2.71528
2.20421
6.28889
4.86619
4.17447
4.34447
3.81386
1.90788
2.61483
2.40398
5.78497
3.28473
3.93736
5.49991
5.10442
5.35619
4.94763
4.04019
3.47475
2.6303
4.80545
7.48228
1.47888
3.82026
4.22532
4.33786
2.79873
1.49457
4.33946
4.32358
6.07826
3.84227
3.72202
3.01931
4.43489
1.41862
1.99589
3.69362
3.06905
1.91854
3.22019
3.66185
2.82204
2.62711
4.729
5.92595
1.5814
5.04045
2.18548
3.2875
2.68792
6.28069
2.99472
4.55425
1.83931
3.58363
3.50367
6.08895
5.22704
4.36734
2.58366
3.14922
3.51082
2.50822
2.5559
4.21355
3.04098
5.70581
6.18162
3.80736
3.20906
6.19024
7.51566
3.37349
4.22718
3.7083
6.43586
4.26337
3.79065
2.56452
6.00255
1.43702
1.56044
3.32102
4.8098
2.13716
3.52309
5.56831
5.52158
2.79545
3.37458
2.79476
2.30629
4.62142
3.48187
4.78918
4.95733
2.6762
2.07792
3.24439
4.12126
2.63821
1.798
3.13168
4.0961
9.25979
3.23392
3.21556
4.76514
3.87063
5.41691
3.80159
4.87328
4.86346
5.87347
5.938
3.85955
1.64516
3.47284
3.01055
2.33348
6.67958
3.52301
4.47185
4.59718
4.27762
2.29394
2.34022
3.08952
0.401088
3.35641
3.76386
4.18984
3.09301
2.31506
4.27323
4.38937
2.57911
3.49161
4.81174
1.79427
5.91573
6.40212
4.46439
4.62064
1.52656
3.44142
3.37023
1.8207
4.78465
6.77714
6.37263
3.59015
8.03447
5.2045
3.25666
4.359
4.60254
3.19651
3.45345
1.9059
3.07018
6.60534
8.31745
2.08382
3.87452
1.93895
5.02555
3.60872
1.16854
3.69212
3.29996
4.98719
3.48299
4.63396
5.01904
2.55852
6.48942
2.01874
1.56422
-0.12671
2.67747
0.553798
4.93241
1.17962
7.18555
2.59938
3.71237
4.35623
2.59146
0.51031
4.14889
4.44151
4.56854
2.51941
1.94245
4.842
3.74005
5.58806
4.2313
5.32843
3.81628
4.75201
6.57179
2.7308
1.89304
3.13636
5.17931
2.396
1.40832
2.25616
3.03749
5.27214
3.73123
5.12432
6.06991
3.73336
2.15904
3.25032
4.50546
4.35566
7.43493
2.94227
3.80031
3.9517
1.53505
4.04882
1.05635
4.84271
4.36935
3.47548
1.85937
5.60719
3.44053
3.93743
5.11247
4.74986
2.73501
3.62496
5.10186
2.44439
3.88602
5.68128
5.17084
3.14111
1.97247
2.51409
1.05205
2.82152
3.22269
1.81205
1.9566
5.71487
3.50736
5.91986
0.776622
7.26807
5.62858
3.79557
5.57207
5.58272
3.22313
4.87892
4.49869
2.41436
3.41276
3.6321
1.823
2.14413
4.76019
1.25886
2.97269
3.42071
3.53019
4.67408
2.57371
3.80192
3.3535
2.38617
2.76432
4.2142
2.67811
3.63451
2.80706
3.51328
5.29687
2.99102
4.57339
5.21215
5.8844
3.28725
4.10982
3.58582
3.90507
6.07173
3.87506
4.35655
4.91163
4.99522
3.44282
5.792
2.83393
5.5241
4.97447
4.82449
5.45741
2.49414
4.19644
2.92351
5.92342
2.83943
1.16375
5.56193
5.54835
4.45186
7.25803
5.60526
3.61072
3.27989
4.31231
3.73555
3.24496
3.10599
4.51673
6.13317
1.24165
4.73132
2.37575
1.19194
5.65721
5.0088
6.54077
2.29093
4.38295
4.18851
6.32394
3.03979
2.14703
2.97177
3.84013
2.96263
3.87382
3.55547
2.81303
4.76696
7.02521
3.11298
5.14894
3.93412
2.7192
1.83538
4.74457
4.32006
4.43921
3.65291
4.11875
4.43135
3.87489
1.22971
5.60927
5.78742
4.44844
4.32633
2.77004
3.68499
3.30004
7.82489
6.16585
1.38237
6.70615
2.32093
7.04855
2.42704
3.50938
5.25398
7.04405
4.88386
3.07678
3.65124
2.65936
5.54647
3.71919
2.5065
3.77417
2.98104
6.07243
4.09966
-0.0619585
4.336
4.42276
0.764495
5.90555
5.0546
5.06008
4.44592
2.51077
4.08012
5.30275
3.58755
1.82501
3.45031
1.46998
2.8706
3.95067
5.99454
4.11222
4.09847
5.93709
3.45684
2.00174
5.36126
6.73897
3.65566
2.83826
3.84896
2.44871
4.9663
3.98185
3.24354
2.73383
4.89392
3.7282
4.2535
5.45849
2.62332
2.32869
1.14215
4.5666
2.32146
4.08012
2.87121
0.693951
4.84282
5.43307
4.34278
2.27133
4.07513
5.57664
5.48675
4.89032
4.47191
5.01969
2.53406
4.87888
4.39648
4.16938
5.40002
4.78916
5.54687
3.6908
4.8997
5.63258
7.06719
1.99811
2.67239
2.71726
6.00923
1.51972
5.75099
2.7043
5.67833
4.12531
4.58114
3.2142
5.90385
3.99587
2.765
2.67552
5.779
3.42704
5.19356
4.36027
2.16939
1.91765
5.48824
4.66858
4.71917
4.78083
3.66926
2.08615
3.7456
5.31085
6.216
5.68108
6.0655
1.01734
6.07181
4.81142
5.22423
6.07555
5.65213
6.76722
1.30297
5.44933
2.85084
3.75879
5.47707
3.30369
2.69957
3.60554
4.62887
1.81048
3.34591
2.96252
3.92459
2.8355
4.28988
4.99559
5.47208
4.34481
3.48706
4.70762
3.1558
3.67436
6.8987
2.91715
4.15159
3.93965
4.05283
1.96094
2.87809
1.78374
2.17289
2.61023
5.4722
2.29236
2.35274
3.6096
5.9458
2.22153
3.82962
1.96135
2.56487
3.55215
4.1968
4.36146
3.06234
6.94872
5.93405
3.58146
2.20581
3.2916
1.69986
0.603724
3.06861
4.59637
5.0417
2.37654
3.76424
4.59413
5.36519
4.10515
6.21857
4.40128
6.25338
2.8601
2.79105
3.58477
3.74192
2.40398
2.84736
3.31952
3.41008
2.40758
3.19927
6.06102
2.62865
4.60679
5.59333
4.32457
2.34882
7.80127
3.96648
1.6562
5.91399
2.56237
3.86326
2.24561
3.26993
5.05852
5.19539
1.64615
5.78746
3.92649
7.23341
2.12567
5.98237
1.39712
2.96132
6.20277
4.79308
4.0445
1.94955
3.98235
5.82709
4.30954
1.09628
1.47046
3.41387
5.91881
4.34868
2.66966
4.16876
2.46613
1.68575
1.64359
4.19042
5.94148
4.08905
3.25981
5.73884
2.07384
1.74538
3.33484
4.38837
4.78001
4.99898
4.64925
5.19509
2.50146
2.30902
3.26431
2.77496
2.91811
3.24997
3.19132
3.78401
3.19117
2.28357
5.58308
6.02255
4.47841
5.2783
4.62198
2.59493
4.31525
3.78374
4.80106
1.22794
6.11985
0.990375
4.42651
1.15891
3.88203
1.12119
3.40624
4.30035
4.75635
3.29896
3.84239
3.4298
3.96628
5.92622
2.60996
5.24809
4.95642
5.11679
3.80143
4.50352
2.0187
4.85074
5.88538
4.19084
4.2556
6.76532
5.57701
5.54855
3.95498
5.65898
2.90718
3.24464
5.85519
3.65025
4.47037
3.72728
3.7862
4.83718
4.77758
4.23833
3.35707
2.91233
6.02795
5.76297
4.92876
1.07788
2.57797
2.95119
4.38438
3.54964
3.41097
6.44664
2.76932
3.82592
2.31244
2.39289
4.03792
6.62249
5.27538
5.39127
4.6262
5.21777
2.51455
5.08107
3.73556
4.53483
5.97684
4.3408
5.38467
2.85035
4.29294
0.646814
5.53525
2.69703
4.65538
4.4712
2.47801
4.09602
4.88418
4.81451
4.48736
3.5048
5.0223
4.25408
5.98203
4.0963
1.60223
5.29367
2.9645
3.70903
3.8394
1.6651
2.95712
5.29914
4.20179
5.49692
5.57066
5.25579
3.2239
3.104
3.55143
3.71979
5.32956
1.98013
3.70009
3.12673
1.87748
3.42329
3.59827
3.29982
4.77067
2.23071
1.88862
4.8055
3.57188
2.88529
5.09405
1.46754
3.33609
3.74492
5.43465
3.0336
3.3543
3.68144
4.01787
5.17075
5.28484
5.68306
4.01718
2.17604
3.54829
2.05558
3.85773
5.29044
2.49475
1.59043
3.37368
4.60662
2.60226
2.5918
3.58398
6.51169
2.9437
3.53
3.77987
5.85718
2.72279
3.46363
6.69386
3.71886
3.46086
2.31508
3.88924
2.82438
6.66558
3.63399
3.80295
2.05013
4.36124
1.70612
2.79201
4.12792
5.98697
2.98277
-0.0525405
5.31877
3.62141
3.10056
3.17996
3.30609
6.22004
4.33
1.75436
5.03807
3.05077
2.91207
3.64998
7.35496
5.71024
4.88065
2.88632
4.88355
4.54384
5.77624
2.05758
4.09872
6.18166
5.97843
4.58525
3.04928
0.906739
4.41883
5.43205
2.51136
2.02009
4.06822
3.37362
5.14457
5.11106
4.20223
4.88853
4.00158
3.29204
4.33872
4.55736
4.91083
3.50007
1.61957
5.04415
6.26926
3.67113
7.25292
3.12226
4.13851
4.96889
0.872365
5.41174
6.13592
2.81988
3.10136
5.64517
4.49363
3.75998
4.49713
3.14281
5.35409
5.19569
4.50052
3.6286
3.64301
3.66756
5.19089
3.08936
2.19168
2.90647
3.36798
4.55275
4.66925
4.32882
2.89616
3.56088
1.84818
3.1131
2.38689
7.95519
5.61882
3.11584
4.01869
2.17069
3.40888
2.48406
2.73094
6.72161
4.48296
3.32538
4.89578
3.38001
4.94382
2.75685
3.97237
1.55998
2.86168
3.62567
4.16207
3.66979
3.94357
4.1264
3.37313
2.44782
4.89573
2.57984
1.92732
3.43179
4.98188
5.26427
1.89604
1.84971
5.74839
2.29071
2.08751
2.10956
5.19698
5.44693
1.51804
2.12218
3.78403
5.22356
4.67323
7.29298
4.03512
4.49402
6.75733
1.15651
1.76322
5.1963
4.956
4.69934
4.79669
6.00942
3.52584
3.17565
3.05944
5.96953
3.89173
4.67434
4.21037
4.66591
3.39844
7.82287
5.49254
0.336583
4.36222
5.00725
5.28705
7.57513
1.86581
3.31233
4.1776
4.34174
5.65292
3.54069
6.54273
4.89759
5.52858
1.53299
4.34899
4.36803
5.40286
4.83534
5.62037
3.58322
3.95931
6.62354
5.76626
6.93334
3.2599
8.30986
4.51331
3.42283
4.01519
4.26591
3.51503
6.56938
4.79306
3.54506
3.63688
2.35088
0.947519
4.09419
5.92224
4.24196
4.88464
3.91474
6.45983
3.56172
2.79101
2.60951
6.30879
3.92579
2.75947
2.47262
3.75053
4.2962
1.89888
2.71838
5.66249
4.42407
2.80448
5.30393
2.18985
3.8093
1.69821
2.67714
3.78859
4.90399
4.41804
3.11374
3.46309
0.620745
4.1501
4.09892
4.65737
2.19949
4.06944
4.1739
6.62847
2.66498
2.08122
2.08204
4.98798
3.51169
3.67619
3.01287
3.56851
4.20511
5.35917
2.65597
4.20263
4.13081
6.29561
4.7634
3.4237
4.98469
3.72775
4.9394
2.56694
2.47024
4.60895
1.39768
4.59501
2.40317
3.81042
3.8985
4.80856
5.063
5.20643
3.87013
2.72951
2.60601
4.35583
3.79486
4.6791
5.61487
3.93291
2.96982
3.86663
-0.866929
6.44645
4.00904
4.38292
3.47177
2.54656
4.78525
4.85751
6.20001
4.45632
3.44848
0.728662
4.24675
3.23324
3.40288
2.66079
4.81171
2.93808
3.67024
5.24885
3.11905
5.74121
3.26774
3.60398
2.37707
3.32729
5.48329
6.66649
2.17799
2.65074
2.93236
3.3347
3.25725
6.14056
3.7843
4.61394
5.57713
3.83116
5.17269
3.98028
4.94256
0.995544
5.96538
1.93422
3.289
3.64838
5.46302
3.70273
3.08599
4.28941
4.76256
4.26731
3.91206
5.41651
4.17959
4.56114
3.69699
4.35473
2.82696
4.18294
4.82467
2.80513
7.08768
3.29996
2.25738
-0.120746
5.95139
3.93657
5.14098
6.4141
4.5694
4.78684
3.88542
0.77148
0.920918
3.73764
4.98586
3.03988
3.79562
1.266
5.63495
2.91162
2.70851
6.33123
2.84017
3.96654
4.98927
4.98976
3.08389
-0.209028
3.90611
5.20493
3.72824
3.17337
1.97633
2.83985
4.28574
4.4958
3.53009
5.83321
5.25798
6.14627
4.38813
5.4671
7.98155
3.54656
3.25716
2.35223
0.396049
3.60864
2.3496
4.11993
4.01718
1.56183
3.25337
4.52337
5.34743
2.00915
6.38357
4.39302
3.25738
3.37485
5.51187
4.2891
1.88448
4.38137
6.69693
3.92979
6.50548
5.20459
2.46608
2.9157
3.15418
2.83196
5.67391
3.57569
4.16228
3.83346
4.10779
5.30121
4.09401
4.3778
5.20554
3.27188
4.69572
4.70458
1.94502
4.22655
1.75931
5.05134
2.60909
4.61229
2.33812
3.56811
4.76839
7.33588
1.43107
1.25175
3.32071
3.25259
3.4174
0.885622
3.58797
5.31716
2.23119
2.52974
1.77516
4.56425
4.17413
1.85461
3.34475
3.81558
1.60611
1.8199
5.65718
6.02215
5.20158
4.54691
2.46844
4.29021
2.12498
6.6965
4.85133
4.95187
3.23484
2.91249
6.74249
2.83285
3.78358
3.11866
3.55306
3.16185
6.65632
1.94155
2.85105
6.07985
3.92606
2.33012
3.02156
3.41923
4.01004
4.3906
4.81829
4.26952
3.57903
6.40164
5.93873
3.421
3.85585
4.48226
2.6627
3.6581
2.05069
2.26038
3.11429
5.42994
6.22402
5.05149
3.1892
4.02799
4.12315
6.43893
1.65201
7.27211
1.48235
5.75968
3.13603
2.92458
1.59779
1.27957
5.91466
2.60018
0.598876
3.08161
4.7872
3.2147
4.83521
2.97262
4.09575
0.87609
4.52191
4.70343
4.3414
5.33614
3.45723
2.1613
3.575
3.77672
3.76254
3.30324
2.58687
2.51858
3.1553
4.89734
6.24983
3.35098
1.27414
6.34154
4.01122
3.90901
2.36866
2.39253
5.09833
2.70094
5.52436
3.03336
4.78614
4.99134
3.85499
3.94417
5.69903
2.27427
3.60026
4.86843
2.49953
4.95231
4.62405
2.4642
4.08538
4.05224
1.31518
4.50656
6.04116
6.41372
3.82663
4.36857
4.78272
4.64876
4.18728
4.80637
2.88224
5.10194
2.31426
5.49599
2.95555
3.08391
5.96721
4.78796
4.14022
4.83399
2.95142
6.95892
4.83873
2.08777
4.45343
3.34826
3.66298
3.68515
4.87723
3.86534
3.86097
2.66762
4.03639
4.49226
3.18999
1.57527
4.6245
7.29879
7.34196
2.37151
2.54738
3.03842
4.80527
2.0305
2.69096
5.43071
4.58178
4.36905
3.4867
1.37488
7.31735
5.07927
2.46209
4.36299
5.85311
6.47407
3.36997
4.95135
5.4846
5.51984
5.748
5.40436
0.540227
2.39884
2.5234
5.53237
3.07261
1.03572
5.2084
5.64908
2.44576
4.24701
3.2745
3.92205
4.22549
4.10708
1.33208
5.01835
1.73287
6.54021
2.76913
1.50441
4.41214
4.93552
5.04194
2.4264
3.80244
3.81231
4.55849
2.03825
2.41607
2.78715
4.86338
6.22234
3.30505
6.09116
3.40803
4.29906
6.54456
1.59687
3.47766
6.53104
8.85234
4.80461
3.52616
3.9851
3.85335
3.4412
4.23623
3.72484
3.21719
1.385
3.79834
2.30455
6.30973
5.53133
4.4814
4.01371
5.33581
3.21252
2.526
2.92066
2.77219
5.86986
5.23689
4.35282
0.91588
3.62061
2.13214
6.06832
3.75905
2.60977
2.99965
1.96449
4.72021
4.55577
2.18223
5.00548
5.06961
1.79388
2.92323
2.20262
6.92899
5.54298
3.61571
4.75573
3.85831
5.39445
5.05191
4.81803
4.3958
-0.499885
4.05008
3.36884
4.51477
5.89989
4.24791
3.12511
4.59948
6.0076
7.10645
1.4015
3.56202
2.88139
3.94824
2.56874
3.92565
3.01035
3.12147
5.05825
3.85005
3.3298
3.01204
3.3647
3.32548
3.42763
6.74357
1.67343
4.81623
5.62585
4.05916
1.4423
4.83538
5.85281
6.8852
5.00937
5.04235
2.44456
3.41229
2.75064
6.30644
5.93506
1.68642
3.42257
4.10025
5.62775
7.25991
3.73644
4.46408
3.891
2.26978
2.61926
4.23968
3.65628
4.75373
3.69415
4.70308
5.96905
3.46404
2.35965
3.23013
3.78699
6.60142
4.34863
2.33302
2.15694
1.79341
3.52482
4.21393
2.25035
2.35503
6.0809
4.06006
1.48165
3.94013
3.82012
2.99291
4.5997
3.37704
3.15943
6.62339
5.29351
4.32298
5.20114
5.06696
4.64134
4.06177
2.48843
3.4982
4.2549
5.39782
5.79207
4.14398
4.91318
6.75098
4.4535
4.10418
2.99746
3.90554
5.58056
4.12865
5.67629
3.74687
4.94689
6.40905
2.26666
5.66066
4.62295
2.70311
3.4966
3.71408
4.91914
3.68545
5.54242
0.0372366
1.87573
4.44236
7.21239
5.37961
6.87119
4.99735
3.5211
6.58654
2.24821
2.64384
2.55864
2.63686
5.3643
3.66681
4.23899
4.4037
5.37681
5.36829
2.62975
5.85081
2.58305
3.47319
3.52491
4.61086
6.42233
2.56123
4.8178
2.08529
6.59112
3.32201
4.47575
3.12802
4.60124
2.35197
6.49846
4.86836
1.46309
2.18285
3.34656
2.78504
1.50803
4.49911
6.13741
4.19151
2.37988
5.3872
4.12179
2.20676
4.08356
5.11728
4.46375
2.51813
5.65451
7.31876
2.94383
4.55331
2.0642
4.30604
2.7392
5.05235
4.43533
3.14986
4.52256
4.06915
4.1074
1.96859
5.2497
3.04324
4.56742
4.18631
6.93536
5.19632
4.93113
5.49149
6.54868
5.36659
2.70548
4.44252
4.7374
5.59151
2.38082
3.50096
3.66654
3.36568
3.1395
5.01789
5.98214
1.69312
4.36935
3.35061
2.58291
0.256588
3.63952
4.35901
4.3191
3.59896
5.41381
4.58042
5.62491
3.48249
3.55691
5.67667
6.28826
1.43689
3.50358
4.00872
8.01532
8.8698
1.87107
1.6996
4.26039
5.06489
2.38728
7.19438
6.01837
4.58884
5.82483
4.2807
5.91218
4.40807
5.96016
4.59095
3.17094
2.17377
3.31825
2.8197
5.78464
2.70897
3.56246
5.1544
5.09979
5.11781
3.65978
1.70531
4.19649
5.5275
5.67276
3.21554
4.41109
3.03425
3.01674
6.12193
4.23905
5.32477
1.4182
4.59602
5.88239
7.41607
3.53866
5.36386
0.815645
5.37493
2.59312
5.61065
4.14649
5.24323
2.50564
3.42731
3.78484
3.72811
3.48113
3.23496
2.75148
4.20909
3.9391
4.1637
3.80876
5.21841
6.31141
4.33953
3.04766
4.15531
2.85568
3.2582
6.95193
4.84757
4.01013
3.63108
2.57282
6.16081
3.25584
2.58628
6.01988
3.5318
5.06481
2.01512
6.09834
1.2833
1.99738
5.11806
2.94361
3.21874
3.95139
4.65518
0.705933
1.60911
7.25673
4.38252
2.71997
2.02734
3.11791
4.78358
1.21918
3.74963
1.50747
5.3079
3.64362
3.67448
4.13089
7.39717
5.61146
4.26929
3.4254
8.7013
4.73325
6.57684
3.35268
2.77954
1.63728
4.43802
3.8687
1.87407
0.843061
5.018
6.32223
2.50006
3.75582
2.23785
3.95805
5.09072
5.75129
4.26645
5.10965
4.91506
3.03619
3.12547
2.17031
0.920686
4.13141
1.32733
5.30142
1.72977
4.89098
1.09957
1.83291
2.25347
2.99476
4.76817
4.32355
4.21159
4.58756
2.72615
4.63808
3.3977
2.08125
4.50984
6.00435
4.14706
4.4543
1.92198
4.14307
6.35061
4.56773
2.74499
4.16618
3.94838
6.298
7.86545
3.16309
5.59115
2.66116
3.11833
4.54329
4.04168
4.57107
0.749797
3.42545
1.8304
3.16429
6.2276
6.24178
6.00602
3.95045
1.91753
5.24796
2.96042
5.5242
6.07193
3.37854
6.80201
4.96803
3.0847
3.33427
3.3495
4.9829
5.3683
2.77933
4.46756
3.2227
5.31293
4.89656
5.29264
4.78235
3.0307
3.66216
5.21034
4.13342
5.49362
3.34082
5.44516
6.06267
7.3964
4.53756
2.78003
4.40341
4.09621
5.98239
2.12505
5.47595
3.41167
4.8785
3.94984
2.96178
2.88692
3.38319
1.89311
7.18784
3.73069
3.22795
4.5025
3.52541
3.45513
2.89244
6.63904
3.3223
4.52866
3.64113
-0.523022
4.06493
5.25066
4.12853
4.80674
4.86937
5.72703
3.0332
4.46799
4.90337
4.64179
2.95571
0.276281
2.81771
7.45976
3.42058
3.46597
1.88749
3.92721
3.2184
4.54959
3.89143
5.66964
3.84077
5.23488
4.89681
4.01605
4.68685
3.70579
3.04967
3.45948
3.16941
1.05225
2.28993
2.41521
3.33601
3.48099
4.17164
6.04664
2.37501
3.56731
5.07417
5.43463
3.04899
2.68853
4.35304
2.73921
3.23793
5.58633
5.24336
4.18366
3.97109
1.75734
6.42415
3.43371
7.27712
2.73847
0.389722
4.40166
2.99834
7.01625
4.13229
3.60809
5.89714
6.46473
5.11381
3.42093
4.54158
2.56565
3.09895
4.90527
4.90049
5.56312
3.22024
4.77343
1.82015
2.7275
2.36776
3.93532
4.76571
2.79014
3.09117
4.25747
3.96527
5.21739
4.25914
6.30737
1.32749
4.16825
4.80185
2.59273
5.30219
3.24808
5.03496
5.32775
2.91211
2.32713
4.32469
4.17857
2.34786
2.3727
5.2516
1.29658
0.0168546
4.37975
3.49397
2.7855
6.21169
3.84519
3.4054
3.1367
4.22003
3.98753
4.49179
5.69925
4.56876
2.48355
4.74599
2.25568
2.26804
2.04677
4.1013
5.73517
4.29368
4.71652
2.49635
4.46668
5.92366
3.79431
3.52401
3.01023
2.64782
2.47701
3.33934
3.52025
2.73126
4.84229
3.52282
2.32052
3.25025
4.92065
2.95347
4.28718
3.79613
5.74211
3.28757
4.71609
4.21478
5.69764
5.02946
2.97213
3.59288
2.70505
3.53271
2.86909
4.47579
3.68113
5.43295
5.29842
2.94598
5.43738
2.67269
1.73704
0.956876
1.37283
4.37247
6.83462
2.25877
4.55006
2.90313
2.99331
4.9845
3.75673
4.90504
6.19941
3.7738
2.16358
3.338
5.53735
3.919
3.10606
4.5338
3.99487
3.84464
2.36543
1.81523
2.66453
3.7954
3.17185
3.91673
6.8088
3.69173
4.0875
4.77064
-0.543247
4.84227
5.02688
3.17861
3.81983
2.66111
3.72876
7.56825
3.34691
5.69447
0.246155
3.37695
6.48275
5.56339
4.2521
2.46424
1.44889
0.986737
2.27891
3.86391
5.35512
2.47234
3.65535
2.68901
5.16703
7.19237
7.40152
5.24233
2.23325
5.9032
3.17105
2.898
3.8268
3.66812
4.76423
5.39961
3.40474
0.704814
6.00559
3.62532
3.32141
4.67727
5.51001
4.08807
0.324378
4.36193
5.53286
6.67525
4.73116
1.3744
2.8456
3.96927
6.3751
5.39061
2.64631
4.06403
4.16414
4.59167
5.16475
4.17844
4.32549
4.96797
5.25236
3.04306
3.97369
3.25876
2.37534
2.0358
4.49799
3.83962
2.40996
4.40628
4.89707
5.15841
3.18469
3.91626
5.77657
5.13437
4.65148
3.1543
5.32482
2.74903
5.43879
4.40193
4.48911
3.50971
4.04676
2.85625
5.40358
5.94855
2.84424
5.84532
3.82877
4.99191
6.17742
4.43891
3.01338
1.95537
5.82433
4.33551
5.4227
2.01891
3.33349
5.34334
5.80527
1.76316
5.13872
3.26756
3.23134
4.90601
2.32507
3.26671
6.45399
5.59755
4.68535
2.12809
3.95487
4.88224
5.70213
4.16589
3.35372
3.32096
3.87877
6.6927
4.5902
3.94447
5.26312
5.61912
3.02705
5.63186
3.55172
3.24831
3.15976
4.92267
1.31453
4.16995
5.57163
5.35111
1.79122
2.78585
1.1254
3.29693
7.97703
2.95755
4.43187
3.25015
3.71719
4.24365
3.27882
3.28406
2.45168
3.87924
5.28348
3.81026
3.72262
3.50118
4.35282
3.61302
4.74392
4.44769
0.610824
2.59036
4.58289
4.27832
3.4948
4.86195
4.24937
7.44242
6.00103
3.50583
4.46141
5.63647
2.48977
3.91107
1.72342
2.89846
4.32753
3.491
2.26778
4.57662
2.80331
4.34531
1.75504
-0.463151
3.81088
5.08834
2.59568
4.14414
4.21109
1.79387
5.38876
4.35209
4.79563
1.32075
5.15016
3.95954
4.2833
2.14507
2.93435
3.37642
5.91323
7.64989
5.07554
5.07491
4.14101
1.66318
4.76197
4.60514
4.83659
3.60247
6.35187
3.75952
4.03044
5.64991
0.322992
2.46481
3.70633
3.22175
4.90746
4.34453
2.16458
3.25694
4.61644
2.63092
5.21375
4.06946
2.37583
3.99674
4.69273
6.25715
5.07834
4.5446
2.61321
4.63164
4.57928
5.20448
3.78325
4.79207
2.97927
5.21985
4.59969
2.4244
4.40995
3.9147
5.05964
3.4759
2.37964
3.83026
2.07329
4.43993
4.52913
4.80997
4.90128
3.83338
5.40032
2.12506
3.12264
5.788
1.4146
4.93825
3.44314
2.98838
3.54921
7.33767
5.31131
5.60116
1.65168
1.27288
3.05762
3.25372
0.880702
4.75451
4.28804
6.57128
5.94747
2.26926
4.24702
4.11168
2.4533
2.01775
5.57282
1.74449
4.97945
5.73773
2.9548
5.48687
3.53105
5.27116
5.21085
6.37678
4.23221
2.04872
3.26698
5.61065
1.66135
1.66964
6.97147
3.85374
4.44499
3.85847
4.30814
1.97008
5.58227
4.26882
3.27036
2.84315
4.49911
2.71194
2.92778
2.26253
0.764132
3.92252
3.16942
