7000
2.90663
3.9412
2.915
2.34957
2.56489
3.23343
3.2665
2.66771
2.79152
2.49011
3.07963
1.77156
2.2323
2.67308
2.62748
2.05738
2.57178
2.66005
3.57633
2.88092
2.89657
2.66344
1.97497
2.65824
3.90652
2.44086
3.15946
3.01341
2.36549
3.1016
2.9147
2.49349
2.06799
2.59745
3.1197
2.44407
2.40918
2.41146
3.783
2.57349
3.14482
3.16503
2.79872
2.1883
3.3851
3.17005
2.56573
3.16087
2.46616
3.36158
3.07033
3.20082
2.00363
3.03192
2.86007
1.4258
3.16206
2.68272
1.82022
2.71455
2.31695
2.01786
3.35406
3.04552
2.81148
3.47337
2.47192
3.05335
3.14205
2.75366
3.05528
2.2258
2.1107
2.88214
3.86306
2.43714
3.19671
3.08551
2.19915
2.6248
3.11915
3.07842
3.83639
2.77314
3.12138
2.95122
1.80922
2.1208
1.24834
2.28969
1.99592
2.93215
2.58353
2.2003
2.69352
2.21948
3.23189
2.54906
2.69293
1.75778
2.21767
3.36672
2.90603
3.33178
2.33187
2.23514
2.52802
2.44079
3.16173
3.4632
3.1913
3.24361
2.20979
3.23956
2.06483
3.62443
2.72008
2.49536
2.69851
3.24343
2.40939
1.25302
3.19864
2.25753
2.94848
2.34964
2.86046
2.59305
3.63582
1.39259
3.35035
2.23755
3.29677
3.63651
1.96867
3.75057
2.48467
3.23505
3.25507
3.36848
2.94469
2.54283
3.17899
2.8742
3.85329
2.80565
2.6807
2.45958
1.08329
4.33048
2.76145
2.394
1.79858
2.34382
3.28272
2.84222
2.7364
1.82819
2.00542
2.58745
2.40203
1.73234
3.8641
3.37464
2.78912
2.89608
2.97215
3.62736
3.38302
3.17293
3.07902
3.5414
1.8967
2.45934
2.83564
2.12608
2.87761
2.55179
3.05685
3.04479
2.10075
1.9728
3.54098
3.44695
3.60033
2.81911
3.19987
3.67168
2.90195
3.12433
2.92786
3.05657
2.53695
2.41375
2.86567
2.94076
2.16101
2.81809
2.12955
3.54374
2.21726
3.20564
4.03312
3.08413
3.70317
2.31833
2.71947
2.61615
2.27972
3.69107
3.33924
2.10002
2.67107
2.15152
3.30481
1.86735
3.97106
2.44417
3.03729
2.09415
3.32562
3.11296
1.92943
2.67415
3.64647
2.73189
2.35168
2.88984
2.85631
3.09291
1.95021
3.16582
1.78898
2.95776
2.34922
3.28215
2.67832
2.7878
2.8093
2.43945
3.57873
1.90182
3.5086
3.04167
3.07265
3.78819
2.32712
3.54701
2.69467
3.27802
3.21286
2.39766
1.77211
2.58261
2.84279
3.52579
3.25315
2.85557
3.21442
3.27244
3.56867
3.22668
2.31357
3.82453
2.53486
2.40739
3.30098
2.69001
2.13493
2.44933
3.66064
2.83503
4.18957
2.49964
3.13134
1.98381
1.71167
2.86585
2.4099
2.66984
2.97483
2.6599
2.7196
3.7861
3.1791
3.06443
3.12008
2.8715
3.33884
4.19847
2.66249
2.21726
1.55477
2.03603
3.31367
3.54359
2.99733
2.27204
2.41808
2.16474
2.23109
2.95011
2.03959
1.78939
2.51103
2.74405
3.07466
2.91081
2.57262
3.77203
2.79822
3.00865
3.60427
2.48477
1.91623
2.59589
2.84916
2.53307
3.25602
2.50912
1.85016
3.64567
2.9221
2.99435
3.27412
3.21617
2.9459
3.79334
2.65441
4.959
3.0167
4.14333
3.15739
2.94518
2.88481
2.41164
1.96129
2.60433
2.70859
3.20063
2.76614
4.16625
3.34454
3.43413
2.92219
2.95884
3.26531
3.06965
2.57825
3.8391
3.69257
2.38591
2.18289
2.8125
1.59045
3.14162
2.50328
2.52185
2.64218
1.84774
3.45854
3.124
2.02563
3.20098
2.97631
3.54117
3.61407
3.67382
3.60843
2.4834
2.43317
3.22985
2.82109
3.01344
2.37128
2.28596
2.31052
2.64003
1.85675
3.56267
3.68124
1.57206
2.49323
3.89448
2.3112
2.44581
4.41509
3.17696
3.14169
3.27866
3.36303
2.08662
2.34625
2.95316
2.85572
3.08754
3.85908
2.72036
1.93653
2.24075
2.73692
2.36561
3.02636
2.74068
2.39304
3.4626
3.43748
2.53245
2.60452
2.28069
1.6257
1.67881
3.39547
2.87903
3.0941
3.10152
2.26485
2.86827
3.37983
2.11128
2.98599
3.19995
2.27599
2.63484
3.85112
2.9425
3.1682
3.29651
3.3518
2.21393
2.99862
1.70343
3.07068
3.75832
2.15443
2.63966
2.52872
2.88539
3.907
3.43442
4.34583
1.54783
2.93385
2.92378
1.99773
3.26671
1.4572
2.87851
3.24784
2.47542
3.67171
3.56951
1.68373
3.34448
2.82857
2.42764
2.59754
3.4041
2.41816
3.22814
3.83255
3.58053
3.21841
3.29838
3.60144
3.35378
2.82519
3.21862
2.79553
2.79274
3.06632
2.44005
3.00815
2.50734
2.52479
2.67642
2.45032
3.37501
2.48431
2.24553
1.77104
2.40591
2.50036
2.8943
3.05054
3.61516
3.34378
2.57151
4.03706
3.6122
3.51402
2.37815
3.6223
2.73846
2.28221
2.60974
2.76482
2.82351
3.08704
2.07855
2.9139
2.92291
2.77957
2.85777
3.93329
2.08223
2.93889
2.50733
2.16782
2.59638
2.66099
2.98238
2.56945
1.81436
1.6711
4.63503
3.47693
2.39674
3.26137
1.92987
3.13606
2.50651
3.81935
3.42584
3.91986
2.32805
3.73292
3.32029
2.66749
3.63884
2.26601
1.52514
2.77085
4.45688
3.68589
3.04977
1.52552
2.62307
2.64959
2.5343
3.13546
2.66309
2.20908
2.8298
2.57918
2.8787
2.40372
2.11645
2.0341
2.46525
3.20082
2.70324
2.48238
3.48034
2.34126
2.97021
2.18769
2.77787
3.11856
3.65695
2.82071
3.09296
2.50231
3.13567
2.67874
2.51536
3.26664
3.07571
2.10391
3.51402
2.66518
2.72305
3.31987
2.10179
3.08798
2.84883
3.84629
3.14866
2.55605
3.29468
2.93572
2.66424
3.80698
3.39541
2.59869
2.94337
2.42329
3.22336
3.01208
2.98001
2.28756
2.55205
3.61045
3.23264
3.70559
2.23469
2.63133
2.60249
4.06864
2.59301
1.48839
3.45317
2.99986
2.1642
2.53411
2.02464
2.58571
2.11822
2.18302
2.82881
3.57205
2.40709
2.31587
2.7158
2.83983
2.4608
4.26759
2.87426
3.22613
2.49248
2.56538
2.3757
3.01638
2.46497
2.57354
2.91517
2.73469
2.32625
2.34288
2.79464
2.97498
3.56476
1.99986
1.9308
3.54042
3.78872
2.10082
2.64461
2.20728
2.55152
2.40475
2.66147
2.35324
3.94696
1.65635
2.5587
3.17381
2.79815
2.19754
3.32378
1.89171
2.26265
2.98309
2.85505
2.58839
3.2224
3.10618
2.46262
3.22681
3.25213
1.88761
2.3758
1.92794
3.51821
2.50413
3.47853
3.53956
2.88889
1.40489
3.03628
3.2366
4.06586
2.68939
4.119
3.5447
2.68623
2.41491
1.86955
1.85216
1.44298
2.67871
3.75818
3.42243
1.34803
3.20978
2.66702
2.31592
2.30441
3.50306
2.06499
2.69536
3.30488
3.02321
2.27415
3.17401
2.35074
3.09568
2.5871
4.13578
3.43368
3.39757
3.39599
2.68196
2.98425
2.88401
3.2492
2.20161
2.03276
3.06889
3.47374
1.02608
2.68043
2.63901
1.6588
3.28498
2.08085
2.31571
3.30369
3.24831
2.88898
3.40479
2.02374
2.75984
3.65525
2.95943
3.95466
2.11094
2.05967
2.51881
3.11037
3.19287
1.80199
2.8177
2.81683
3.29836
1.88209
3.51734
3.05994
2.55873
3.087
1.90802
3.94074
0.894728
2.18058
2.3474
2.13615
3.19043
3.19526
2.83071
2.08505
2.6409
3.16727
3.61829
2.90641
2.22922
3.26213
2.37928
1.70188
2.78089
2.42842
3.60367
2.73946
2.68114
3.71525
1.7418
3.74301
3.30529
2.60451
2.43913
2.97139
3.33667
2.96822
3.04158
2.81235
2.39621
2.66568
3.55906
3.22345
2.95477
3.4457
1.95902
3.48736
2.69514
3.79174
2.07508
2.19438
1.79706
3.28108
3.55251
3.7563
1.90449
2.98901
2.461
2.99179
4.16708
3.16303
3.95713
2.76938
2.07961
2.60911
2.1762
2.63604
2.45832
2.92235
2.32874
2.66704
2.72363
2.32638
2.61064
2.56444
2.25209
1.90973
3.03851
2.49906
3.41938
3.07203
2.54255
3.24527
3.37019
2.57663
2.79365
2.43753
2.37229
3.47784
4.07378
2.72326
3.63752
2.01306
1.28891
3.24364
2.49963
3.79646
3.14557
2.5855
3.91291
2.24658
2.12683
2.27495
3.8899
1.98297
3.54771
2.32147
2.32305
2.3164
2.84266
2.70368
3.41257
3.39273
2.81176
2.66135
2.59126
2.35313
2.62866
2.00624
2.54017
2.50954
3.10567
2.73493
1.66595
2.79586
2.68798
2.54377
2.40866
3.25517
2.24628
3.31079
2.36221
2.9878
2.61144
2.41181
3.80163
3.16787
2.58629
3.72959
3.10172
2.09913
2.72367
2.95077
3.22082
2.51967
2.66582
2.91597
1.88223
2.61574
1.10434
2.27037
3.10092
3.04848
2.86904
3.81617
2.03631
2.67842
2.16832
2.71176
3.50851
2.62411
2.98929
2.49957
1.88424
2.80955
2.06609
2.73793
2.39493
3.07083
3.27663
2.58766
2.74862
1.80755
3.30806
2.6678
3.59882
2.01044
1.7612
2.22918
2.89118
2.11107
1.64361
2.74128
1.93032
2.84831
2.84314
2.94186
2.95402
3.50957
1.97436
3.55342
3.27977
3.4227
1.99752
1.30322
2.77231
2.77709
3.60552
3.18345
2.15216
2.45177
3.22996
2.15004
2.08208
3.01986
3.13697
2.06993
2.63258
2.67239
3.41876
1.9949
2.61078
2.31401
2.37587
2.75646
2.5213
3.10681
2.56377
2.79464
2.01932
2.47755
2.14901
3.4934
1.36362
2.94536
1.9706
1.85738
2.89963
2.87801
2.84929
3.03012
1.5169
3.01234
3.40745
2.72141
3.24315
2.51383
3.38685
3.52497
3.39553
3.90747
3.20699
2.49288
3.31128
2.64046
3.37116
2.38302
2.7025
2.26272
2.56694
2.34858
2.66665
2.34962
3.24933
3.23992
2.8479
3.09121
2.49844
1.94922
2.56857
1.96018
2.68108
3.12646
3.96423
3.1096
2.56973
1.7426
3.7205
3.34119
2.12365
3.84966
2.66982
2.34567
3.66216
2.21316
2.14162
2.64314
2.42114
2.92878
2.53336
2.63958
3.14796
3.01307
3.71728
2.67203
2.39965
3.27156
3.50138
1.91873
2.20798
2.62894
3.19128
2.89834
2.63956
3.0373
3.17102
2.79586
4.26581
3.22689
3.74902
3.11578
3.0341
2.57619
3.0826
3.31284
2.40124
2.4499
2.96716
2.49612
2.91096
2.07875
2.09803
4.09565
3.3772
3.02826
2.46525
3.28519
2.93021
1.63257
3.45732
2.91883
2.99459
2.74146
3.70532
2.98812
2.67394
2.85395
1.89077
2.60113
2.24836
4.15034
2.43076
2.61676
2.71605
3.39395
3.05534
2.28419
2.45642
3.31958
2.65067
2.4993
2.96539
3.32585
3.26406
2.25346
2.42041
3.39186
2.53797
3.33264
2.09058
2.28228
2.75629
3.10994
2.79377
3.25875
2.87577
3.5238
2.80094
3.0405
3.33408
2.31782
2.08545
2.77731
1.95374
2.07863
2.65264
2.44018
2.64661
3.16788
3.29981
3.22974
3.01407
2.35246
3.29068
3.24019
2.78525
3.29861
3.42393
3.17036
2.84881
2.52588
3.12395
3.77058
2.57942
2.36487
2.95117
1.88039
2.19073
3.17992
4.14436
2.55415
2.87507
3.28409
3.02199
2.81359
2.09252
3.03101
3.9237
2.75232
2.30917
2.37639
2.20235
3.44074
2.95177
2.20246
1.45972
2.29825
1.6707
2.04845
2.32065
2.35813
2.99368
2.09522
3.32862
2.38571
3.36954
2.69514
2.84382
2.39027
4.00981
2.67803
3.12935
2.32643
3.08385
3.8912
3.11099
2.52801
3.61199
3.49277
2.74181
3.23259
2.85573
3.12416
2.93926
2.67009
3.12288
1.91565
3.93419
2.98756
3.15031
2.21614
3.38054
3.57393
2.49468
2.16048
3.18067
2.80248
2.94461
3.21519
2.92452
2.81157
3.2658
3.21633
1.73052
3.14592
2.17359
2.02661
2.97541
2.80052
2.42638
2.94595
2.40991
3.56016
2.29639
2.93481
2.49502
2.85379
2.7342
2.95008
1.88815
2.5744
2.24777
2.97321
2.65871
1.80339
3.38387
2.0261
3.96675
2.6288
2.10898
2.8922
2.87835
2.47393
2.53182
2.30646
2.7159
2.51575
2.68656
2.81164
2.80974
3.49434
3.11437
3.40644
3.0676
2.71554
3.08305
2.98493
2.27997
3.18619
2.29544
2.38279
2.39906
2.94823
2.68565
2.85736
3.98942
1.79242
3.21483
2.91131
2.6622
3.00467
2.63333
2.08124
3.42373
1.89509
2.80477
3.99811
3.6055
1.46401
2.96091
3.58232
3.78382
2.94808
3.46985
2.94887
1.94287
2.16833
3.63931
2.65786
2.11608
3.14704
2.73414
2.7757
2.2895
2.50596
2.21623
2.49538
3.62935
3.25708
2.64893
3.72207
2.69233
2.52654
3.8354
1.98219
3.06639
3.31997
2.72638
3.25209
2.08081
2.65249
2.97684
3.03007
2.2279
3.35646
2.88545
3.10015
2.50357
2.70541
2.33121
3.76233
3.36582
1.80241
2.44237
2.23992
2.361
1.94072
3.12686
1.83995
3.44674
3.86645
1.36371
2.42604
2.39376
3.6166
1.86918
3.13829
1.58448
2.56113
2.64979
3.36218
3.39396
3.53145
2.47313
2.48198
2.80214
2.37714
2.82387
3.1862
2.42829
2.51539
2.79493
2.92583
1.99311
3.1317
2.62148
1.86219
3.3444
2.62846
3.34604
3.16586
1.94531
3.1441
2.17488
2.48706
3.57743
2.15302
3.10539
2.47546
2.44142
3.63151
3.4388
2.72429
2.81435
2.17038
3.18492
2.7727
3.12482
2.94402
3.0475
1.99837
2.37199
2.16278
4.07719
2.8023
2.42468
3.41304
3.02796
3.06087
2.2462
2.6958
2.8863
3.05138
3.11781
2.37336
2.92198
2.12319
3.16927
3.11706
3.60786
2.66284
2.16862
2.74448
2.37349
2.91358
2.34415
3.59032
3.29479
2.47309
2.90538
2.34362
2.42633
3.27212
2.20141
2.80882
3.02144
1.77792
3.4711
2.24107
2.04493
2.19929
3.08698
1.84508
2.11351
3.12146
3.60592
3.39988
2.16325
2.65749
2.06712
2.21188
2.17544
3.37457
2.61424
3.49729
2.1288
2.59927
1.97206
2.35799
2.44535
2.44171
2.88175
3.01232
2.42397
3.02983
2.17834
2.52969
3.27664
4.42849
1.6151
3.37985
2.42141
4.18404
3.27958
3.23972
3.48162
2.93627
3.6564
1.8376
2.4092
2.18946
1.78379
2.02877
2.02258
3.69421
1.51297
2.80635
3.23415
3.30651
3.1373
3.04163
3.40555
3.41833
2.56876
2.64508
2.54443
2.1881
2.84126
3.14735
2.08968
3.19145
2.17952
1.43878
2.51347
2.23821
2.51546
2.44151
2.8605
3.12723
2.26858
1.71422
3.90845
3.38737
3.53131
3.32939
3.02414
2.35077
3.63747
3.24502
2.10376
2.42805
2.54327
3.20702
2.03046
3.18277
2.95112
3.27015
2.86063
3.1973
2.06082
3.24264
2.86279
3.01658
2.66073
2.04117
3.8115
2.65383
3.356
3.8998
3.86504
3.01943
3.29344
4.31804
2.27229
2.87088
2.81491
2.09919
2.44571
2.82017
2.93259
3.37162
3.04956
2.32281
2.67418
2.83855
2.76479
3.67093
2.84384
3.10823
3.4278
3.05412
3.31663
2.49172
2.81659
1.71947
3.32548
3.20315
2.52333
3.30206
3.03358
2.96091
3.46511
3.72901
3.21098
3.20081
2.32539
2.24179
3.15541
2.36873
1.61482
4.36358
2.50432
2.36029
3.6119
2.28814
1.53461
4.11947
2.30278
2.93109
3.26781
2.839
3.03183
3.56239
1.83687
2.80876
2.73331
3.36367
2.64887
3.16297
2.94746
2.1313
3.28725
2.67373
3.82244
3.08508
3.56226
3.8012
1.99699
2.14916
3.09835
4.24657
3.01596
2.48779
2.5478
3.30958
3.13711
2.93729
2.89568
3.33896
3.20382
2.20691
1.81694
2.45015
2.99589
3.74773
3.19037
2.72959
4.22028
2.38902
2.49763
3.22385
3.02871
3.16457
3.23679
3.29032
2.0727
2.90529
2.45801
2.64627
3.14763
2.72983
3.82918
1.67112
2.70981
1.36023
3.02985
3.57881
2.96846
2.75861
2.81856
3.74236
3.01023
3.16083
2.62759
4.08352
1.91423
2.23842
2.11673
2.08805
2.25739
3.13747
2.16961
3.45804
3.28936
2.65456
2.11861
2.70311
2.29877
2.44118
2.83257
2.7653
2.5945
2.13133
3.29663
2.42245
3.25904
2.98322
2.7028
3.56242
3.45454
3.01333
3.28462
4.38768
2.99416
2.85376
3.1107
3.36604
1.66445
3.64401
2.73628
2.12218
3.0224
2.78108
1.96986
3.39044
2.44261
2.98799
2.19107
2.12781
2.23391
2.74935
2.94711
3.29794
2.87895
2.75158
2.30253
3.66203
3.1587
3.18773
3.44788
2.54499
2.77515
3.0992
2.51453
2.86615
3.02395
2.68143
1.8319
3.06431
2.61969
2.39568
3.6798
3.73673
2.31195
1.81054
3.4495
2.1894
3.70581
2.30606
2.70108
4.21111
2.72828
2.96757
3.72609
2.09815
3.80251
1.69579
3.82956
2.84744
3.33739
2.81777
3.41628
2.84224
3.65488
3.17619
1.54136
2.72535
3.47964
3.66931
3.04895
3.28209
1.45158
2.51252
3.03146
2.93761
2.39399
2.4966
2.30361
2.09984
2.87295
1.30121
2.34778
1.38834
2.56656
3.12826
2.5307
3.22186
2.55431
2.10434
2.20751
2.34825
2.30906
3.49111
3.16041
1.73669
2.88705
3.32385
3.50931
2.75849
2.2916
3.2775
1.82105
2.48937
2.71172
1.59852
3.27875
3.27278
2.99669
3.25232
2.74087
2.88006
3.17072
1.46974
3.07189
2.14266
3.20584
2.44203
3.47765
3.40681
1.63252
2.08626
2.85606
2.87575
1.85255
2.82652
2.8801
2.1342
2.92394
2.40611
2.40088
3.3649
2.52788
1.74645
3.67087
1.65621
1.98275
2.81624
2.80664
3.46967
2.44662
3.49233
2.79289
3.02173
2.4007
2.55442
3.0707
2.32169
3.17793
2.60219
2.84913
2.47763
3.91869
2.75519
2.53526
2.36212
1.92227
2.51239
3.35877
3.09776
2.74183
2.87552
2.67066
2.76268
2.55911
2.73837
2.4314
3.4242
2.5783
2.71546
2.67539
2.74386
2.39751
2.15378
2.40673
2.48557
3.4857
3.06621
2.86925
3.25784
1.85725
3.07589
2.31938
2.74406
2.89416
3.38734
2.90231
2.38311
2.6692
2.60062
1.89829
3.42468
3.71999
2.25234
2.37323
3.16252
2.76935
3.86263
3.03226
3.21443
1.62673
3.66208
3.19224
1.77771
2.73395
2.51817
2.45779
2.83436
3.3023
2.72482
1.51324
2.76327
2.11965
2.25791
2.30873
2.92892
1.27721
3.16725
1.88181
2.90539
2.11414
2.05148
3.20986
2.38749
2.9817
2.85741
2.64701
2.42062
3.12256
2.96844
2.93566
2.43248
2.80425
1.14304
3.82319
2.55191
2.80072
4.36278
2.92406
3.41661
2.79201
3.26534
3.51552
1.8866
2.74688
3.70945
3.28372
2.91614
3.22828
2.98699
2.29628
2.06846
3.47056
2.66575
3.3656
2.87541
1.80994
2.58984
0.954515
2.89798
2.70131
3.03184
2.6831
2.28651
2.1806
2.56337
2.27515
2.74457
2.59607
2.51119
3.49861
3.02551
3.73572
3.2443
3.03448
1.5055
2.82208
2.37077
2.92409
2.22451
2.66957
3.35288
2.98272
3.09412
3.05227
3.43318
2.23065
2.13547
3.19796
3.59077
2.55873
2.5077
2.3009
2.34557
2.43879
3.10493
2.12818
2.85672
2.66613
2.86439
3.49302
3.69992
3.03949
2.86404
3.22229
2.17729
3.18174
2.31934
2.98095
2.78119
1.93088
3.15066
2.43759
3.84107
2.45332
2.61887
2.95825
2.95003
3.6135
2.55768
2.84939
3.00026
3.50874
3.31712
3.27386
2.92161
2.87733
2.23893
2.88991
2.36668
3.44723
3.12267
1.45612
2.68442
3.8207
2.06461
3.54365
2.4201
2.16654
1.06507
2.92807
3.1451
2.31511
1.6699
2.46358
3.79816
1.94002
2.51378
3.18412
3.0165
1.95876
3.09465
2.99645
3.44409
3.05362
2.46418
1.96424
3.02169
1.50268
2.63492
3.0367
3.24244
2.51205
3.02219
2.92171
2.70908
2.71017
2.44178
3.01425
2.20849
2.41441
2.49486
3.437
1.70605
3.36101
3.14227
4.33316
2.57531
3.829
2.55323
1.88677
2.63875
3.53457
2.06896
1.99484
3.62091
2.56213
2.38865
2.80594
2.63453
2.93709
2.63134
4.63908
3.52041
3.12103
3.94373
2.36251
1.56561
2.83516
1.89083
1.4288
2.93164
2.03083
3.9262
2.5329
3.53554
3.07189
3.29878
2.6333
4.01821
2.17568
3.08393
2.14507
2.62715
2.73893
2.75578
3.10127
3.02619
3.06279
3.04243
4.13212
3.12429
2.81017
3.10112
2.61364
3.44593
2.10028
2.96859
2.60541
2.20069
2.03462
2.82288
1.78735
3.48341
2.42193
2.62014
2.96376
4.08582
2.70975
2.14532
2.70987
2.11584
3.03511
2.83336
3.52625
2.2199
2.60422
2.1464
3.06012
2.32186
2.48839
2.69484
2.66491
2.82272
2.38086
3.87484
2.61593
3.30945
3.34692
2.77603
3.66039
3.39739
2.5711
1.97854
3.40367
3.27276
2.42528
4.16023
2.88442
3.39505
2.06203
3.91829
2.99173
3.14259
3.25412
1.26184
2.80974
2.07955
4.22534
3.13214
3.32151
3.2802
2.65936
2.52676
2.87444
3.32246
2.90794
3.95532
2.371
3.53508
2.38367
1.78511
2.77366
2.87758
2.29468
3.43998
3.04501
3.4898
2.72382
3.83564
3.60714
3.11181
2.67939
3.19429
1.12605
2.28462
2.84028
2.64101
3.40716
2.30164
3.05673
3.39395
3.03868
2.03275
1.96223
1.92779
2.594
3.21822
4.0627
3.23597
3.2786
2.99607
2.41934
2.51477
3.57103
2.52423
2.15808
3.1446
2.11594
3.06162
3.38933
2.55925
1.7886
2.18331
2.8978
2.09
2.0848
3.03347
2.50862
3.1632
2.88407
2.60709
3.63274
3.14469
1.67378
3.4686
3.85343
2.77413
2.68974
2.16724
2.13972
2.57263
1.82154
4.41214
3.37816
3.18569
3.14134
3.57946
3.09702
2.52387
2.75118
3.21483
2.85524
3.01361
1.40137
3.14487
1.56614
2.19849
2.39887
3.42238
2.96011
3.22492
2.21859
2.5978
3.64694
2.0997
3.32236
1.69403
2.14384
2.69975
2.39489
2.6469
3.4409
2.94473
3.15675
3.01444
2.38789
2.88873
2.16193
2.60545
3.33198
2.29446
3.60231
2.40672
2.70827
2.90133
2.96255
2.54337
3.05542
2.41404
1.99485
2.23897
3.58241
2.97172
2.24022
3.52945
3.31502
2.6042
3.2009
3.90151
3.06394
2.34692
2.68765
4.37631
2.50347
2.45368
2.67621
2.79576
2.79143
3.12246
3.17386
4.35481
1.18166
2.1758
2.54705
1.6848
3.116
2.8638
2.59282
1.8783
3.01446
3.00257
2.40097
1.97084
2.6896
3.83818
2.71585
2.49353
3.58383
3.97954
2.52071
2.89338
3.02793
2.3407
3.58043
3.01794
3.03238
2.58441
3.45854
3.02093
3.27589
3.03984
2.79118
2.62263
1.85852
3.15836
2.52098
2.53424
2.67023
2.67782
3.58897
3.54732
1.42961
3.45499
2.07794
1.76807
3.77485
3.52354
3.00293
3.33065
3.28497
3.60098
2.39678
3.55013
3.49947
3.33735
3.53237
2.75785
3.18566
3.41663
3.24359
3.06796
2.20103
2.74541
2.8825
3.18226
2.95499
2.36829
3.058
3.21024
2.6209
2.94094
2.63789
2.85408
2.86558
2.46713
3.46557
3.9304
3.68289
2.94694
3.60724
3.06798
2.96064
3.41075
2.25115
3.49489
2.60192
3.02422
3.20209
3.1869
3.25443
2.93414
2.77372
3.88837
2.67429
2.93209
2.15571
2.92799
3.00283
3.8749
2.13995
2.61776
2.57256
2.69749
2.45543
2.98741
3.62263
2.6652
3.04507
2.87475
3.213
2.25762
1.43841
3.67712
2.97821
2.71474
3.88144
3.05818
2.81677
2.42795
2.40183
3.14285
3.39821
2.25791
2.38002
2.83658
3.55229
2.08212
2.95782
2.37971
3.1793
2.91223
3.09815
1.81833
2.98868
2.30767
2.05094
2.18412
2.22719
3.29622
2.60731
2.75819
2.75607
2.76925
3.89285
1.95581
2.65613
3.44242
2.32575
3.44076
1.90186
3.08224
3.56421
3.83553
2.46056
2.36062
2.64015
1.50289
2.19286
3.43046
3.21818
3.47855
2.34742
2.7201
3.11287
3.071
3.70827
2.70952
3.63893
1.48182
2.10413
3.1127
2.39315
2.31472
1.70285
2.87896
1.9621
3.44854
3.47833
2.71579
2.9872
4.17014
3.65986
2.49679
2.35545
2.70932
2.59383
2.6117
3.85074
2.91249
1.23578
2.61732
1.87457
2.74505
2.27415
2.60046
2.52971
2.9775
3.26403
3.06301
1.56413
3.32644
3.15519
2.87532
2.48547
2.24026
2.19902
3.01509
2.15226
2.36055
1.88709
2.75155
3.00384
2.99931
3.5043
2.35766
1.98941
3.04624
2.87787
2.7559
2.95208
2.14313
2.86707
3.069
1.74432
1.56117
2.95665
1.78021
3.51482
3.7423
3.04005
2.89807
2.99704
2.68613
3.56628
2.68166
3.20256
3.62478
2.86673
3.40239
2.88753
2.62728
2.30081
2.69191
1.62016
3.04462
2.66075
2.12466
2.25724
2.6796
2.89028
2.5409
3.64193
2.83163
2.34401
2.66751
3.09106
3.17105
2.55299
3.39553
4.09015
1.16981
2.70837
2.47637
2.58997
3.50557
2.63414
3.13447
2.85646
3.03642
3.14309
3.11762
3.3853
2.9871
2.8663
3.59387
3.33863
3.77101
1.24427
2.50822
2.88005
4.07069
2.64985
2.5278
3.21171
3.04361
2.48611
3.15768
1.95298
2.64034
2.79287
1.29672
2.65652
3.20876
2.46454
3.67675
2.96813
2.77564
2.77244
3.68806
3.48839
3.32901
1.94998
2.73541
3.70123
2.50782
2.80187
2.69631
3.3688
2.7336
2.32291
3.44093
3.19785
3.25529
2.23194
3.09656
2.71996
1.6427
3.605
2.90491
3.44606
2.37112
2.97514
1.61158
2.0581
3.14414
3.2803
3.83231
4.21709
2.52641
2.0413
3.14402
2.00002
3.96356
2.63248
3.15516
2.2629
3.1496
3.0548
3.71391
3.58243
2.17336
2.1751
2.89137
2.96595
2.45922
2.59826
3.73025
3.07339
4.48882
2.15595
2.45858
3.29458
3.90472
3.68546
1.74872
3.05647
4.20511
2.94478
1.36032
3.3946
2.94151
2.46133
3.93675
2.42635
3.63255
4.18706
2.57351
2.93524
3.69741
2.15387
2.73427
3.18274
3.18916
3.12253
3.88122
3.67162
2.10746
3.5123
2.2534
2.88816
3.20928
3.34275
1.67182
1.82942
2.00822
2.85236
3.33225
3.5094
2.72803
2.53367
2.93214
3.11427
2.52942
2.76318
2.67559
2.12008
3.45445
2.19349
3.23508
2.39919
3.28141
3.90591
1.96714
2.84608
2.94547
2.67054
2.3178
2.93049
2.63744
2.29418
3.41994
2.9052
2.46528
1.99826
3.32514
2.37692
3.24173
2.65489
3.51891
2.6245
2.61634
2.60462
3.23348
3.15647
3.73669
2.21907
2.66813
1.89371
3.59941
3.11893
3.30827
2.63474
2.88933
2.50623
2.61583
3.18591
2.3286
2.77625
1.62303
3.72593
2.35567
2.74674
2.41808
3.30592
3.16447
3.69638
3.3608
1.23653
2.4471
3.69082
2.16555
2.71072
3.68945
3.24688
2.61507
3.03553
2.36624
3.13183
2.27211
4.06446
1.90701
3.39987
2.99385
3.06946
2.97366
3.39933
3.25216
2.85611
2.05883
3.91561
2.29628
2.66013
2.8173
3.13165
2.30201
3.30445
2.51852
1.5408
2.56893
2.25621
2.99723
3.1686
4.2502
3.04989
2.96322
2.37574
2.0466
2.59006
2.84665
4.14299
1.83464
3.10788
2.61865
1.76674
2.97519
4.01244
1.62293
0.723567
2.92937
4.48956
3.32539
2.88992
3.35245
3.01874
1.94108
2.4541
3.57899
2.35141
3.84557
1.88215
2.8444
2.93032
3.5547
2.84427
2.09443
1.85108
3.1728
3.09093
3.56283
2.31854
4.09242
2.77735
2.48472
2.18591
2.06906
3.64736
2.4394
3.0703
2.77949
3.11366
2.02589
2.54058
3.54231
2.99468
3.21595
3.25991
1.72249
3.87335
3.49586
2.21118
1.79966
2.90728
3.06038
2.47822
3.14253
2.70755
2.98682
2.17798
2.87903
2.55002
2.10854
1.29291
2.54749
3.04864
2.64226
3.10557
3.08659
1.40364
2.17916
3.45749
2.99858
2.21463
3.79538
2.96238
3.14771
1.70185
3.20548
2.4957
2.85016
3.8751
3.43224
2.3519
2.05522
3.03176
3.24091
2.4198
2.62982
3.19414
3.1428
2.23014
2.18962
2.2044
2.41278
2.16947
2.5098
3.82189
2.99593
2.3037
2.40203
2.23916
2.63913
1.96538
2.38296
1.96049
2.52945
2.93923
3.62392
2.96743
3.68061
2.60809
3.08489
3.68837
1.95683
3.53774
2.46115
1.66001
3.89965
2.0981
3.21305
2.35379
3.5091
2.80138
3.08918
3.92641
3.14874
2.67874
3.34065
2.72593
3.09212
2.45341
3.06935
3.61394
3.64942
2.5581
2.33983
2.72164
2.94278
2.81457
3.0292
2.93496
2.49154
2.45939
3.3272
1.89434
3.3079
2.26768
2.43135
2.51726
4.39445
2.22013
2.59527
2.62154
3.31957
2.3789
1.65175
2.69639
2.84797
2.88993
2.47006
2.85829
2.44812
3.11761
2.8563
2.47189
2.97079
3.15993
2.60622
2.81284
2.68451
3.5561
2.89863
1.61266
3.21641
1.81245
3.07686
2.80451
3.10946
1.97015
2.71361
2.85535
3.10016
3.74709
2.87628
3.72023
3.95468
2.32831
2.64885
3.66839
2.29711
2.59774
2.83022
3.29795
3.04189
3.00772
2.77596
2.87599
3.83294
2.51446
2.92584
2.51619
3.02339
2.68017
2.66327
2.46954
2.46047
2.57897
3.01338
3.38495
2.71437
3.06643
3.04234
2.78454
3.07601
3.17646
2.3305
1.77058
2.64538
3.16271
2.12246
2.81151
2.60646
2.53722
2.04836
2.91482
2.77149
2.16508
3.49028
3.27857
2.26755
2.70592
2.31645
1.91061
2.39222
3.0094
2.96597
2.99753
2.09869
2.63398
3.71701
4.19746
2.05693
3.51031
3.78697
2.96757
3.35047
1.54155
2.83679
2.96753
2.28907
2.71777
2.52522
2.25949
2.24764
3.07291
3.13057
2.16847
3.59422
2.10038
2.94741
2.72468
3.12928
2.23354
2.99739
2.81044
2.86766
2.80451
2.75299
3.16081
3.13116
2.12317
2.03288
3.16806
2.84256
3.11198
2.093
3.14337
3.5188
2.41132
2.92972
2.90286
1.86887
1.99347
2.43511
2.21764
2.25327
1.54519
3.80296
4.02947
2.22663
3.46365
2.22667
3.12851
2.64492
2.98856
2.87131
3.01117
2.11474
1.96451
3.73513
2.24046
3.15548
2.67676
2.06042
1.67402
1.82338
2.68563
2.28759
2.64327
4.34542
2.81253
2.67721
2.55779
3.3179
2.25345
2.28563
2.09365
3.43418
2.76143
3.02114
3.52682
3.28832
1.30743
2.61704
3.02805
1.8512
3.55063
2.76831
1.43712
2.13086
1.65674
3.20212
3.06898
1.94721
1.85133
2.86412
2.57881
2.38662
2.51737
2.37058
3.4709
1.7904
2.80133
3.05957
3.13077
3.33127
2.10979
2.73237
3.6973
2.09063
1.99137
2.63929
3.64788
2.15122
3.2623
2.40946
2.87798
2.9946
2.07805
2.57624
2.19343
3.29776
2.62283
3.09024
4.12019
2.20995
3.29746
2.05034
2.85422
3.17941
3.24396
2.2807
3.16636
3.06514
3.42836
2.39258
2.73516
1.76613
2.84869
3.43731
2.46746
2.32708
2.66588
2.8286
3.00536
1.63774
1.87973
2.45218
4.0142
3.10558
2.3454
2.24277
3.16648
3.49882
3.60867
3.08381
2.92591
3.11349
2.87597
2.31955
2.42744
2.40839
1.4866
3.43253
2.6002
2.75892
2.54285
2.69423
2.13954
3.38696
3.79139
3.44188
3.57554
1.67035
3.22391
3.05922
1.93061
2.28509
1.56986
2.26002
2.99496
3.45742
2.60414
3.40884
2.927
3.59614
1.70639
3.28816
3.0868
2.77553
2.84982
1.8981
2.30993
3.0647
2.86519
2.98154
3.34737
2.38668
2.94507
2.301
3.51532
1.87521
2.02752
2.60464
2.83263
1.72546
3.43515
2.05567
2.66581
3.09319
2.67571
2.90504
1.62563
2.7276
2.73467
2.93831
2.53465
2.41691
2.76484
2.50911
3.19975
2.55146
2.53797
2.25453
3.50106
2.94038
2.75445
2.82944
2.10547
3.18229
2.93388
2.5508
2.60762
2.58573
2.64368
3.79644
2.63772
2.8163
2.52712
3.1341
2.39472
2.86966
2.11088
3.53834
3.11292
1.48504
1.78782
2.37383
4.10669
2.06665
2.65726
2.37296
3.1273
4.03751
1.82821
2.07
2.15572
2.9442
2.90813
1.90196
2.89676
3.74161
2.35784
2.65668
3.52111
3.01023
2.76116
3.64658
2.76481
1.85172
2.85887
3.15386
2.26037
2.69781
3.15299
3.196
2.7946
3.0034
2.44451
3.18862
3.39042
3.74104
1.99159
2.48943
3.88212
2.51673
2.05657
3.28177
3.20809
3.54147
2.29941
2.47454
3.09853
3.41656
3.00982
3.87968
3.05146
3.35277
3.05935
2.08624
2.02398
3.34755
3.05942
2.22078
2.14759
2.00461
2.45661
1.86547
2.73827
1.87301
2.79792
3.24327
3.03411
2.55587
3.09093
1.85192
3.06493
3.22165
2.68357
2.77653
3.63557
2.08779
2.7252
3.25212
3.01203
2.71038
2.89366
2.576
3.16963
3.45127
1.72678
3.11906
3.72662
4.00041
2.64396
2.91615
1.99529
3.37323
2.69265
3.05681
2.86645
2.30939
2.7884
2.91793
1.90419
3.13945
1.40298
2.91713
2.87569
2.28979
2.7261
2.13282
3.14159
3.6355
3.0697
3.19829
3.26299
2.96202
3.84892
2.27629
4.13777
2.37978
2.89308
2.12088
1.6556
3.35451
3.49932
2.95435
3.41178
3.14499
3.33977
2.93795
2.65855
3.01784
3.79556
1.89426
2.62892
3.1558
2.35499
2.54214
2.01882
2.63014
2.72143
2.53714
2.5783
1.868
2.98679
2.67258
2.82759
3.90433
2.28239
3.18304
3.0453
1.72469
1.62211
2.9096
2.30103
3.52261
2.0116
3.19547
3.07666
2.67601
3.45024
2.96818
3.19489
3.48597
2.16747
3.28429
2.75282
2.71855
4.40703
2.73788
4.33765
1.71777
1.62354
1.51613
3.00804
3.32289
2.87872
2.36697
3.4105
2.62005
2.75941
1.67427
3.0465
3.88885
1.97963
2.57332
3.01952
2.21838
3.32295
3.01381
2.25773
2.89189
2.02168
3.35939
3.46173
3.09412
2.25487
2.28105
3.28416
1.75578
3.21863
3.77638
3.33762
3.09286
4.38089
2.52818
2.37061
2.3974
2.61233
3.31569
2.1864
2.33577
3.6139
3.07258
3.38058
3.94514
3.18382
3.32254
2.05133
2.29246
3.39181
3.02918
3.33325
3.31508
2.50254
2.27033
3.22899
3.33375
3.03334
4.11261
3.10784
2.53771
2.92717
3.64837
1.42392
3.18791
3.36604
2.48251
3.23848
2.48161
3.06923
2.75706
3.34738
2.93598
2.43836
3.53468
3.09894
2.85213
2.24858
3.42566
2.86802
3.3613
2.47362
2.90872
3.10836
2.26478
2.04066
2.00899
3.00214
2.94187
2.47954
3.68587
2.78829
3.57231
2.93436
3.03354
2.89133
2.63293
2.84893
2.39284
2.57965
2.49659
2.72088
2.97486
2.09851
1.7315
1.92104
2.98687
4.30858
2.6788
3.66925
3.52579
3.51538
2.23076
2.00657
2.7081
2.85647
2.36873
3.13643
1.991
2.66365
3.56323
2.49364
3.82599
1.50863
2.94496
2.934
2.64497
3.58834
3.00834
3.55032
2.40845
2.89518
2.32212
2.51506
2.65645
2.65813
2.91414
3.58625
2.59104
2.64617
3.18369
2.41649
2.54557
3.72594
2.61419
2.91814
4.47328
3.15813
2.84299
2.61143
2.95958
2.78985
2.17942
3.34824
2.13076
3.55765
3.04384
2.44695
2.66602
3.49037
3.23877
3.30882
2.71994
2.55448
2.20085
2.58207
2.53054
2.56004
3.23243
2.65371
2.0675
3.68852
3.34921
3.92104
2.92338
2.74838
3.52127
2.49522
1.6263
2.594
2.31969
4.05406
2.47816
2.59765
3.61627
3.48167
3.46577
3.43844
2.5216
3.20915
3.35813
2.33788
2.51712
2.65145
2.54771
2.49284
3.4029
2.07279
3.05197
2.80128
3.40405
2.44338
2.72195
2.97953
1.92321
3.23217
3.17926
3.54128
2.84488
3.08885
2.53997
2.97209
2.87296
3.62598
2.64784
3.84439
2.76723
3.17236
3.67754
2.28797
2.43425
3.13559
3.20333
2.74788
2.43142
3.10752
3.0835
3.03117
2.01727
3.34957
3.15179
3.37392
3.04487
2.42123
3.22868
2.96968
2.36601
2.67197
3.60753
2.78518
3.29662
3.76702
1.87624
3.15782
3.12025
3.2019
2.89038
1.95234
3.16402
3.88068
2.55867
3.55957
3.00065
2.77934
2.74822
3.36386
1.70099
3.9302
2.63257
1.64364
2.86833
1.9834
1.81095
3.74864
1.78336
3.15413
2.51574
2.56365
2.35717
2.29825
2.78172
2.15613
2.33538
2.37258
3.03425
3.42075
1.93693
3.0826
2.80701
3.43664
2.73237
2.64583
3.24947
2.92244
2.6914
2.57456
2.9219
2.99041
1.58478
3.38979
2.44354
2.6316
2.15901
3.51867
1.72112
2.14188
1.9286
1.87624
3.33184
2.59419
2.94089
3.01578
3.73913
2.6931
1.78189
2.2072
2.93322
2.68501
3.2188
3.73952
2.66694
2.00191
3.80075
2.82275
2.68135
2.8453
3.10716
3.13375
3.44601
1.5701
2.25963
2.48009
2.83149
2.38271
1.6259
2.80584
2.58845
2.79119
2.80017
2.48893
2.75233
2.88895
3.42399
3.23416
1.9918
2.28004
2.85504
2.33028
2.75057
3.79366
2.86092
3.15825
1.7508
3.08947
2.29426
2.73293
2.22766
3.05756
3.13786
2.58821
2.64527
3.12218
2.64899
2.54867
2.26063
2.01035
3.06636
2.32524
3.00979
2.89769
3.50433
3.05117
2.17759
2.35394
3.27109
1.79349
2.69657
2.87966
2.70587
2.61083
1.44988
2.50666
1.96222
2.42757
3.15405
3.88592
3.40598
3.11346
2.21308
2.75847
3.15011
3.06448
2.95157
2.87057
2.6262
1.62583
1.88356
2.55551
3.18328
3.02645
2.89763
2.80441
2.48928
2.93432
2.8997
1.59269
3.26752
3.23607
1.83884
2.63561
2.69803
3.57037
2.74739
3.59798
2.09015
3.0857
3.01878
2.85276
2.61396
3.00791
2.56566
3.47109
2.28129
3.2005
0.889462
2.62509
2.97552
3.38118
2.20588
3.37426
2.87226
1.85988
2.48248
2.32091
2.82975
3.92346
2.57036
3.10977
2.61793
2.50731
1.98921
1.92671
3.25254
3.37442
2.2737
2.38858
2.81372
2.73445
3.14003
2.7942
2.77518
3.45508
2.95779
3.04104
3.27379
3.77952
1.8901
2.4345
2.34516
2.49027
3.45393
3.89913
3.63051
2.87228
3.56634
3.21516
2.81658
3.40408
2.93472
1.74765
2.63812
2.10878
3.52328
2.92017
2.65315
2.75375
2.11781
3.08999
2.83001
3.00689
2.42432
3.59703
3.10529
2.58638
3.24226
2.94606
3.44736
2.05375
2.21598
3.13123
2.42874
2.17843
3.34872
2.82984
2.4603
3.02846
2.50933
3.59405
3.02339
3.05122
2.10143
3.11759
3.06894
3.94188
2.46375
2.73053
3.80812
3.69155
1.74224
2.42352
2.91146
1.90623
3.45482
1.82437
2.86116
2.43521
3.31162
2.07695
1.85258
2.145
2.26663
2.75822
3.21088
2.23812
2.86948
3.06473
3.02193
1.93363
3.82112
2.16182
3.72439
3.43387
2.3748
3.17525
3.29556
3.0209
2.81689
2.61861
3.32004
2.87003
3.0794
2.49022
2.18154
2.66615
2.47563
2.88292
2.31071
2.83345
3.04136
2.9099
2.54758
2.24798
2.39314
1.8995
3.32352
1.99934
2.69588
3.05565
2.30708
3.3392
3.21415
2.88943
3.81046
2.84739
2.76273
3.11683
2.67138
3.58803
2.23422
2.24907
1.89919
3.31991
3.53563
2.81064
1.93272
2.78992
3.0641
2.92116
2.11657
3.22975
2.34799
3.25586
2.64272
2.84559
3.1794
3.14418
3.77435
3.39356
2.48522
2.84006
2.36497
3.53291
1.7549
2.72878
2.60757
3.43476
2.65625
3.36532
3.1274
2.6338
2.94521
3.07686
2.21706
2.70491
3.90209
3.36725
2.93651
2.153
2.84311
3.28756
3.9267
2.55211
2.23524
2.81482
3.23929
1.84658
2.73188
3.02491
3.13899
2.73891
3.19632
2.94186
1.76587
2.16468
2.38629
2.66896
3.93352
2.02467
1.60053
2.29386
3.10583
3.40347
3.45687
2.72258
3.86024
2.66312
2.26592
2.74093
1.66271
3.13957
2.95625
2.95077
3.37455
3.60659
3.11523
4.02215
3.34091
3.79934
2.60606
2.76454
3.26906
2.73901
3.09582
2.05376
2.7273
2.58288
2.60341
2.45044
2.96924
3.8239
2.34786
2.9655
3.11461
2.26491
3.31195
3.66966
2.96864
2.93492
2.2467
2.52239
2.76695
3.12759
3.79834
4.16081
3.07302
3.19475
2.47081
2.82749
2.01729
2.1097
2.79208
3.03934
1.96569
2.51856
3.07035
3.18539
4.22504
2.84168
2.71954
2.34918
2.73326
3.17427
3.33043
1.81547
1.94005
2.69605
2.12154
3.84264
2.34934
2.92861
2.2515
2.53399
2.24435
1.59529
3.64944
2.95227
2.3894
2.76699
2.61715
2.44859
2.6431
1.82275
3.13172
3.31669
2.43293
2.41323
2.95207
2.90274
3.54207
3.49882
4.38576
3.12382
2.8914
2.87821
2.57457
2.97308
3.94491
4.03847
2.54283
3.42126
3.72514
3.48829
2.54374
3.56341
2.59488
1.80436
2.77312
3.60946
4.22471
2.51381
3.44522
3.34052
2.70618
2.55154
2.4734
4.20885
2.21623
3.34404
3.77523
3.35389
2.64901
1.89306
2.61711
3.03664
3.72935
2.18827
2.1866
2.6177
2.29163
3.33951
4.02695
3.28904
3.35217
3.64125
2.2236
2.71215
2.63442
3.1961
2.75119
3.38726
2.2684
3.06352
3.13487
4.00825
2.95758
3.01238
2.38882
2.49606
1.99032
2.26229
2.48777
3.12953
1.77708
3.10373
2.89251
2.10423
1.91184
3.71411
2.70938
2.098
2.66422
3.37296
4.04053
2.00132
3.26366
3.30101
3.21427
3.49061
2.7344
2.90653
3.49369
2.37004
3.00619
3.33591
2.68503
3.26899
2.97778
2.19421
3.76832
3.38858
1.91505
2.42032
3.59252
2.77929
3.32697
3.94189
3.58066
3.12801
3.23999
2.29906
2.43393
2.88504
2.49298
3.05426
2.30282
3.10944
2.76118
2.74325
1.5915
3.83179
2.91787
3.50378
2.30292
3.39808
2.97487
3.21248
2.78596
3.42874
1.98479
2.75201
1.56331
2.68778
2.32317
1.70982
3.33555
3.4017
2.67367
2.44387
2.79838
3.04394
3.19191
3.94008
2.13107
3.15793
3.15496
2.69587
2.42666
2.62553
2.63481
1.20474
2.86802
3.66654
3.78166
2.70343
3.16231
2.84937
3.27526
2.90127
2.24097
2.35626
2.87703
3.57019
2.04122
3.45266
2.9746
2.89776
3.02564
2.88635
3.5786
2.77382
3.46906
3.07761
2.30012
2.2584
2.95383
2.30499
3.78115
3.52706
2.99371
3.02257
3.62624
2.7675
3.6074
1.98426
2.76827
2.93288
3.34405
2.81701
3.58307
2.4456
2.45838
3.01051
4.674
2.13562
2.98346
3.84423
2.15156
3.57297
2.48817
3.68186
1.91103
3.01576
3.42705
2.76233
3.47524
3.13717
3.34468
2.44415
3.61752
2.30574
2.80062
4.32518
3.2295
2.13797
3.00115
1.8083
3.0713
1.45615
2.97455
2.26186
1.36281
1.87542
4.50666
4.33651
2.71728
2.59206
2.80537
2.71073
2.75436
3.53086
2.86474
3.21878
2.3787
1.88014
2.10221
2.48869
3.29945
2.50383
2.21312
2.38437
3.06237
2.87098
2.7848
2.9029
3.5354
1.64789
2.4718
3.81983
1.77755
2.41493
2.96296
2.13584
2.40211
2.60095
2.77934
3.54424
2.96959
3.02618
2.98795
2.41628
2.66501
1.96855
3.33184
1.90811
2.06872
1.72863
3.02423
2.60162
2.54644
1.87281
2.78673
2.02666
3.02506
3.85836
3.31671
1.90777
3.20664
1.93324
3.33884
2.65195
2.40929
3.61561
2.65304
3.63032
2.73629
1.34425
1.18153
3.11499
3.0944
2.96808
3.38568
1.99926
2.14785
3.03706
2.50057
2.81749
2.48431
3.08661
2.68613
3.80737
3.27436
3.00083
3.52997
2.69376
3.4248
2.55659
4.16883
3.11202
3.57092
2.49896
3.8654
1.81841
2.86172
1.18685
3.83122
2.77656
3.72899
3.59625
2.97473
3.17368
3.69381
2.63499
2.97526
1.91926
3.06497
1.41798
2.42189
2.89262
2.39935
2.01775
3.06741
2.09932
2.4453
2.22608
2.7591
2.56349
3.22893
2.55662
1.77318
2.84172
2.51224
2.56552
3.13036
4.11488
2.39661
3.4632
2.6218
4.15009
2.69423
3.18106
4.14981
2.9633
3.19449
2.64629
3.07269
2.93362
3.49185
3.13088
2.34242
2.37795
3.16719
3.13746
1.96027
2.7194
2.27761
3.43202
2.24238
3.41742
2.41158
3.88611
2.31963
3.30131
3.46974
2.87007
2.9132
3.10704
2.46908
2.18543
3.42664
2.82728
2.72169
3.77222
2.85467
3.64236
3.63663
2.44958
2.75127
3.68065
2.65217
2.68771
3.47177
2.61721
2.20962
2.66091
3.06125
2.95567
2.0711
3.56511
3.21055
1.77966
3.26121
3.2174
2.20661
3.39524
2.48608
2.40235
1.9876
4.38708
2.97901
2.81709
2.56564
2.42002
2.50589
2.32132
2.16113
2.97662
1.69615
2.47397
2.8298
2.92727
3.53494
3.10985
3.03893
1.25669
1.83062
2.71391
3.00039
3.68406
2.40683
2.75811
2.20688
3.35009
2.48446
3.15771
2.22496
3.1281
3.0954
3.29791
2.67322
3.1223
2.15753
2.69665
2.88066
3.62027
3.25859
2.5263
3.09189
2.67677
2.85015
2.51208
3.38518
2.52266
2.90251
2.70595
3.79674
4.50113
2.49033
2.54842
3.9728
3.75335
4.07146
2.49752
2.88056
3.67346
3.38097
2.16641
2.00047
2.11053
2.57646
2.00758
3.34672
2.11739
1.59111
3.52126
2.12888
3.19433
2.9382
3.72442
3.52458
1.28512
3.75149
2.26881
3.25065
3.19206
2.74657
2.36466
2.57682
2.08176
2.90955
2.65875
3.2136
2.98573
2.97926
2.06296
1.74351
3.02654
3.08362
3.02806
2.77278
2.48199
2.66487
2.33666
3.44413
3.30358
3.0977
2.64666
3.20903
3.88646
3.9149
1.7368
2.31086
2.24605
2.97839
1.72712
2.91031
1.68746
3.10127
3.19083
1.91971
2.48636
2.71999
1.88354
2.66473
3.77012
1.61487
3.05618
2.65159
3.09485
2.76398
1.93643
2.10176
2.41091
3.26933
2.62041
3.87003
2.23188
2.65891
1.81146
2.93136
3.06439
2.82148
2.85147
2.31556
2.52436
3.37849
1.71292
3.06053
2.77689
2.69441
2.64824
2.94072
2.09535
2.08405
2.12142
1.81358
2.65858
2.87269
2.16998
3.15503
3.05654
3.93022
2.71637
3.14967
4.09894
2.2955
2.46554
2.2299
3.38551
3.97097
2.47474
1.8911
3.47662
2.83323
2.61457
2.53094
2.79254
2.47704
3.09889
2.85646
1.28412
1.8501
2.55412
1.45059
3.1853
2.99269
2.78551
2.60176
2.62636
2.79948
1.02884
1.87442
3.91019
2.9999
3.7258
3.65146
2.31372
2.50937
3.35383
2.13398
2.74673
2.57545
2.84491
1.89702
1.84402
2.84167
2.20748
3.45155
2.56991
3.42365
2.79224
2.64512
3.04474
3.2826
3.15166
2.17373
3.47901
2.19661
2.84391
2.22349
2.62954
3.08084
3.5298
3.66616
2.00893
3.2157
2.5346
2.55683
3.30625
2.32926
2.82572
1.42215
3.24793
2.39209
2.66205
2.53616
2.91484
2.85191
2.74727
2.30549
2.11789
2.2836
2.39994
2.34984
1.99934
2.88624
2.34116
1.72497
2.48741
2.3368
3.12589
4.17437
2.47484
2.87891
2.75176
3.18241
1.99157
1.86494
1.5261
2.51701
3.43762
2.10306
2.21051
2.6904
3.33575
2.85519
2.35484
3.76126
3.30861
2.89588
2.6031
2.49833
3.74157
2.99902
3.50128
3.75371
3.54849
1.37457
2.82392
2.76025
2.87055
2.84863
3.36037
2.66331
3.46808
2.59522
3.8235
2.5865
3.19936
2.16576
0.881538
1.99162
2.52839
1.95936
2.16148
2.73803
2.35312
2.56123
2.33911
2.95508
3.3673
2.78365
3.20025
2.62303
2.94784
4.20722
1.29154
2.21218
3.62665
2.22242
3.42272
2.8948
3.22764
2.97039
3.3733
4.24803
2.30975
3.50909
2.85606
2.04059
2.95579
3.03627
4.03252
2.75926
3.68986
2.57581
2.53115
3.30444
2.97113
2.67602
3.77972
1.84967
3.60834
2.66543
2.2547
2.6542
2.81028
1.61462
2.42688
3.47361
4.1823
2.80787
1.64659
3.21793
2.63658
2.68574
2.54544
2.23946
2.12675
1.71186
4.20975
2.67251
2.34011
4.39078
3.54532
2.88138
3.0839
3.12645
2.23007
3.04884
3.20642
2.82518
2.54073
2.20887
2.95175
3.48361
2.89954
2.9352
2.83422
2.82488
3.29683
2.44402
1.57053
2.53073
1.17149
2.37093
1.43855
2.57113
2.64273
3.60396
3.09782
4.02929
3.34271
3.11148
2.38348
2.26169
3.07598
2.78715
3.33211
3.71776
2.6365
2.49512
2.40726
3.62769
2.98019
3.92389
3.02069
2.26303
2.44603
2.59296
2.85153
2.60596
2.13506
3.24284
3.22247
3.00854
2.97884
3.16701
2.64116
2.00381
1.99125
4.00557
2.69034
2.99087
2.83947
1.56801
2.92893
2.85549
2.749
2.23435
1.68819
2.60903
3.00069
2.49496
2.59306
3.15958
3.10765
1.74366
2.47502
2.21691
2.08479
3.30752
3.57931
2.96811
2.76722
2.13471
4.02911
2.5368
3.32447
1.95119
2.49101
2.00899
3.24453
3.26927
4.03713
3.26377
3.84482
2.18602
2.06655
2.62783
2.25755
2.35319
3.20604
3.02633
3.55958
2.76754
3.35788
2.73977
2.35745
2.08567
3.57203
3.15277
2.63431
1.82326
2.53659
3.8542
2.44698
2.30709
2.8996
2.2508
2.93853
2.8751
2.90558
2.78192
3.15462
2.43383
2.17283
3.10868
2.16241
2.05997
2.3702
2.86467
2.43817
3.72703
3.76508
3.09116
2.53596
4.00289
2.83652
2.01216
3.11481
2.46474
3.54746
3.12716
2.70043
2.32337
2.72356
2.71282
4.3211
2.62377
2.84465
3.74257
3.27258
3.02339
2.35571
1.849
2.56001
2.57434
3.2365
3.08356
2.8613
3.82063
2.74766
2.11466
2.40107
2.62621
2.16099
2.31466
2.84791
3.93225
2.57314
2.87725
1.89938
2.87132
1.17018
3.45772
2.46676
1.9575
2.50399
3.46961
2.66689
3.43947
3.35303
3.17472
3.16726
2.02742
3.46719
3.16355
2.77916
3.26347
2.4597
2.65114
3.18454
3.63947
3.77325
2.65747
2.13615
2.70435
2.33753
2.85915
2.11029
2.6345
1.51907
2.60627
2.7863
3.74999
3.42327
3.11742
2.83759
2.82978
3.4531
3.72072
1.70464
4.35256
2.92981
3.37992
3.00789
2.45358
2.92629
3.53301
3.74991
2.25491
3.26573
2.89254
3.36158
2.32303
2.70605
2.88152
3.03627
2.58284
2.18548
2.86194
1.81522
3.29501
1.5104
3.13199
2.22878
2.86706
3.1349
2.50364
1.96289
2.12389
2.31353
2.49195
1.54416
1.95538
1.97965
2.73119
3.37773
2.12827
2.66869
1.91605
2.6869
3.26798
1.7092
2.74261
3.13587
3.13422
2.16259
2.99601
3.08537
2.66771
2.26802
2.55701
2.95013
3.79568
3.32669
3.01385
1.81601
3.61568
3.85074
2.07859
3.70375
2.1989
2.73935
3.53599
2.39104
2.63405
2.34247
3.47056
3.0793
2.84117
2.14893
3.23814
2.37161
3.29924
3.56297
2.62194
2.81091
2.24865
3.66135
3.16565
2.97636
3.12004
2.7769
3.42328
3.37767
3.5305
3.39672
3.16585
1.43913
2.58527
2.67572
4.11129
2.86412
4.26473
2.36861
2.24227
1.79667
2.21741
4.96701
2.71681
3.82729
3.69337
2.20064
2.3087
2.60724
3.18125
3.37874
2.52377
2.70526
2.71393
3.344
3.80961
2.31616
3.01368
2.28457
2.61157
1.9152
3.75909
3.26793
3.55573
2.01083
3.10677
2.7337
3.94368
3.03761
2.58453
3.91185
3.41135
2.4816
1.32179
2.81953
1.814
2.13277
2.61602
2.09135
3.61312
2.01085
3.18304
2.23397
2.56836
1.71188
2.86259
3.24562
2.12147
3.93684
2.85677
3.6846
2.95123
1.79936
2.55851
2.78427
1.57049
3.41426
2.76774
1.68533
3.84138
2.8781
2.88151
2.06208
2.56614
2.77365
2.44282
1.99267
3.03768
2.83224
1.9596
1.96554
3.25545
2.96015
2.17369
2.58135
4.4703
2.05636
3.24152
3.65962
1.95955
2.63139
2.93693
3.00582
2.66286
3.35405
1.7842
2.74031
3.11011
1.9964
3.04516
3.09242
2.80473
2.10004
2.87247
2.41936
1.81961
2.22961
2.9269
2.55665
2.27525
2.5775
2.09888
2.07157
3.25756
3.10422
3.24832
2.74155
3.3995
3.0041
2.76797
2.64318
2.99819
2.44449
3.91162
2.75509
3.4848
1.79299
2.82445
2.33939
3.20597
1.88373
1.15059
3.2506
3.40613
2.38184
3.21365
1.95563
2.85861
3.23749
2.5089
3.70456
1.1895
2.31335
3.64572
3.33295
3.28579
3.15038
1.62407
3.29624
2.78403
3.35103
2.55968
3.40352
3.1295
3.71257
3.31845
3.93708
2.08173
2.7609
3.35281
3.55371
3.31685
2.7377
2.53374
2.29492
1.7378
3.06398
2.17593
2.54677
2.73295
2.81159
2.2645
2.33947
1.56464
1.93454
2.37378
2.4547
3.07067
1.7098
3.23928
2.00954
3.19884
2.48763
2.33143
3.92286
3.52604
3.07913
3.75418
3.15571
1.94819
3.61144
3.94381
2.15501
2.33955
3.4856
1.68843
3.08174
2.78744
3.3281
3.09548
4.11358
1.97729
2.14946
2.07678
3.62915
2.96541
2.53906
3.39475
1.79425
2.87155
2.43236
4.17919
2.48369
3.37448
3.24614
2.8083
2.81372
3.06689
2.47374
3.5849
2.96164
2.18137
1.75339
2.29089
2.54436
3.18219
2.52394
2.40213
1.78861
2.03532
2.74483
3.45966
4.11651
1.90643
2.91437
2.22272
2.47617
3.5239
1.95225
2.27307
4.16175
2.52931
2.30836
3.11442
3.2905
2.92505
1.24677
2.56679
2.44799
2.69851
1.4078
2.58649
2.6092
3.3237
3.62517
2.04609
4.05073
2.89081
3.13182
3.79429
2.87975
2.83879
3.74541
2.91741
3.4836
2.25859
3.13196
3.95856
2.34737
3.22711
3.0141
2.90886
2.66494
2.99239
2.91478
3.47544
3.55131
3.82826
2.48856
3.6237
2.29617
3.23127
3.23587
3.68896
3.51364
4.13383
5.024
3.45995
2.77707
3.90645
2.9769
2.56414
3.66636
2.70742
3.15174
3.07738
3.65473
1.58116
2.52128
1.4078
2.23211
3.77428
3.35786
2.98863
2.36125
2.92542
3.16834
3.89831
3.83579
2.40333
3.44166
3.22707
2.66537
2.17846
3.3473
2.79497
2.66953
2.45769
3.05006
2.79114
2.78694
3.39521
2.86471
2.98023
4.44616
3.10804
3.24309
1.78009
3.57762
3.46158
2.90761
3.1521
3.08271
2.23226
1.97989
2.06024
3.28108
3.09173
2.82349
1.73515
3.01452
3.43738
2.51484
2.79304
2.73768
3.41188
2.44176
2.43423
2.96264
1.92201
1.60404
2.95411
2.76396
2.73579
2.46451
2.62774
2.96101
0.847506
2.91708
3.15618
2.5648
3.08667
3.79609
3.41466
3.37486
2.79627
3.43598
3.17764
2.95201
3.47428
2.67325
3.30272
2.39638
2.37422
3.27451
2.56096
4.23725
2.62848
2.24629
2.78052
2.25192
2.65142
2.50527
2.88422
3.38361
1.80019
3.25321
3.4345
2.86589
2.57329
2.25188
2.27293
2.9756
2.18328
2.49639
4.09531
2.79492
3.73873
1.59327
2.84259
3.57112
2.48951
2.41364
2.44158
2.89133
3.00599
2.54462
2.99582
3.71418
2.47365
2.27464
3.22398
3.07747
3.59788
2.50783
3.1263
2.78372
2.49399
1.86154
2.1692
2.10821
2.7013
1.11651
2.51277
2.13892
2.22285
3.45312
1.81981
3.58662
1.94613
2.948
2.51106
3.00111
3.74101
2.1584
2.41601
2.33446
3.95609
3.33572
1.68675
2.58843
3.02363
2.08311
4.19786
2.30045
3.67205
2.85114
3.15038
1.68366
2.65783
3.46481
2.95994
2.51156
2.89076
2.63926
3.28571
2.76366
2.34501
3.999
2.04496
1.7277
3.21817
2.33396
2.70326
2.63368
1.6923
3.32647
2.33205
3.72122
2.74778
3.47411
3.28368
2.39987
3.48659
2.86569
2.69743
2.77863
3.19782
3.67912
3.17239
1.91411
2.10697
3.49494
2.60296
2.80848
1.78736
1.59873
3.02363
2.37611
2.23484
1.55812
3.81721
2.7163
2.80242
2.4485
2.59784
2.41512
2.49139
2.50044
3.07839
2.38424
1.83236
3.40946
3.16552
1.9652
2.15471
2.68483
3.12289
2.78709
2.46945
2.19156
3.10267
1.24297
3.05972
3.79031
2.34929
2.56032
3.37752
3.22065
3.3672
3.85052
2.84108
2.87929
2.66047
2.32665
1.90295
2.97287
3.58254
2.26658
1.86801
1.935
2.64663
2.87806
2.57689
3.106
3.41974
3.23522
3.85415
2.56176
3.99713
3.24164
2.67358
1.64649
3.75122
2.96469
2.3876
2.44967
2.16174
2.50194
2.67947
1.82644
2.86435
2.55118
3.85983
2.75037
2.63704
3.2394
2.68264
2.04793
2.48435
3.25838
3.57114
3.33782
2.36386
2.10587
3.40637
3.22486
2.07465
2.55674
3.40754
4.65213
1.53271
3.1939
2.16784
2.19743
2.92539
2.51594
2.27923
1.45888
2.88497
3.26135
2.40562
2.76052
2.48154
2.66488
3.06069
1.59855
3.69822
3.07281
1.8469
3.17895
3.23502
2.4845
3.85807
3.23714
4.10753
3.38767
3.58346
2.48985
3.8714
2.22789
2.62578
2.39342
2.90963
3.21746
2.93292
4.12845
2.92127
2.90785
3.52432
2.53674
2.79509
3.34842
2.37819
3.3661
3.22311
2.73672
1.738
2.0979
2.84721
2.42805
3.24584
2.31665
3.16395
3.23542
2.1167
2.52299
1.79453
2.90871
2.57211
2.02206
1.8604
3.20456
3.09141
3.03839
2.81777
2.99129
3.05357
2.62284
1.48318
2.67129
3.40102
4.23256
2.58904
2.13983
2.12666
1.97389
3.78955
3.16659
3.27162
2.54323
3.63541
3.04293
3.50156
2.30448
3.05296
2.80668
1.73332
1.55146
2.19578
2.6166
2.24177
3.84304
2.18273
3.3917
1.79223
3.0478
1.97007
3.33039
3.12304
3.08794
1.8992
3.94403
3.45014
1.86186
3.09615
3.78954
2.29339
3.66937
2.64958
4.2589
2.70036
2.19568
2.7828
2.32075
0.635646
2.40312
3.4315
2.92606
3.16678
3.29362
2.04756
2.55163
2.92848
2.84684
2.82253
2.93593
2.17191
2.39232
3.34307
2.6238
2.81042
3.04894
2.50258
3.74075
2.24424
2.12747
2.61815
2.97036
2.96387
2.52274
4.09911
3.05989
3.47287
2.47222
3.12352
3.32786
2.22331
3.04246
3.42762
2.44499
0.715357
3.03605
4.64447
2.92572
2.80733
3.85812
2.53044
2.40676
2.97023
2.78893
2.85396
3.53992
2.20815
2.72107
2.05761
2.70843
2.8988
3.1589
1.89199
3.06992
2.86207
2.59367
2.84491
2.82427
3.73419
1.67604
2.45877
2.62083
4.30427
1.31449
1.38284
2.76564
3.25796
2.56926
3.47935
2.33705
2.97748
2.07289
3.1934
2.73102
3.19529
2.63217
2.32294
3.52306
2.92371
3.47387
3.35145
2.73785
3.20818
3.11038
2.42609
2.85324
2.66218
2.46781
3.42569
3.35956
2.6034
2.94321
3.47242
1.70355
3.61678
3.05516
2.55612
2.06681
2.90912
3.39795
2.95624
2.52607
2.26719
2.26393
1.58766
2.98888
3.3912
2.56531
3.07693
2.56264
2.44484
2.41316
3.23135
2.50694
3.39022
2.08793
1.87372
2.86889
1.91448
3.31628
3.03906
1.60709
2.90371
3.37798
3.53025
3.53682
2.99403
2.41055
2.98208
3.47578
2.72337
2.4247
2.81818
1.96075
2.56848
1.75333
2.48183
2.09617
2.51542
2.43309
3.31361
2.11317
2.52754
3.37356
3.47267
2.98045
2.51861
3.50402
3.17611
3.26102
3.00689
3.03977
2.76441
2.68923
2.24324
2.88004
2.26368
2.13238
3.23372
3.20183
1.8475
1.97525
2.64132
2.2504
3.57974
2.82867
2.93959
2.11642
2.85221
2.63246
2.7702
2.82105
4.09603
3.06072
2.21355
3.62452
1.72684
2.5166
1.85373
2.70575
2.89305
1.7925
3.02537
2.14279
3.72755
2.84238
2.96618
1.16993
2.91901
2.35735
1.78722
2.28619
4.22142
2.92382
2.49593
3.80171
3.26536
2.65339
1.99003
2.1221
2.06992
3.3885
1.78428
3.206
2.35291
2.63517
2.50063
2.72895
2.05454
3.32497
2.91407
2.3325
2.48027
3.80575
3.72295
2.6114
2.145
1.73069
2.92006
2.15008
3.71098
2.7133
2.21367
3.04581
2.55399
2.88746
2.39568
3.97984
2.95688
2.84986
2.97059
3.14687
3.16369
2.96297
2.57764
2.80323
2.42215
2.33342
2.57293
3.0658
3.23756
3.59766
3.43548
2.73851
3.08486
2.82945
2.52515
2.83532
2.73639
3.43004
2.88465
2.35283
2.96198
2.96898
2.44608
2.464
2.07774
2.67148
2.72992
1.82594
2.68082
2.63227
3.58648
2.47319
2.51069
2.47175
3.41323
2.75319
3.04421
2.36936
2.72769
2.3785
1.95772
2.19981
3.19622
2.99925
3.39623
2.05781
1.93283
2.65118
3.07767
3.22482
2.60349
2.72781
2.88832
1.46059
2.90015
3.30115
3.23076
1.76746
2.81964
2.71096
2.31756
2.45323
2.56509
1.80756
3.0118
3.76553
3.64594
3.41742
2.95965
2.06895
1.22122
3.1007
2.63978
4.24205
3.25115
3.57826
2.73195
3.22235
1.97396
4.05319
3.08979
2.51482
2.87748
3.50637
1.78319
3.40844
2.80931
4.03203
2.38721
2.74385
2.97231
3.66069
3.5462
2.80731
3.92882
2.75089
2.3731
2.97077
2.51522
2.42553
1.84538
3.2854
3.0894
3.25865
2.5407
2.91984
2.14599
2.507
3.48699
3.05839
2.68658
2.44751
2.77236
1.81189
2.74585
2.31779
1.31529
2.22004
2.66238
2.56645
3.41885
2.64997
2.15528
1.98191
3.23489
2.37417
2.90267
2.77968
2.63906
2.55365
2.28749
2.23403
2.23438
1.78852
3.02925
3.18657
2.59704
2.81319
3.52029
2.82264
2.58006
2.32963
4.03429
3.5139
2.56716
3.85474
2.06301
1.91356
1.94361
3.13427
2.50096
3.07303
3.30124
2.29697
2.5816
3.41895
3.15606
1.89992
1.43848
2.93614
3.51167
2.97435
3.07486
2.22523
2.76278
2.34381
3.03834
2.34233
3.63765
3.53814
2.84442
3.21033
3.49169
1.77633
2.77949
3.12026
3.91409
3.1594
3.48154
1.94796
2.91589
2.38377
1.55294
2.16124
3.64304
3.11225
2.29301
2.8106
2.53155
2.78743
3.12172
3.46236
3.10884
3.26244
1.78254
2.39659
1.95221
3.34907
3.6553
2.98896
2.73627
2.84733
2.33301
2.82593
3.12448
2.04266
3.29936
3.03212
2.65302
1.57834
2.98996
1.96597
3.02631
2.89504
3.16295
3.13932
1.98268
2.72818
3.63552
2.70031
2.95911
2.94454
3.42793
2.87837
1.7264
2.29563
2.30087
3.50561
2.22864
2.82197
3.64528
3.33882
2.57096
2.6208
2.48077
2.92772
1.66779
2.97064
3.00114
2.63468
3.3378
3.38253
2.77963
1.86842
2.77468
2.72433
3.70776
3.34605
3.01124
1.99217
2.55654
2.40289
2.72192
3.29681
2.53672
3.43683
2.86954
3.62886
3.52802
2.77647
2.53463
3.20652
3.17075
2.97739
3.43618
2.86413
3.39735
1.92897
2.15152
3.51648
2.27758
2.02442
3.81346
2.18368
2.72456
3.56614
3.05543
2.88943
2.4882
2.60791
2.82311
2.52404
2.55623
3.87379
3.10285
3.04062
2.01266
3.09644
3.16483
2.20566
2.5986
3.27736
3.0317
3.08985
3.2554
3.52641
2.92781
3.32268
2.59556
3.71397
2.97664
2.60247
3.2273
3.08044
3.93727
2.84531
2.83102
2.51722
2.61558
4.01144
1.66423
2.55981
3.93869
3.64815
2.83202
2.30207
2.22599
1.13787
3.25051
3.20901
2.82377
2.37388
1.84521
3.23852
2.75063
1.67789
3.09109
3.69165
2.08118
3.61454
3.01185
2.42316
2.60986
2.26042
3.3046
2.8342
2.02548
3.19056
3.25367
2.54437
2.36701
1.59603
2.87055
2.40867
3.57576
2.66304
2.57707
2.34692
2.46679
2.09007
2.40197
2.90633
2.4667
2.71284
2.66516
2.25144
2.17248
2.41112
1.83752
2.94645
3.49804
2.76757
2.45978
2.08097
3.60181
3.45698
4.10714
2.22523
0.952637
2.9118
2.50379
2.80558
2.01305
1.63713
3.24974
1.96848
3.35981
2.42357
3.12434
2.7372
2.86828
2.38671
3.00601
2.58153
2.7659
2.91208
2.59626
3.15774
1.96018
2.8333
3.41147
2.5776
3.47602
3.88429
1.57021
3.3811
3.0586
3.1238
1.70726
3.286
3.12738
3.25388
2.10416
3.07107
2.67988
2.73912
2.96225
2.57164
2.87621
3.3359
2.77285
3.21985
1.99287
3.38701
2.52234
3.50617
2.56589
3.04117
2.57405
3.69831
2.33084
2.76902
2.54418
2.80533
2.91882
2.81886
3.44793
3.59252
3.096
2.73936
1.73463
3.53401
2.93536
2.53355
1.97967
2.05904
3.18322
3.84107
2.55068
3.09966
2.55459
2.96408
3.56668
1.94107
2.2964
2.3389
2.15399
2.65653
3.36389
2.9243
2.75978
3.95446
2.82931
3.60543
2.93928
2.58991
3.20733
2.25517
2.3307
3.33563
2.09096
3.64305
3.10918
3.06232
3.12762
3.28415
3.87838
2.57236
1.68988
3.09656
3.61902
3.02588
1.96777
2.52842
2.76315
3.13501
2.75813
2.33775
2.75751
3.50994
3.52717
3.45123
2.87767
2.77202
1.80408
4.07106
1.60908
1.78078
3.0385
2.76738
3.6338
2.95
1.93261
2.5632
2.74355
1.73378
3.23315
2.74629
3.47475
2.02517
2.66273
2.9524
2.95858
2.8162
3.21713
2.13549
2.10228
3.11509
3.2185
2.45002
1.88069
2.73387
1.76425
3.08343
3.49519
3.53345
3.11862
3.09553
3.6162
2.65366
2.53198
1.71076
4.08747
2.09804
2.85843
2.86935
2.39989
3.03518
3.61352
3.77609
2.51318
2.1341
2.95314
2.46455
2.43986
2.75545
2.94008
2.69521
1.93304
2.69432
2.48162
2.90942
3.56574
3.79935
4.22281
2.79899
1.87646
2.50147
2.79946
2.72989
2.9185
3.04384
2.73053
2.48576
2.52334
2.76737
3.1975
3.64356
2.71357
3.26358
2.54086
3.39298
2.82633
2.57275
2.76036
2.89346
2.14839
3.43913
3.38578
2.3425
3.15125
2.18692
2.49771
1.89881
2.72927
3.18148
3.19004
1.60448
3.1153
3.54863
2.6161
2.39523
3.11825
3.10232
3.15457
2.44853
3.42163
2.88084
2.57262
3.32273
2.9756
2.97048
4.16479
2.46529
3.26314
2.89613
2.88801
2.49363
2.91555
3.41086
2.50039
2.39442
2.93195
1.85589
2.22756
1.63926
2.50076
3.49681
2.95761
2.88037
2.4184
2.05278
2.19352
4.97048
3.23272
4.05323
3.74869
3.75928
3.29396
1.96685
2.36345
3.02292
3.43504
3.4133
2.96591
2.4672
2.20126
2.15446
3.15611
4.36689
2.2064
3.32754
3.16039
2.76354
3.10026
2.65532
2.02428
2.64736
1.93458
2.17128
3.06449
2.6196
3.30342
3.70802
3.31044
2.11484
4.14481
1.50853
3.26724
2.50964
2.07628
2.71369
2.1041
3.76067
2.64268
3.58367
2.38047
2.40607
3.09955
2.60706
2.64855
3.49869
4.10968
2.83406
1.67599
3.79474
2.99438
2.12944
3.67918
2.40754
3.42333
3.51262
3.37253
3.80429
3.25683
2.94499
2.20724
2.02991
2.86208
2.27937
2.59658
3.11539
3.27558
3.23595
3.58063
2.99908
3.60324
2.97604
3.19209
2.49188
3.63307
1.68391
2.40685
2.93983
3.3323
3.04267
3.13793
2.73319
2.92381
2.64771
2.22527
2.85438
2.58752
2.45516
3.04376
2.72438
3.20363
2.46713
2.48101
2.7104
2.69967
2.62779
2.06328
2.85163
2.92592
2.49804
2.61607
1.9761
2.64
2.66042
2.68679
2.65482
4.32699
3.25513
3.22306
3.62351
2.78831
4.14006
3.01407
2.15002
2.36761
2.88698
3.75392
2.65179
2.63465
4.10665
3.02923
1.72308
3.93004
2.15734
2.33674
2.94913
2.36636
3.05768
3.16368
1.91444
2.7767
3.07826
2.46649
3.39479
3.19138
3.04732
3.21859
3.16155
2.25988
3.7718
3.53337
3.64789
2.47333
2.20579
3.62479
3.10217
3.44552
2.85647
2.14055
3.36277
2.0167
3.46603
3.43137
2.86894
1.2478
2.21289
3.18512
3.07577
2.92808
2.75557
3.48881
1.90951
3.00518
1.91642
4.07138
3.43689
3.33697
3.61155
2.98934
2.00431
3.27285
2.20007
1.97876
2.5146
3.88699
3.01913
3.58236
2.37748
4.01532
3.44609
1.83781
4.57427
3.81981
2.6149
2.5984
3.59927
3.03217
2.60142
2.11424
3.16653
3.30019
3.44053
1.49008
3.27492
2.28813
2.63146
2.79464
2.78863
2.80227
2.42339
3.06111
2.78144
2.7201
2.69091
2.35874
3.79411
2.48712
3.94243
2.73802
4.26598
2.74293
3.76619
2.81675
2.21389
2.75463
3.30781
3.68428
3.52346
2.72344
2.43503
3.18134
1.59321
3.47958
2.24132
3.09236
2.92323
2.60692
2.86363
3.04152
2.5368
3.27492
3.33799
2.96108
1.92758
2.19128
2.9646
4.36437
3.87289
2.6093
1.7285
2.41745
3.78799
2.46272
2.59766
1.95471
1.82143
2.11118
1.9615
2.33437
2.67327
2.88532
3.10033
2.66603
1.63095
2.43607
3.2811
3.33372
2.01134
2.881
3.79751
2.80852
3.28633
2.32827
2.52554
3.28973
2.62086
2.15313
2.95904
1.85706
2.9537
1.95119
3.31749
3.46724
2.65283
1.99353
2.62787
2.8783
2.90434
3.47483
3.94313
2.73925
2.94792
3.88589
2.30364
1.9863
2.55714
2.11754
2.90172
2.63333
2.76187
1.96442
2.75044
3.2314
3.19703
2.06841
2.61135
2.17366
2.27749
3.05739
3.92786
2.07899
3.19863
2.29482
2.92644
3.34635
1.6255
3.03436
3.33489
3.12225
2.6014
2.72567
3.52453
2.57973
2.29066
2.81676
3.02125
2.37355
3.31425
3.18774
2.49883
3.46564
